0,1
0,4
1,0
1,2
1,3
2,1
3,1
4,0
5,6
6,5
6,7
7,6
8,9
9,8
9,10
10,9
11,12
11,13
12,11
12,14
13,11
14,12
15,16
15,19
16,15
16,17
16,18
17,16
18,16
19,15
20,21
21,20
21,22
22,21
22,23
23,22
24,25
24,27
25,24
25,26
25,28
26,25
27,24
28,25
29,30
30,29
30,31
31,30
32,33
33,32
34,35
34,37
34,38
34,39
34,40
34,41
34,42
34,43
34,44
34,45
34,46
34,47
34,48
34,49
34,50
34,51
34,52
34,53
34,54
35,34
35,36
36,35
37,34
38,34
39,34
40,34
41,34
42,34
43,34
44,34
45,34
46,34
47,34
48,34
49,34
50,34
51,34
52,34
53,34
54,34
55,56
56,55
56,57
57,56
58,59
58,61
58,62
58,63
58,64
58,65
58,66
58,67
58,68
58,69
58,70
58,71
58,72
58,73
58,74
58,75
58,76
58,77
58,78
58,79
58,80
58,81
59,58
59,60
60,59
61,58
62,58
63,58
64,58
65,58
66,58
67,58
68,58
69,58
70,58
71,58
72,58
73,58
74,58
75,58
76,58
77,58
78,58
79,58
80,58
81,58
82,83
83,82
83,84
83,85
84,83
85,83
86,87
86,89
86,90
86,91
86,92
86,93
86,94
86,95
86,96
86,97
86,99
86,100
86,101
86,102
86,103
86,105
86,106
86,107
86,108
86,109
86,110
86,111
86,112
87,86
87,88
87,104
88,87
88,98
89,86
90,86
91,86
92,86
93,86
94,86
95,86
96,86
97,86
98,88
99,86
100,86
101,86
102,86
103,86
104,87
105,86
106,86
107,86
108,86
109,86
110,86
111,86
112,86
113,114
113,115
113,116
113,117
113,118
113,119
113,120
113,121
113,122
113,123
113,124
113,125
113,126
113,127
113,128
113,129
113,131
113,132
113,133
113,134
113,135
113,136
114,113
114,130
115,113
116,113
117,113
118,113
119,113
120,113
121,113
122,113
123,113
124,113
125,113
126,113
127,113
128,113
129,113
130,114
131,113
132,113
133,113
134,113
135,113
136,113
137,138
138,137
138,139
138,140
139,138
140,138
141,142
142,141
142,143
143,142
144,145
144,147
144,148
144,149
144,150
144,151
144,152
144,153
144,154
144,155
144,156
144,157
144,158
144,159
144,160
144,161
144,162
144,163
144,164
145,144
145,146
146,145
147,144
148,144
149,144
150,144
151,144
152,144
153,144
154,144
155,144
156,144
157,144
158,144
159,144
160,144
161,144
162,144
163,144
164,144
165,166
166,165
167,168
167,170
168,167
168,169
169,168
170,167
171,172
172,171
172,173
173,172
174,175
175,174
176,177
176,178
176,179
176,180
176,181
176,182
176,183
176,184
176,185
176,186
176,187
176,188
176,189
176,190
176,191
176,193
176,194
177,176
177,192
178,176
179,176
180,176
181,176
182,176
183,176
184,176
185,176
186,176
187,176
188,176
189,176
190,176
191,176
192,177
193,176
194,176
195,196
195,197
196,195
197,195
198,199
199,198
199,200
199,201
200,199
201,199
202,203
202,205
203,202
203,204
204,203
204,206
205,202
206,204
207,208
207,210
207,211
207,212
207,213
207,214
207,215
207,216
207,217
207,218
207,219
207,220
207,221
207,222
207,223
207,224
207,225
207,226
207,227
207,229
207,230
207,231
207,232
208,207
208,209
208,228
209,208
210,207
211,207
212,207
213,207
214,207
215,207
216,207
217,207
218,207
219,207
220,207
221,207
222,207
223,207
224,207
225,207
226,207
227,207
228,208
229,207
230,207
231,207
232,207
233,234
234,233
234,235
235,234
235,236
236,235
237,238
238,237
238,239
239,238
240,241
240,244
240,245
240,246
240,247
240,248
240,249
240,250
240,251
240,252
240,253
240,254
240,255
240,256
240,257
240,258
240,259
240,260
240,261
240,263
240,264
241,240
241,242
241,243
242,241
243,241
243,262
244,240
245,240
246,240
247,240
248,240
249,240
250,240
251,240
252,240
253,240
254,240
255,240
256,240
257,240
258,240
259,240
260,240
261,240
262,243
263,240
264,240
265,266
265,268
265,269
265,270
265,271
265,272
265,273
265,274
265,275
265,276
265,277
265,278
265,280
265,281
265,282
265,284
265,285
265,286
265,287
265,288
265,289
266,265
266,267
266,283
267,266
267,279
268,265
269,265
270,265
271,265
272,265
273,265
274,265
275,265
276,265
277,265
278,265
279,267
280,265
281,265
282,265
283,266
284,265
285,265
286,265
287,265
288,265
289,265
290,291
290,292
290,293
290,294
290,295
290,296
290,297
290,298
290,299
290,300
290,301
290,302
290,304
290,305
290,306
290,307
290,308
290,309
290,310
290,311
290,312
290,313
291,290
291,303
292,290
293,290
294,290
295,290
296,290
297,290
298,290
299,290
300,290
301,290
302,290
303,291
304,290
305,290
306,290
307,290
308,290
309,290
310,290
311,290
312,290
313,290
314,315
314,316
314,317
314,318
314,319
314,320
314,321
314,322
314,323
314,324
314,325
314,326
314,327
314,328
314,329
314,330
314,332
314,333
314,334
314,335
314,336
314,337
314,338
314,339
314,340
314,341
314,342
314,343
314,344
314,345
314,346
315,314
315,331
316,314
317,314
318,314
319,314
320,314
321,314
322,314
323,314
324,314
325,314
326,314
327,314
328,314
329,314
330,314
331,315
332,314
333,314
334,314
335,314
336,314
337,314
338,314
339,314
340,314
341,314
342,314
343,314
344,314
345,314
346,314
347,348
347,351
348,347
348,349
348,350
349,348
350,348
351,347
352,353
353,352
353,354
354,353
355,356
356,355
356,357
357,356
358,359
359,358
359,360
360,359
360,361
361,360
362,363
362,365
363,362
363,364
364,363
365,362
366,367
367,366
367,368
367,369
368,367
369,367
370,371
371,370
371,372
372,371
373,374
374,373
374,375
375,374
376,377
376,378
376,379
376,380
376,381
376,382
376,383
376,384
376,385
376,386
376,387
376,388
376,389
376,390
376,392
376,393
376,394
376,396
376,397
376,398
376,399
376,400
376,401
376,402
377,376
377,391
377,395
378,376
379,376
380,376
381,376
382,376
383,376
384,376
385,376
386,376
387,376
388,376
389,376
390,376
391,377
392,376
393,376
394,376
395,377
396,376
397,376
398,376
399,376
400,376
401,376
402,376
403,404
403,406
404,403
404,405
405,404
406,403
407,408
408,407
408,409
409,408
410,411
410,413
410,414
410,415
410,416
410,417
410,418
410,419
410,420
410,422
410,423
410,424
410,425
410,426
410,427
410,428
410,429
410,430
411,410
411,412
411,421
412,411
413,410
414,410
415,410
416,410
417,410
418,410
419,410
420,410
421,411
422,410
423,410
424,410
425,410
426,410
427,410
428,410
429,410
430,410
431,432
431,435
431,436
431,437
431,438
431,439
431,440
431,441
431,442
431,443
431,444
431,445
431,446
431,447
431,448
431,449
431,451
431,452
431,453
431,454
431,455
431,456
431,457
431,458
431,459
431,460
432,431
432,433
432,434
433,432
433,450
434,432
435,431
436,431
437,431
438,431
439,431
440,431
441,431
442,431
443,431
444,431
445,431
446,431
447,431
448,431
449,431
450,433
451,431
452,431
453,431
454,431
455,431
456,431
457,431
458,431
459,431
460,431
461,462
462,461
463,464
464,463
464,465
465,464
466,467
466,469
466,470
466,471
466,472
466,473
466,474
466,475
466,476
466,477
466,478
466,479
466,480
466,481
466,483
466,484
466,485
466,486
466,487
466,488
466,489
466,490
466,492
466,493
467,466
467,468
467,482
468,467
468,491
469,466
470,466
471,466
472,466
473,466
474,466
475,466
476,466
477,466
478,466
479,466
480,466
481,466
482,467
483,466
484,466
485,466
486,466
487,466
488,466
489,466
490,466
491,468
492,466
493,466
494,495
494,497
495,494
495,496
495,498
496,495
497,494
498,495
499,500
499,502
499,503
499,504
499,505
499,506
499,507
499,508
499,509
499,510
499,511
499,512
499,513
499,514
499,515
499,516
499,517
499,518
499,519
499,520
499,521
499,522
499,523
499,524
499,525
499,526
499,527
499,528
499,529
500,499
500,501
500,530
501,500
502,499
503,499
504,499
505,499
506,499
507,499
508,499
509,499
510,499
511,499
512,499
513,499
514,499
515,499
516,499
517,499
518,499
519,499
520,499
521,499
522,499
523,499
524,499
525,499
526,499
527,499
528,499
529,499
530,500
531,532
532,531
532,533
532,534
533,532
534,532
535,536
535,538
535,539
535,540
535,541
535,542
535,543
535,544
535,545
535,546
535,547
535,548
535,549
535,550
535,551
535,552
535,553
535,554
535,555
535,556
535,557
535,558
536,535
536,537
537,536
538,535
539,535
540,535
541,535
542,535
543,535
544,535
545,535
546,535
547,535
548,535
549,535
550,535
551,535
552,535
553,535
554,535
555,535
556,535
557,535
558,535
559,560
559,562
559,563
559,564
559,565
559,566
559,567
559,568
559,569
559,570
559,571
559,572
559,574
559,575
559,576
559,577
559,578
559,579
559,580
559,581
559,582
559,583
559,584
559,585
560,559
560,561
560,573
561,560
562,559
563,559
564,559
565,559
566,559
567,559
568,559
569,559
570,559
571,559
572,559
573,560
574,559
575,559
576,559
577,559
578,559
579,559
580,559
581,559
582,559
583,559
584,559
585,559
586,587
586,588
586,589
586,590
586,591
586,592
586,593
586,594
586,595
586,596
586,597
586,598
586,599
586,601
586,602
586,603
586,604
586,605
586,606
586,607
586,608
586,609
586,610
587,586
587,600
588,586
589,586
590,586
591,586
592,586
593,586
594,586
595,586
596,586
597,586
598,586
599,586
600,587
601,586
602,586
603,586
604,586
605,586
606,586
607,586
608,586
609,586
610,586
611,612
612,611
612,613
612,614
613,612
614,612
615,616
615,618
615,619
615,620
615,621
615,622
615,623
615,624
615,625
615,626
615,627
615,628
615,629
615,630
615,631
615,632
615,633
615,634
615,635
615,636
615,637
615,638
615,639
615,640
615,641
616,615
616,617
617,616
618,615
619,615
620,615
621,615
622,615
623,615
624,615
625,615
626,615
627,615
628,615
629,615
630,615
631,615
632,615
633,615
634,615
635,615
636,615
637,615
638,615
639,615
640,615
641,615
642,643
642,646
642,647
642,648
642,649
642,650
642,651
642,652
642,653
642,654
642,655
642,656
642,657
642,658
642,659
642,660
642,661
642,662
642,663
642,664
642,665
642,666
642,667
642,668
642,669
642,670
642,671
643,642
643,644
643,645
644,643
645,643
646,642
647,642
648,642
649,642
650,642
651,642
652,642
653,642
654,642
655,642
656,642
657,642
658,642
659,642
660,642
661,642
662,642
663,642
664,642
665,642
666,642
667,642
668,642
669,642
670,642
671,642
672,673
673,672
673,674
674,673
675,676
675,678
675,679
675,680
675,681
675,682
675,683
675,684
675,685
675,686
675,687
675,688
675,689
675,690
675,691
675,692
675,693
675,694
675,695
675,696
675,697
675,698
675,699
676,675
676,677
677,676
678,675
679,675
680,675
681,675
682,675
683,675
684,675
685,675
686,675
687,675
688,675
689,675
690,675
691,675
692,675
693,675
694,675
695,675
696,675
697,675
698,675
699,675
700,701
701,700
701,702
702,701
703,704
703,707
703,708
703,709
703,710
703,711
703,712
703,713
703,714
703,715
703,716
703,717
703,719
703,720
703,721
703,722
703,723
703,724
703,725
703,726
703,727
703,728
703,729
704,703
704,705
704,706
705,704
705,718
706,704
707,703
708,703
709,703
710,703
711,703
712,703
713,703
714,703
715,703
716,703
717,703
718,705
719,703
720,703
721,703
722,703
723,703
724,703
725,703
726,703
727,703
728,703
729,703
730,731
731,730
731,732
732,731
733,734
734,733
735,736
735,738
735,739
735,740
735,741
735,742
735,743
735,744
735,745
735,746
735,747
735,748
735,749
735,750
735,751
735,752
735,753
735,754
735,755
735,756
735,757
735,758
735,759
735,760
735,761
735,762
735,763
735,764
735,765
736,735
736,737
737,736
738,735
739,735
740,735
741,735
742,735
743,735
744,735
745,735
746,735
747,735
748,735
749,735
750,735
751,735
752,735
753,735
754,735
755,735
756,735
757,735
758,735
759,735
760,735
761,735
762,735
763,735
764,735
765,735
766,767
766,770
767,766
767,768
767,769
768,767
769,767
770,766
771,772
771,775
771,776
771,777
771,778
771,779
771,780
771,781
771,782
771,783
771,784
771,786
771,787
771,788
771,789
771,790
771,791
771,792
772,771
772,773
772,774
773,772
773,785
774,772
775,771
776,771
777,771
778,771
779,771
780,771
781,771
782,771
783,771
784,771
785,773
786,771
787,771
788,771
789,771
790,771
791,771
792,771
793,794
793,797
793,798
793,799
793,800
793,801
793,802
793,803
793,804
793,805
793,806
793,807
793,808
793,809
793,810
793,811
793,812
793,813
793,814
793,815
793,816
793,817
793,818
793,819
793,820
793,821
793,822
793,823
793,824
793,825
794,793
794,795
794,796
795,794
796,794
797,793
798,793
799,793
800,793
801,793
802,793
803,793
804,793
805,793
806,793
807,793
808,793
809,793
810,793
811,793
812,793
813,793
814,793
815,793
816,793
817,793
818,793
819,793
820,793
821,793
822,793
823,793
824,793
825,793
826,827
826,829
826,830
826,831
826,832
826,833
826,834
826,835
826,836
826,837
826,838
826,839
826,841
826,842
826,843
826,844
826,845
826,846
826,847
826,848
826,849
827,826
827,828
827,850
828,827
828,840
829,826
830,826
831,826
832,826
833,826
834,826
835,826
836,826
837,826
838,826
839,826
840,828
841,826
842,826
843,826
844,826
845,826
846,826
847,826
848,826
849,826
850,827
851,852
851,855
851,856
851,857
851,858
851,859
851,860
851,861
851,862
851,863
851,864
851,865
851,866
851,867
851,868
851,869
851,870
851,871
851,872
851,873
851,874
851,875
851,876
851,877
851,878
851,879
852,851
852,853
852,854
853,852
854,852
855,851
856,851
857,851
858,851
859,851
860,851
861,851
862,851
863,851
864,851
865,851
866,851
867,851
868,851
869,851
870,851
871,851
872,851
873,851
874,851
875,851
876,851
877,851
878,851
879,851
880,881
881,880
881,882
881,883
882,881
883,881
884,885
885,884
886,887
886,890
886,891
886,892
886,893
886,894
886,895
886,896
886,897
886,898
886,899
886,900
886,901
886,903
886,904
886,905
886,906
886,907
886,908
886,909
887,886
887,888
887,889
888,887
888,902
889,887
890,886
891,886
892,886
893,886
894,886
895,886
896,886
897,886
898,886
899,886
900,886
901,886
902,888
903,886
904,886
905,886
906,886
907,886
908,886
909,886
910,911
911,910
911,912
912,911
913,914
914,913
915,916
916,915
916,917
916,918
917,916
918,916
919,920
919,921
919,922
919,923
919,924
919,925
919,926
919,927
919,928
919,929
919,930
919,931
919,933
919,934
919,935
919,936
919,937
919,938
919,939
919,940
919,941
919,942
919,943
920,919
920,932
921,919
922,919
923,919
924,919
925,919
926,919
927,919
928,919
929,919
930,919
931,919
932,920
933,919
934,919
935,919
936,919
937,919
938,919
939,919
940,919
941,919
942,919
943,919
944,945
944,947
944,948
944,949
944,950
944,951
944,952
944,953
944,954
944,955
944,956
944,957
944,959
944,960
944,961
944,962
944,963
944,964
944,965
944,966
944,967
944,968
944,969
944,970
945,944
945,946
946,945
946,958
947,944
948,944
949,944
950,944
951,944
952,944
953,944
954,944
955,944
956,944
957,944
958,946
959,944
960,944
961,944
962,944
963,944
964,944
965,944
966,944
967,944
968,944
969,944
970,944
971,972
971,974
972,971
972,973
972,975
973,972
974,971
975,972
976,977
976,979
976,980
976,981
976,982
976,983
976,984
976,985
976,986
976,987
976,988
976,989
976,990
976,991
976,992
976,993
976,994
976,995
976,996
976,997
976,998
976,999
976,1000
976,1001
976,1002
976,1003
976,1004
977,976
977,978
978,977
979,976
980,976
981,976
982,976
983,976
984,976
985,976
986,976
987,976
988,976
989,976
990,976
991,976
992,976
993,976
994,976
995,976
996,976
997,976
998,976
999,976
1000,976
1001,976
1002,976
1003,976
1004,976
1005,1006
1006,1005
1007,1008
1007,1010
1008,1007
1008,1009
1009,1008
1010,1007
1011,1012
1011,1014
1011,1015
1011,1016
1011,1017
1011,1018
1011,1019
1011,1020
1011,1021
1011,1022
1011,1023
1011,1024
1011,1025
1011,1026
1011,1028
1011,1029
1011,1030
1011,1031
1011,1032
1011,1033
1011,1034
1011,1035
1011,1036
1011,1037
1011,1038
1012,1011
1012,1013
1012,1027
1013,1012
1014,1011
1015,1011
1016,1011
1017,1011
1018,1011
1019,1011
1020,1011
1021,1011
1022,1011
1023,1011
1024,1011
1025,1011
1026,1011
1027,1012
1028,1011
1029,1011
1030,1011
1031,1011
1032,1011
1033,1011
1034,1011
1035,1011
1036,1011
1037,1011
1038,1011
1039,1040
1039,1041
1040,1039
1041,1039
1042,1043
1043,1042
1044,1045
1044,1046
1044,1047
1044,1048
1044,1049
1044,1050
1044,1051
1044,1052
1044,1054
1044,1055
1044,1056
1044,1057
1044,1058
1044,1059
1044,1060
1044,1061
1044,1062
1044,1063
1045,1044
1045,1053
1045,1064
1046,1044
1047,1044
1048,1044
1049,1044
1050,1044
1051,1044
1052,1044
1053,1045
1054,1044
1055,1044
1056,1044
1057,1044
1058,1044
1059,1044
1060,1044
1061,1044
1062,1044
1063,1044
1064,1045
1065,1066
1065,1068
1065,1069
1065,1070
1065,1071
1065,1072
1065,1073
1065,1074
1065,1075
1065,1076
1065,1078
1065,1079
1065,1080
1065,1081
1065,1082
1065,1083
1065,1084
1065,1085
1065,1086
1065,1087
1066,1065
1066,1067
1067,1066
1067,1077
1068,1065
1069,1065
1070,1065
1071,1065
1072,1065
1073,1065
1074,1065
1075,1065
1076,1065
1077,1067
1078,1065
1079,1065
1080,1065
1081,1065
1082,1065
1083,1065
1084,1065
1085,1065
1086,1065
1087,1065
1088,1089
1089,1088
1090,1091
1090,1093
1090,1094
1090,1095
1090,1096
1090,1097
1090,1098
1090,1099
1090,1100
1090,1101
1090,1102
1090,1103
1090,1104
1090,1105
1090,1107
1090,1108
1090,1109
1090,1110
1090,1111
1090,1112
1090,1113
1090,1114
1091,1090
1091,1092
1091,1115
1092,1091
1092,1106
1093,1090
1094,1090
1095,1090
1096,1090
1097,1090
1098,1090
1099,1090
1100,1090
1101,1090
1102,1090
1103,1090
1104,1090
1105,1090
1106,1092
1107,1090
1108,1090
1109,1090
1110,1090
1111,1090
1112,1090
1113,1090
1114,1090
1115,1091
1116,1117
1117,1116
1117,1118
1118,1117
1119,1120
1120,1119
1120,1121
1120,1122
1121,1120
1122,1120
1123,1124
1123,1127
1124,1123
1124,1125
1124,1126
1125,1124
1126,1124
1127,1123
1128,1129
1128,1130
1128,1131
1128,1132
1128,1133
1128,1134
1128,1135
1128,1136
1128,1137
1128,1138
1128,1139
1128,1140
1128,1141
1128,1142
1128,1143
1128,1144
1128,1145
1128,1146
1128,1147
1128,1148
1128,1149
1129,1128
1129,1150
1130,1128
1131,1128
1132,1128
1133,1128
1134,1128
1135,1128
1136,1128
1137,1128
1138,1128
1139,1128
1140,1128
1141,1128
1142,1128
1143,1128
1144,1128
1145,1128
1146,1128
1147,1128
1148,1128
1149,1128
1150,1129
1151,1152
1152,1151
1152,1153
1152,1154
1153,1152
1154,1152
1155,1156
1155,1157
1155,1158
1155,1159
1155,1160
1155,1161
1155,1162
1155,1163
1155,1164
1155,1165
1155,1166
1155,1167
1155,1168
1155,1169
1155,1170
1155,1171
1155,1172
1155,1174
1155,1175
1155,1176
1155,1177
1155,1178
1155,1179
1155,1180
1155,1181
1155,1182
1155,1183
1155,1184
1155,1185
1155,1186
1155,1187
1155,1188
1155,1189
1156,1155
1156,1173
1157,1155
1158,1155
1159,1155
1160,1155
1161,1155
1162,1155
1163,1155
1164,1155
1165,1155
1166,1155
1167,1155
1168,1155
1169,1155
1170,1155
1171,1155
1172,1155
1173,1156
1174,1155
1175,1155
1176,1155
1177,1155
1178,1155
1179,1155
1180,1155
1181,1155
1182,1155
1183,1155
1184,1155
1185,1155
1186,1155
1187,1155
1188,1155
1189,1155
1190,1191
1191,1190
1191,1192
1192,1191
1193,1194
1194,1193
1194,1195
1195,1194
1196,1197
1196,1199
1196,1200
1196,1201
1196,1202
1196,1203
1196,1204
1196,1205
1196,1206
1196,1208
1196,1209
1196,1210
1196,1211
1196,1212
1196,1213
1196,1214
1196,1215
1196,1216
1196,1217
1196,1218
1196,1219
1196,1220
1196,1221
1196,1222
1197,1196
1197,1198
1197,1207
1198,1197
1199,1196
1200,1196
1201,1196
1202,1196
1203,1196
1204,1196
1205,1196
1206,1196
1207,1197
1208,1196
1209,1196
1210,1196
1211,1196
1212,1196
1213,1196
1214,1196
1215,1196
1216,1196
1217,1196
1218,1196
1219,1196
1220,1196
1221,1196
1222,1196
1223,1224
1223,1226
1223,1227
1223,1228
1223,1229
1223,1230
1223,1231
1223,1232
1223,1233
1223,1234
1223,1235
1223,1236
1223,1237
1223,1238
1223,1239
1223,1240
1223,1241
1223,1242
1223,1243
1223,1244
1223,1245
1223,1246
1223,1247
1224,1223
1224,1225
1225,1224
1226,1223
1227,1223
1228,1223
1229,1223
1230,1223
1231,1223
1232,1223
1233,1223
1234,1223
1235,1223
1236,1223
1237,1223
1238,1223
1239,1223
1240,1223
1241,1223
1242,1223
1243,1223
1244,1223
1245,1223
1246,1223
1247,1223
1248,1249
1248,1250
1249,1248
1250,1248
1251,1252
1251,1254
1251,1255
1252,1251
1252,1253
1253,1252
1254,1251
1255,1251
1256,1257
1257,1256
1257,1258
1258,1257
1259,1260
1259,1261
1259,1263
1260,1259
1260,1262
1261,1259
1262,1260
1263,1259
1264,1265
1264,1267
1265,1264
1265,1266
1266,1265
1267,1264
1268,1269
1269,1268
1269,1270
1270,1269
1271,1272
1272,1271
1273,1274
1274,1273
1275,1276
1275,1277
1276,1275
1277,1275
1278,1279
1278,1281
1278,1283
1279,1278
1279,1280
1280,1279
1280,1282
1281,1278
1282,1280
1283,1278
1284,1285
1284,1287
1285,1284
1285,1286
1286,1285
1287,1284
1288,1289
1288,1290
1289,1288
1290,1288
1291,1292
1291,1293
1291,1295
1292,1291
1292,1294
1293,1291
1294,1292
1295,1291
1296,1297
1297,1296
1298,1299
1299,1298
1299,1300
1300,1299
1301,1302
1301,1303
1302,1301
1303,1301
1304,1305
1305,1304
1305,1306
1306,1305
1307,1308
1308,1307
1309,1310
1310,1309
1311,1312
1311,1313
1312,1311
1312,1314
1313,1311
1314,1312
1315,1316
1315,1318
1316,1315
1316,1317
1317,1316
1318,1315
1319,1320
1319,1321
1320,1319
1321,1319
1322,1323
1323,1322
1324,1325
1325,1324
1326,1327
1326,1329
1327,1326
1327,1328
1328,1327
1328,1330
1329,1326
1330,1328
1331,1332
1332,1331
1332,1333
1333,1332
1334,1335
1335,1334
1335,1336
1336,1335
1337,1338
1337,1340
1338,1337
1338,1339
1339,1338
1340,1337
1341,1342
1342,1341
1342,1343
1343,1342
1344,1345
1344,1347
1345,1344
1345,1346
1346,1345
1347,1344
1348,1349
1349,1348
1350,1351
1350,1352
1351,1350
1351,1353
1352,1350
1353,1351
1354,1355
1354,1357
1354,1359
1355,1354
1355,1356
1356,1355
1356,1358
1357,1354
1358,1356
1359,1354
1360,1361
1360,1362
1360,1364
1361,1360
1361,1363
1362,1360
1363,1361
1364,1360
1365,1366
1365,1367
1366,1365
1366,1368
1367,1365
1368,1366
1369,1370
1370,1369
1370,1371
1371,1370
1371,1372
1372,1371
1373,1374
1373,1376
1374,1373
1374,1375
1375,1374
1376,1373
1377,1378
1378,1377
1379,1380
1379,1381
1379,1383
1380,1379
1380,1382
1381,1379
1382,1380
1383,1379
1384,1385
1385,1384
1385,1386
1386,1385
1387,1388
1388,1387
1389,1390
1389,1392
1390,1389
1390,1391
1391,1390
1391,1393
1392,1389
1393,1391
1394,1395
1394,1396
1395,1394
1396,1394
1397,1398
1397,1400
1398,1397
1398,1399
1399,1398
1400,1397
1401,1402
1402,1401
1402,1403
1403,1402
1403,1404
1404,1403
1405,1406
1406,1405
1407,1408
1408,1407
1408,1409
1409,1408
1409,1410
1410,1409
1411,1412
1412,1411
1413,1414
1414,1413
1415,1416
1416,1415
1417,1418
1418,1417
1418,1419
1419,1418
1420,1421
1420,1423
1420,1424
1420,1425
1420,1426
1420,1427
1420,1428
1420,1429
1420,1430
1420,1431
1420,1432
1420,1433
1420,1434
1420,1435
1420,1436
1420,1437
1421,1420
1421,1422
1422,1421
1423,1420
1424,1420
1425,1420
1426,1420
1427,1420
1428,1420
1429,1420
1430,1420
1431,1420
1432,1420
1433,1420
1434,1420
1435,1420
1436,1420
1437,1420
1438,1439
1439,1438
1440,1441
1441,1440
1441,1442
1442,1441
1443,1444
1443,1446
1443,1447
1443,1448
1443,1449
1443,1450
1443,1451
1443,1452
1443,1453
1443,1454
1443,1455
1443,1456
1443,1457
1443,1458
1443,1459
1443,1460
1444,1443
1444,1445
1445,1444
1446,1443
1447,1443
1448,1443
1449,1443
1450,1443
1451,1443
1452,1443
1453,1443
1454,1443
1455,1443
1456,1443
1457,1443
1458,1443
1459,1443
1460,1443
1461,1462
1462,1461
1463,1464
1463,1465
1463,1466
1463,1467
1463,1468
1463,1469
1463,1470
1463,1471
1463,1472
1463,1473
1463,1474
1463,1475
1463,1476
1463,1477
1463,1478
1463,1479
1463,1480
1463,1481
1463,1482
1464,1463
1465,1463
1466,1463
1467,1463
1468,1463
1469,1463
1470,1463
1471,1463
1472,1463
1473,1463
1474,1463
1475,1463
1476,1463
1477,1463
1478,1463
1479,1463
1480,1463
1481,1463
1482,1463
1483,1484
1483,1485
1483,1486
1483,1487
1483,1488
1483,1489
1483,1490
1483,1491
1483,1492
1483,1493
1483,1494
1483,1495
1483,1496
1483,1497
1483,1498
1483,1499
1483,1500
1483,1501
1484,1483
1485,1483
1486,1483
1487,1483
1488,1483
1489,1483
1490,1483
1491,1483
1492,1483
1493,1483
1494,1483
1495,1483
1496,1483
1497,1483
1498,1483
1499,1483
1500,1483
1501,1483
1502,1503
1502,1504
1502,1505
1502,1506
1502,1507
1502,1508
1502,1509
1502,1510
1502,1511
1502,1512
1502,1513
1502,1514
1502,1515
1502,1517
1503,1502
1503,1516
1504,1502
1505,1502
1506,1502
1507,1502
1508,1502
1509,1502
1510,1502
1511,1502
1512,1502
1513,1502
1514,1502
1515,1502
1516,1503
1517,1502
1518,1519
1518,1521
1518,1522
1518,1523
1518,1524
1518,1525
1518,1526
1518,1527
1518,1528
1518,1529
1518,1530
1518,1531
1518,1532
1519,1518
1519,1520
1520,1519
1521,1518
1522,1518
1523,1518
1524,1518
1525,1518
1526,1518
1527,1518
1528,1518
1529,1518
1530,1518
1531,1518
1532,1518
1533,1534
1533,1535
1533,1536
1533,1537
1533,1538
1533,1539
1533,1540
1533,1541
1533,1542
1533,1543
1533,1544
1533,1545
1533,1546
1533,1547
1533,1548
1533,1549
1533,1550
1533,1551
1534,1533
1535,1533
1536,1533
1537,1533
1538,1533
1539,1533
1540,1533
1541,1533
1542,1533
1543,1533
1544,1533
1545,1533
1546,1533
1547,1533
1548,1533
1549,1533
1550,1533
1551,1533
1552,1553
1552,1555
1552,1556
1552,1557
1552,1558
1552,1559
1552,1560
1552,1561
1552,1562
1552,1563
1552,1564
1552,1565
1552,1566
1552,1567
1552,1568
1552,1569
1552,1570
1553,1552
1553,1554
1554,1553
1555,1552
1556,1552
1557,1552
1558,1552
1559,1552
1560,1552
1561,1552
1562,1552
1563,1552
1564,1552
1565,1552
1566,1552
1567,1552
1568,1552
1569,1552
1570,1552
1571,1572
1571,1573
1571,1574
1571,1575
1571,1576
1571,1577
1571,1578
1571,1579
1571,1580
1571,1581
1571,1582
1571,1583
1571,1584
1571,1585
1572,1571
1573,1571
1574,1571
1575,1571
1576,1571
1577,1571
1578,1571
1579,1571
1580,1571
1581,1571
1582,1571
1583,1571
1584,1571
1585,1571
1586,1587
1587,1586
1587,1588
1588,1587
1589,1590
1590,1589
1590,1591
1591,1590
1592,1593
1592,1594
1592,1595
1592,1596
1592,1597
1592,1598
1592,1599
1592,1600
1592,1601
1592,1602
1592,1603
1592,1604
1593,1592
1594,1592
1595,1592
1596,1592
1597,1592
1598,1592
1599,1592
1600,1592
1601,1592
1602,1592
1603,1592
1604,1592
1605,1606
1606,1605
1607,1608
1607,1610
1607,1611
1607,1612
1607,1613
1607,1614
1607,1615
1607,1616
1607,1617
1607,1618
1607,1619
1607,1620
1607,1621
1607,1622
1607,1623
1607,1624
1607,1625
1608,1607
1608,1609
1609,1608
1610,1607
1611,1607
1612,1607
1613,1607
1614,1607
1615,1607
1616,1607
1617,1607
1618,1607
1619,1607
1620,1607
1621,1607
1622,1607
1623,1607
1624,1607
1625,1607
1626,1627
1626,1628
1626,1629
1626,1630
1626,1631
1626,1632
1626,1633
1626,1634
1626,1635
1626,1636
1626,1637
1626,1638
1626,1639
1626,1640
1626,1641
1626,1642
1627,1626
1628,1626
1629,1626
1630,1626
1631,1626
1632,1626
1633,1626
1634,1626
1635,1626
1636,1626
1637,1626
1638,1626
1639,1626
1640,1626
1641,1626
1642,1626
1643,1644
1643,1646
1643,1647
1643,1648
1643,1649
1643,1650
1643,1651
1643,1652
1643,1653
1643,1654
1643,1655
1643,1656
1643,1657
1643,1658
1643,1659
1643,1660
1643,1661
1643,1662
1643,1663
1644,1643
1644,1645
1645,1644
1646,1643
1647,1643
1648,1643
1649,1643
1650,1643
1651,1643
1652,1643
1653,1643
1654,1643
1655,1643
1656,1643
1657,1643
1658,1643
1659,1643
1660,1643
1661,1643
1662,1643
1663,1643
1664,1665
1664,1666
1664,1667
1664,1668
1664,1669
1664,1670
1664,1671
1664,1672
1664,1673
1664,1674
1664,1675
1664,1676
1664,1677
1664,1678
1664,1679
1664,1680
1664,1681
1664,1682
1665,1664
1666,1664
1667,1664
1668,1664
1669,1664
1670,1664
1671,1664
1672,1664
1673,1664
1674,1664
1675,1664
1676,1664
1677,1664
1678,1664
1679,1664
1680,1664
1681,1664
1682,1664
1683,1684
1683,1686
1683,1687
1683,1688
1683,1689
1683,1690
1683,1691
1683,1692
1683,1693
1683,1694
1683,1695
1683,1696
1683,1697
1683,1698
1683,1699
1683,1700
1683,1701
1684,1683
1684,1685
1685,1684
1686,1683
1687,1683
1688,1683
1689,1683
1690,1683
1691,1683
1692,1683
1693,1683
1694,1683
1695,1683
1696,1683
1697,1683
1698,1683
1699,1683
1700,1683
1701,1683
1702,1703
1702,1704
1702,1705
1702,1706
1702,1707
1702,1708
1702,1709
1702,1710
1702,1711
1702,1712
1702,1713
1702,1714
1702,1715
1702,1716
1702,1717
1702,1719
1702,1720
1702,1721
1703,1702
1703,1718
1704,1702
1705,1702
1706,1702
1707,1702
1708,1702
1709,1702
1710,1702
1711,1702
1712,1702
1713,1702
1714,1702
1715,1702
1716,1702
1717,1702
1718,1703
1719,1702
1720,1702
1721,1702
1722,1723
1722,1725
1722,1726
1722,1727
1722,1728
1722,1729
1722,1730
1722,1731
1722,1732
1722,1733
1722,1734
1722,1735
1722,1736
1722,1737
1722,1738
1722,1739
1722,1740
1722,1741
1722,1742
1722,1743
1722,1744
1723,1722
1723,1724
1724,1723
1725,1722
1726,1722
1727,1722
1728,1722
1729,1722
1730,1722
1731,1722
1732,1722
1733,1722
1734,1722
1735,1722
1736,1722
1737,1722
1738,1722
1739,1722
1740,1722
1741,1722
1742,1722
1743,1722
1744,1722
1745,1746
1746,1745
1746,1747
1747,1746
1748,1749
1749,1748
1749,1750
1750,1749
1751,1752
1751,1754
1751,1755
1751,1756
1751,1757
1751,1758
1751,1759
1751,1760
1751,1761
1751,1762
1751,1763
1751,1764
1751,1765
1751,1766
1752,1751
1752,1753
1753,1752
1754,1751
1755,1751
1756,1751
1757,1751
1758,1751
1759,1751
1760,1751
1761,1751
1762,1751
1763,1751
1764,1751
1765,1751
1766,1751
1767,1768
1768,1767
1768,1769
1769,1768
1770,1771
1771,1770
1772,1773
1773,1772
1774,1775
1774,1776
1774,1777
1774,1778
1774,1779
1774,1780
1774,1781
1774,1782
1774,1783
1774,1784
1774,1785
1774,1786
1774,1787
1774,1788
1774,1789
1775,1774
1776,1774
1777,1774
1778,1774
1779,1774
1780,1774
1781,1774
1782,1774
1783,1774
1784,1774
1785,1774
1786,1774
1787,1774
1788,1774
1789,1774
1790,1791
1790,1793
1790,1794
1790,1795
1790,1796
1790,1797
1790,1798
1790,1799
1790,1800
1790,1801
1790,1802
1790,1803
1790,1804
1790,1805
1790,1806
1790,1807
1790,1808
1791,1790
1791,1792
1792,1791
1793,1790
1794,1790
1795,1790
1796,1790
1797,1790
1798,1790
1799,1790
1800,1790
1801,1790
1802,1790
1803,1790
1804,1790
1805,1790
1806,1790
1807,1790
1808,1790
1809,1810
1809,1812
1809,1813
1809,1814
1809,1815
1809,1816
1809,1817
1809,1818
1809,1819
1809,1820
1809,1821
1809,1822
1809,1823
1809,1824
1809,1825
1809,1826
1809,1827
1809,1828
1809,1829
1809,1830
1809,1831
1810,1809
1810,1811
1811,1810
1812,1809
1813,1809
1814,1809
1815,1809
1816,1809
1817,1809
1818,1809
1819,1809
1820,1809
1821,1809
1822,1809
1823,1809
1824,1809
1825,1809
1826,1809
1827,1809
1828,1809
1829,1809
1830,1809
1831,1809
1832,1833
1832,1835
1832,1836
1832,1837
1832,1838
1832,1839
1832,1840
1832,1841
1832,1842
1832,1843
1832,1844
1832,1845
1832,1846
1832,1847
1832,1848
1832,1849
1832,1850
1832,1851
1832,1852
1833,1832
1833,1834
1834,1833
1835,1832
1836,1832
1837,1832
1838,1832
1839,1832
1840,1832
1841,1832
1842,1832
1843,1832
1844,1832
1845,1832
1846,1832
1847,1832
1848,1832
1849,1832
1850,1832
1851,1832
1852,1832
1853,1854
1853,1856
1853,1857
1853,1858
1853,1859
1853,1860
1853,1861
1853,1862
1853,1863
1853,1864
1853,1865
1853,1866
1853,1867
1853,1868
1853,1869
1853,1870
1854,1853
1854,1855
1855,1854
1856,1853
1857,1853
1858,1853
1859,1853
1860,1853
1861,1853
1862,1853
1863,1853
1864,1853
1865,1853
1866,1853
1867,1853
1868,1853
1869,1853
1870,1853
1871,1872
1871,1873
1871,1874
1871,1875
1871,1876
1871,1877
1871,1878
1871,1879
1871,1880
1871,1881
1871,1882
1871,1883
1871,1884
1871,1885
1871,1886
1871,1887
1871,1888
1871,1889
1871,1891
1871,1892
1872,1871
1872,1890
1873,1871
1874,1871
1875,1871
1876,1871
1877,1871
1878,1871
1879,1871
1880,1871
1881,1871
1882,1871
1883,1871
1884,1871
1885,1871
1886,1871
1887,1871
1888,1871
1889,1871
1890,1872
1891,1871
1892,1871
1893,1894
1894,1893
1895,1896
1895,1897
1895,1898
1895,1899
1895,1900
1895,1901
1895,1902
1895,1903
1895,1904
1895,1905
1895,1906
1895,1907
1895,1909
1896,1895
1896,1908
1897,1895
1898,1895
1899,1895
1900,1895
1901,1895
1902,1895
1903,1895
1904,1895
1905,1895
1906,1895
1907,1895
1908,1896
1909,1895
1910,1911
1910,1912
1910,1913
1910,1914
1910,1915
1910,1916
1910,1917
1910,1918
1910,1919
1910,1920
1910,1921
1910,1922
1910,1923
1910,1924
1910,1925
1910,1926
1910,1927
1910,1928
1911,1910
1912,1910
1913,1910
1914,1910
1915,1910
1916,1910
1917,1910
1918,1910
1919,1910
1920,1910
1921,1910
1922,1910
1923,1910
1924,1910
1925,1910
1926,1910
1927,1910
1928,1910
1929,1930
1929,1931
1929,1932
1929,1933
1929,1934
1929,1935
1929,1936
1929,1937
1929,1938
1929,1939
1929,1940
1929,1941
1929,1943
1929,1944
1929,1945
1930,1929
1930,1942
1931,1929
1932,1929
1933,1929
1934,1929
1935,1929
1936,1929
1937,1929
1938,1929
1939,1929
1940,1929
1941,1929
1942,1930
1943,1929
1944,1929
1945,1929
1946,1947
1947,1946
1947,1948
1948,1947
1949,1950
1950,1949
1950,1951
1951,1950
1952,1953
1953,1952
1954,1955
1955,1954
1956,1957
1957,1956
1958,1959
1958,1961
1959,1958
1959,1960
1960,1959
1961,1958
1962,1963
1962,1965
1963,1962
1963,1964
1964,1963
1965,1962
1966,1967
1967,1966
1967,1968
1968,1967
1969,1970
1970,1969
1971,1972
1972,1971
1972,1973
1973,1972
1974,1975
1975,1974
1975,1976
1976,1975
1977,1978
1978,1977
1979,1980
1979,1982
1980,1979
1980,1981
1981,1980
1982,1979
1983,1984
1983,1986
1984,1983
1984,1985
1985,1984
1986,1983
1987,1988
1988,1987
1988,1989
1989,1988
1990,1991
1991,1990
1991,1992
1992,1991
1993,1994
1994,1993
1994,1995
1995,1994
1996,1997
1997,1996
1998,1999
1998,2000
1999,1998
1999,2001
2000,1998
2001,1999
2002,2003
2003,2002
2004,2005
2005,2004
2005,2006
2006,2005
2007,2008
2008,2007
2009,2010
2009,2012
2010,2009
2010,2011
2011,2010
2012,2009
2013,2014
2014,2013
2014,2015
2015,2014
2016,2017
2017,2016
2017,2018
2018,2017
2019,2020
2020,2019
2020,2021
2021,2020
2022,2023
2023,2022
2023,2024
2024,2023
2025,2026
2026,2025
2027,2028
2028,2027
2029,2030
2030,2029
2030,2031
2031,2030
2032,2033
2032,2034
2032,2035
2033,2032
2034,2032
2035,2032
2036,2037
2036,2038
2037,2036
2037,2039
2038,2036
2039,2037
2040,2041
2041,2040
2042,2043
2042,2045
2042,2046
2043,2042
2043,2044
2044,2043
2045,2042
2046,2042
2047,2048
2048,2047
2049,2050
2050,2049
2050,2051
2051,2050
2052,2053
2052,2055
2053,2052
2053,2054
2054,2053
2055,2052
2056,2057
2056,2059
2056,2060
2057,2056
2057,2058
2058,2057
2059,2056
2060,2056
2061,2062
2062,2061
2062,2063
2063,2062
2064,2065
2064,2066
2065,2064
2066,2064
2067,2068
2068,2067
2069,2070
2069,2072
2070,2069
2070,2071
2071,2070
2072,2069
2073,2074
2073,2076
2073,2077
2074,2073
2074,2075
2075,2074
2076,2073
2077,2073
2078,2079
2078,2080
2079,2078
2079,2081
2080,2078
2081,2079
2082,2083
2083,2082
2084,2085
2085,2084
2085,2086
2086,2085
2087,2088
2088,2087
2088,2089
2089,2088
2090,2091
2090,2092
2090,2093
2091,2090
2091,2094
2092,2090
2093,2090
2094,2091
2095,2096
2095,2098
2095,2099
2096,2095
2096,2097
2097,2096
2098,2095
2099,2095
2100,2101
2101,2100
2101,2102
2102,2101
2103,2104
2103,2107
2103,2108
2103,2109
2103,2110
2103,2111
2103,2112
2103,2114
2103,2115
2104,2103
2104,2105
2104,2106
2105,2104
2105,2113
2106,2104
2107,2103
2108,2103
2109,2103
2110,2103
2111,2103
2112,2103
2113,2105
2114,2103
2115,2103
2116,2117
2117,2116
2118,2119
2118,2120
2118,2121
2118,2122
2118,2123
2118,2124
2118,2125
2118,2126
2118,2127
2118,2128
2119,2118
2120,2118
2121,2118
2122,2118
2123,2118
2124,2118
2125,2118
2126,2118
2127,2118
2128,2118
2129,2130
2130,2129
2130,2131
2131,2130
2132,2133
2132,2136
2132,2137
2132,2138
2132,2140
2132,2141
2132,2142
2132,2143
2133,2132
2133,2134
2133,2135
2134,2133
2134,2139
2135,2133
2136,2132
2137,2132
2138,2132
2139,2134
2140,2132
2141,2132
2142,2132
2143,2132
2144,2145
2144,2148
2144,2149
2144,2150
2144,2151
2144,2152
2144,2153
2144,2154
2144,2155
2144,2158
2145,2144
2145,2146
2145,2147
2146,2145
2146,2156
2147,2145
2147,2157
2148,2144
2149,2144
2150,2144
2151,2144
2152,2144
2153,2144
2154,2144
2155,2144
2156,2146
2157,2147
2158,2144
2159,2160
2159,2161
2159,2162
2159,2163
2159,2164
2159,2165
2159,2166
2159,2167
2159,2169
2159,2170
2159,2171
2159,2172
2159,2173
2159,2174
2160,2159
2160,2168
2161,2159
2162,2159
2163,2159
2164,2159
2165,2159
2166,2159
2167,2159
2168,2160
2169,2159
2170,2159
2171,2159
2172,2159
2173,2159
2174,2159
2175,2176
2176,2175
2177,2178
2177,2180
2177,2181
2177,2183
2177,2184
2177,2185
2177,2186
2178,2177
2178,2179
2178,2182
2179,2178
2180,2177
2181,2177
2182,2178
2183,2177
2184,2177
2185,2177
2186,2177
2187,2188
2188,2187
2188,2189
2189,2188
2190,2191
2190,2193
2190,2194
2190,2195
2190,2196
2190,2197
2190,2198
2190,2200
2190,2201
2191,2190
2191,2192
2192,2191
2192,2199
2193,2190
2194,2190
2195,2190
2196,2190
2197,2190
2198,2190
2199,2192
2200,2190
2201,2190
2202,2203
2203,2202
2204,2205
2204,2207
2204,2208
2204,2209
2204,2210
2204,2212
2204,2213
2204,2214
2205,2204
2205,2206
2205,2211
2206,2205
2207,2204
2208,2204
2209,2204
2210,2204
2211,2205
2212,2204
2213,2204
2214,2204
2215,2216
2215,2218
2215,2219
2215,2220
2215,2221
2215,2222
2215,2223
2215,2224
2215,2225
2215,2226
2215,2227
2216,2215
2216,2217
2217,2216
2218,2215
2219,2215
2220,2215
2221,2215
2222,2215
2223,2215
2224,2215
2225,2215
2226,2215
2227,2215
2228,2229
2228,2230
2229,2228
2230,2228
2231,2232
2231,2234
2231,2235
2231,2236
2231,2237
2231,2238
2231,2240
2231,2241
2231,2242
2232,2231
2232,2233
2233,2232
2233,2239
2234,2231
2235,2231
2236,2231
2237,2231
2238,2231
2239,2233
2240,2231
2241,2231
2242,2231
2243,2244
2243,2247
2244,2243
2244,2245
2244,2246
2245,2244
2246,2244
2247,2243
2248,2249
2248,2251
2248,2252
2248,2253
2248,2254
2248,2255
2248,2256
2248,2258
2248,2260
2248,2261
2249,2248
2249,2250
2249,2257
2250,2249
2250,2259
2251,2248
2252,2248
2253,2248
2254,2248
2255,2248
2256,2248
2257,2249
2258,2248
2259,2250
2260,2248
2261,2248
2262,2263
2262,2264
2262,2265
2262,2266
2262,2267
2262,2268
2262,2270
2262,2272
2262,2273
2262,2274
2263,2262
2263,2269
2263,2271
2264,2262
2265,2262
2266,2262
2267,2262
2268,2262
2269,2263
2270,2262
2271,2263
2272,2262
2273,2262
2274,2262
2275,2276
2275,2277
2275,2278
2275,2280
2275,2281
2275,2282
2276,2275
2276,2279
2277,2275
2278,2275
2279,2276
2280,2275
2281,2275
2282,2275
2283,2284
2283,2287
2283,2288
2283,2289
2283,2290
2283,2291
2283,2292
2283,2293
2283,2294
2284,2283
2284,2285
2284,2286
2285,2284
2286,2284
2287,2283
2288,2283
2289,2283
2290,2283
2291,2283
2292,2283
2293,2283
2294,2283
2295,2296
2295,2298
2295,2299
2295,2300
2295,2301
2295,2302
2295,2304
2295,2305
2295,2306
2295,2307
2296,2295
2296,2297
2296,2303
2297,2296
2298,2295
2299,2295
2300,2295
2301,2295
2302,2295
2303,2296
2304,2295
2305,2295
2306,2295
2307,2295
2308,2309
2309,2308
2310,2311
2310,2313
2311,2310
2311,2312
2312,2311
2313,2310
2314,2315
2314,2317
2314,2318
2314,2319
2314,2320
2314,2322
2314,2323
2314,2325
2314,2326
2314,2327
2315,2314
2315,2316
2315,2321
2316,2315
2316,2324
2317,2314
2318,2314
2319,2314
2320,2314
2321,2315
2322,2314
2323,2314
2324,2316
2325,2314
2326,2314
2327,2314
2328,2329
2328,2331
2328,2332
2328,2333
2328,2334
2328,2335
2328,2336
2328,2337
2328,2338
2329,2328
2329,2330
2330,2329
2331,2328
2332,2328
2333,2328
2334,2328
2335,2328
2336,2328
2337,2328
2338,2328
2339,2340
2340,2339
2340,2341
2340,2342
2341,2340
2342,2340
2343,2344
2343,2347
2343,2348
2343,2349
2343,2350
2343,2351
2343,2352
2343,2353
2343,2354
2343,2356
2343,2357
2343,2358
2344,2343
2344,2345
2344,2346
2345,2344
2345,2355
2346,2344
2347,2343
2348,2343
2349,2343
2350,2343
2351,2343
2352,2343
2353,2343
2354,2343
2355,2345
2356,2343
2357,2343
2358,2343
2359,2360
2359,2363
2359,2364
2359,2365
2359,2366
2359,2367
2359,2368
2359,2369
2359,2370
2359,2371
2359,2372
2360,2359
2360,2361
2360,2362
2361,2360
2362,2360
2363,2359
2364,2359
2365,2359
2366,2359
2367,2359
2368,2359
2369,2359
2370,2359
2371,2359
2372,2359
2373,2374
2374,2373
2374,2375
2374,2376
2375,2374
2376,2374
2377,2378
2377,2380
2378,2377
2378,2379
2379,2378
2380,2377
2381,2382
2381,2385
2382,2381
2382,2383
2382,2384
2383,2382
2384,2382
2385,2381
2386,2387
2386,2389
2386,2390
2386,2391
2386,2392
2386,2393
2386,2394
2386,2395
2386,2396
2386,2397
2386,2398
2386,2399
2386,2401
2386,2402
2386,2403
2387,2386
2387,2388
2388,2387
2388,2400
2389,2386
2390,2386
2391,2386
2392,2386
2393,2386
2394,2386
2395,2386
2396,2386
2397,2386
2398,2386
2399,2386
2400,2388
2401,2386
2402,2386
2403,2386
2404,2405
2405,2404
2405,2406
2405,2407
2406,2405
2406,2408
2407,2405
2408,2406
2409,2410
2409,2411
2409,2413
2409,2414
2409,2416
2409,2417
2409,2418
2409,2419
2410,2409
2410,2412
2410,2415
2411,2409
2412,2410
2413,2409
2414,2409
2415,2410
2416,2409
2417,2409
2418,2409
2419,2409
2420,2421
2420,2424
2421,2420
2421,2422
2421,2423
2422,2421
2423,2421
2424,2420
2425,2426
2425,2429
2425,2430
2425,2431
2425,2432
2425,2433
2425,2435
2425,2436
2425,2437
2425,2438
2426,2425
2426,2427
2426,2428
2427,2426
2428,2426
2428,2434
2429,2425
2430,2425
2431,2425
2432,2425
2433,2425
2434,2428
2435,2425
2436,2425
2437,2425
2438,2425
2439,2440
2440,2439
2440,2441
2441,2440
2442,2443
2443,2442
2443,2444
2443,2445
2444,2443
2444,2446
2445,2443
2446,2444
2447,2448
2447,2451
2448,2447
2448,2449
2448,2450
2449,2448
2450,2448
2451,2447
2452,2453
2452,2455
2452,2456
2452,2457
2452,2458
2452,2459
2452,2461
2452,2462
2452,2463
2452,2464
2452,2465
2452,2466
2452,2467
2452,2468
2453,2452
2453,2454
2453,2460
2454,2453
2455,2452
2456,2452
2457,2452
2458,2452
2459,2452
2460,2453
2461,2452
2462,2452
2463,2452
2464,2452
2465,2452
2466,2452
2467,2452
2468,2452
2469,2470
2469,2471
2469,2472
2469,2473
2469,2474
2469,2475
2469,2476
2469,2477
2469,2478
2469,2479
2469,2480
2469,2481
2470,2469
2471,2469
2472,2469
2473,2469
2474,2469
2475,2469
2476,2469
2477,2469
2478,2469
2479,2469
2480,2469
2481,2469
2482,2483
2482,2484
2482,2485
2482,2486
2482,2487
2482,2488
2482,2489
2482,2491
2482,2492
2482,2494
2482,2495
2482,2496
2483,2482
2483,2490
2483,2493
2484,2482
2485,2482
2486,2482
2487,2482
2488,2482
2489,2482
2490,2483
2491,2482
2492,2482
2493,2483
2494,2482
2495,2482
2496,2482
2497,2498
2497,2501
2498,2497
2498,2499
2498,2500
2499,2498
2500,2498
2501,2497
2502,2503
2502,2505
2502,2506
2502,2507
2502,2508
2502,2509
2502,2510
2502,2511
2502,2512
2502,2513
2502,2514
2503,2502
2503,2504
2504,2503
2505,2502
2506,2502
2507,2502
2508,2502
2509,2502
2510,2502
2511,2502
2512,2502
2513,2502
2514,2502
2515,2516
2515,2519
2516,2515
2516,2517
2516,2518
2517,2516
2518,2516
2519,2515
2520,2521
2521,2520
2521,2522
2522,2521
2523,2524
2523,2526
2523,2528
2523,2529
2523,2530
2523,2531
2523,2532
2523,2534
2523,2535
2523,2536
2524,2523
2524,2525
2524,2527
2525,2524
2525,2533
2526,2523
2527,2524
2528,2523
2529,2523
2530,2523
2531,2523
2532,2523
2533,2525
2534,2523
2535,2523
2536,2523
2537,2538
2537,2540
2537,2541
2537,2542
2537,2543
2538,2537
2538,2539
2539,2538
2540,2537
2541,2537
2542,2537
2543,2537
2544,2545
2544,2547
2544,2548
2545,2544
2545,2546
2546,2545
2547,2544
2548,2544
2549,2550
2549,2551
2549,2552
2549,2553
2549,2554
2549,2555
2549,2556
2550,2549
2551,2549
2552,2549
2553,2549
2554,2549
2555,2549
2556,2549
2557,2558
2557,2559
2557,2560
2557,2561
2558,2557
2558,2562
2559,2557
2560,2557
2561,2557
2562,2558
2563,2564
2564,2563
2564,2565
2565,2564
2566,2567
2567,2566
2567,2568
2568,2567
2569,2570
2569,2571
2569,2572
2569,2573
2570,2569
2571,2569
2572,2569
2573,2569
2574,2575
2575,2574
2576,2577
2576,2578
2576,2579
2576,2580
2577,2576
2577,2581
2578,2576
2579,2576
2580,2576
2581,2577
2582,2583
2583,2582
2584,2585
2585,2584
2586,2587
2586,2589
2586,2590
2587,2586
2587,2588
2588,2587
2589,2586
2590,2586
2591,2592
2591,2594
2591,2595
2591,2596
2592,2591
2592,2593
2593,2592
2593,2597
2594,2591
2595,2591
2596,2591
2597,2593
2598,2599
2598,2601
2598,2602
2598,2603
2598,2604
2599,2598
2599,2600
2600,2599
2600,2605
2601,2598
2602,2598
2603,2598
2604,2598
2605,2600
2606,2607
2606,2609
2606,2610
2607,2606
2607,2608
2608,2607
2608,2611
2609,2606
2610,2606
2611,2608
2612,2613
2612,2614
2613,2612
2614,2612
2615,2616
2615,2618
2616,2615
2616,2617
2617,2616
2618,2615
2619,2620
2619,2621
2620,2619
2621,2619
2622,2623
2622,2625
2622,2626
2622,2627
2622,2628
2623,2622
2623,2624
2624,2623
2625,2622
2626,2622
2627,2622
2628,2622
2629,2630
2629,2631
2630,2629
2630,2632
2631,2629
2632,2630
2633,2634
2633,2636
2633,2637
2634,2633
2634,2635
2635,2634
2635,2638
2636,2633
2637,2633
2638,2635
2639,2640
2639,2642
2640,2639
2640,2641
2641,2640
2642,2639
2643,2644
2643,2646
2643,2647
2644,2643
2644,2645
2645,2644
2646,2643
2647,2643
2648,2649
2648,2651
2648,2652
2648,2653
2648,2654
2649,2648
2649,2650
2650,2649
2651,2648
2652,2648
2653,2648
2654,2648
2655,2656
2655,2658
2655,2659
2656,2655
2656,2657
2657,2656
2658,2655
2659,2655
2660,2661
2660,2663
2660,2664
2660,2665
2661,2660
2661,2662
2662,2661
2662,2666
2663,2660
2664,2660
2665,2660
2666,2662
2667,2668
2667,2670
2667,2671
2667,2672
2668,2667
2668,2669
2669,2668
2670,2667
2671,2667
2672,2667
2673,2674
2673,2675
2674,2673
2675,2673
2676,2677
2676,2678
2676,2679
2676,2680
2676,2681
2677,2676
2678,2676
2679,2676
2680,2676
2681,2676
2682,2683
2682,2685
2682,2686
2682,2687
2682,2688
2682,2689
2683,2682
2683,2684
2684,2683
2684,2690
2685,2682
2686,2682
2687,2682
2688,2682
2689,2682
2690,2684
2691,2692
2692,2691
2692,2693
2693,2692
2694,2695
2694,2696
2694,2697
2695,2694
2696,2694
2697,2694
2698,2699
2699,2698
2700,2701
2701,2700
2702,2703
2702,2705
2702,2706
2702,2707
2702,2708
2703,2702
2703,2704
2704,2703
2704,2709
2705,2702
2706,2702
2707,2702
2708,2702
2709,2704
2710,2711
2710,2712
2710,2713
2710,2714
2710,2715
2710,2716
2710,2717
2711,2710
2711,2718
2712,2710
2713,2710
2714,2710
2715,2710
2716,2710
2717,2710
2718,2711
2719,2720
2720,2719
2720,2721
2721,2720
2722,2723
2723,2722
2724,2725
2724,2726
2724,2727
2724,2728
2724,2729
2725,2724
2726,2724
2727,2724
2728,2724
2729,2724
2730,2731
2730,2733
2730,2734
2730,2735
2730,2736
2730,2737
2730,2738
2730,2739
2731,2730
2731,2732
2732,2731
2732,2740
2733,2730
2734,2730
2735,2730
2736,2730
2737,2730
2738,2730
2739,2730
2740,2732
2741,2742
2742,2741
2743,2744
2743,2745
2743,2746
2743,2747
2744,2743
2744,2748
2745,2743
2746,2743
2747,2743
2748,2744
2749,2750
2749,2751
2750,2749
2751,2749
2752,2753
2753,2752
2754,2755
2754,2757
2755,2754
2755,2756
2756,2755
2757,2754
2758,2759
2758,2762
2758,2763
2758,2764
2758,2765
2758,2766
2758,2767
2758,2768
2758,2769
2758,2770
2758,2771
2758,2772
2758,2773
2758,2774
2758,2775
2758,2776
2758,2777
2758,2779
2759,2758
2759,2760
2759,2761
2760,2759
2761,2759
2761,2778
2762,2758
2763,2758
2764,2758
2765,2758
2766,2758
2767,2758
2768,2758
2769,2758
2770,2758
2771,2758
2772,2758
2773,2758
2774,2758
2775,2758
2776,2758
2777,2758
2778,2761
2779,2758
2780,2781
2781,2780
2782,2783
2782,2785
2782,2786
2782,2787
2782,2788
2782,2789
2782,2790
2782,2791
2782,2792
2782,2793
2782,2794
2782,2795
2782,2796
2782,2798
2782,2799
2782,2800
2782,2801
2782,2802
2782,2803
2782,2804
2783,2782
2783,2784
2783,2797
2784,2783
2784,2805
2785,2782
2786,2782
2787,2782
2788,2782
2789,2782
2790,2782
2791,2782
2792,2782
2793,2782
2794,2782
2795,2782
2796,2782
2797,2783
2798,2782
2799,2782
2800,2782
2801,2782
2802,2782
2803,2782
2804,2782
2805,2784
2806,2807
2807,2806
2807,2808
2808,2807
2808,2809
2809,2808
2810,2811
2811,2810
2811,2812
2811,2813
2812,2811
2813,2811
2814,2815
2814,2816
2814,2817
2814,2818
2814,2819
2814,2820
2814,2821
2814,2822
2814,2823
2814,2824
2814,2825
2814,2826
2814,2827
2814,2828
2814,2829
2814,2831
2814,2832
2814,2834
2814,2835
2814,2836
2814,2837
2815,2814
2815,2830
2815,2833
2816,2814
2817,2814
2818,2814
2819,2814
2820,2814
2821,2814
2822,2814
2823,2814
2824,2814
2825,2814
2826,2814
2827,2814
2828,2814
2829,2814
2830,2815
2831,2814
2832,2814
2833,2815
2834,2814
2835,2814
2836,2814
2837,2814
2838,2839
2838,2841
2838,2842
2838,2843
2838,2844
2838,2845
2838,2846
2838,2847
2838,2848
2838,2849
2838,2850
2838,2851
2838,2852
2838,2853
2838,2854
2838,2855
2838,2856
2838,2857
2838,2858
2838,2859
2838,2860
2839,2838
2839,2840
2840,2839
2841,2838
2842,2838
2843,2838
2844,2838
2845,2838
2846,2838
2847,2838
2848,2838
2849,2838
2850,2838
2851,2838
2852,2838
2853,2838
2854,2838
2855,2838
2856,2838
2857,2838
2858,2838
2859,2838
2860,2838
2861,2862
2861,2863
2861,2864
2861,2865
2861,2866
2861,2867
2861,2868
2861,2869
2861,2870
2861,2871
2861,2872
2861,2873
2861,2874
2861,2875
2861,2876
2861,2877
2861,2878
2861,2879
2862,2861
2863,2861
2864,2861
2865,2861
2866,2861
2867,2861
2868,2861
2869,2861
2870,2861
2871,2861
2872,2861
2873,2861
2874,2861
2875,2861
2876,2861
2877,2861
2878,2861
2879,2861
2880,2881
2880,2883
2880,2884
2880,2885
2880,2886
2880,2887
2880,2888
2880,2889
2880,2890
2880,2891
2880,2892
2880,2893
2880,2894
2880,2895
2880,2896
2880,2897
2880,2898
2880,2899
2880,2900
2880,2902
2881,2880
2881,2882
2882,2881
2882,2901
2883,2880
2884,2880
2885,2880
2886,2880
2887,2880
2888,2880
2889,2880
2890,2880
2891,2880
2892,2880
2893,2880
2894,2880
2895,2880
2896,2880
2897,2880
2898,2880
2899,2880
2900,2880
2901,2882
2902,2880
2903,2904
2904,2903
2905,2906
2905,2909
2905,2910
2905,2911
2905,2912
2905,2913
2905,2914
2905,2915
2905,2916
2905,2917
2905,2918
2905,2919
2905,2920
2905,2921
2905,2922
2905,2923
2905,2924
2905,2925
2905,2926
2906,2905
2906,2907
2906,2908
2907,2906
2908,2906
2909,2905
2910,2905
2911,2905
2912,2905
2913,2905
2914,2905
2915,2905
2916,2905
2917,2905
2918,2905
2919,2905
2920,2905
2921,2905
2922,2905
2923,2905
2924,2905
2925,2905
2926,2905
2927,2928
2928,2927
2928,2929
2929,2928
2930,2931
2930,2934
2930,2935
2930,2936
2930,2937
2930,2938
2930,2939
2930,2940
2930,2941
2930,2942
2930,2943
2930,2944
2930,2945
2930,2946
2930,2947
2930,2948
2930,2949
2930,2950
2930,2951
2930,2952
2930,2953
2931,2930
2931,2932
2931,2933
2932,2931
2933,2931
2934,2930
2935,2930
2936,2930
2937,2930
2938,2930
2939,2930
2940,2930
2941,2930
2942,2930
2943,2930
2944,2930
2945,2930
2946,2930
2947,2930
2948,2930
2949,2930
2950,2930
2951,2930
2952,2930
2953,2930
2954,2955
2954,2958
2954,2959
2954,2960
2954,2961
2954,2962
2954,2963
2954,2964
2954,2965
2954,2966
2954,2967
2954,2968
2954,2969
2954,2970
2954,2971
2954,2972
2954,2973
2954,2974
2954,2975
2954,2976
2955,2954
2955,2956
2955,2957
2956,2955
2957,2955
2958,2954
2959,2954
2960,2954
2961,2954
2962,2954
2963,2954
2964,2954
2965,2954
2966,2954
2967,2954
2968,2954
2969,2954
2970,2954
2971,2954
2972,2954
2973,2954
2974,2954
2975,2954
2976,2954
2977,2978
2977,2980
2977,2981
2977,2982
2977,2983
2977,2984
2977,2985
2977,2986
2977,2987
2977,2988
2977,2989
2977,2990
2977,2991
2977,2992
2977,2993
2977,2994
2977,2995
2977,2996
2977,2997
2977,2999
2978,2977
2978,2979
2979,2978
2979,2998
2980,2977
2981,2977
2982,2977
2983,2977
2984,2977
2985,2977
2986,2977
2987,2977
2988,2977
2989,2977
2990,2977
2991,2977
2992,2977
2993,2977
2994,2977
2995,2977
2996,2977
2997,2977
2998,2979
2999,2977
3000,3001
3000,3003
3000,3004
3000,3005
3000,3006
3000,3007
3000,3008
3000,3009
3000,3010
3000,3011
3000,3012
3000,3013
3000,3014
3000,3015
3000,3016
3000,3017
3000,3018
3000,3019
3000,3020
3000,3021
3000,3022
3001,3000
3001,3002
3002,3001
3003,3000
3004,3000
3005,3000
3006,3000
3007,3000
3008,3000
3009,3000
3010,3000
3011,3000
3012,3000
3013,3000
3014,3000
3015,3000
3016,3000
3017,3000
3018,3000
3019,3000
3020,3000
3021,3000
3022,3000
3023,3024
3023,3025
3023,3026
3023,3027
3023,3028
3023,3029
3023,3030
3023,3031
3023,3032
3023,3033
3023,3034
3023,3035
3023,3036
3023,3037
3023,3038
3023,3039
3023,3040
3023,3042
3023,3043
3024,3023
3024,3041
3025,3023
3026,3023
3027,3023
3028,3023
3029,3023
3030,3023
3031,3023
3032,3023
3033,3023
3034,3023
3035,3023
3036,3023
3037,3023
3038,3023
3039,3023
3040,3023
3041,3024
3042,3023
3043,3023
3044,3045
3045,3044
3045,3046
3045,3047
3046,3045
3046,3048
3047,3045
3048,3046
3049,3050
3049,3052
3049,3053
3049,3054
3049,3055
3049,3056
3049,3057
3049,3058
3049,3059
3049,3060
3049,3061
3049,3062
3049,3063
3049,3064
3049,3065
3049,3066
3049,3067
3049,3068
3049,3069
3050,3049
3050,3051
3051,3050
3052,3049
3053,3049
3054,3049
3055,3049
3056,3049
3057,3049
3058,3049
3059,3049
3060,3049
3061,3049
3062,3049
3063,3049
3064,3049
3065,3049
3066,3049
3067,3049
3068,3049
3069,3049
3070,3071
3070,3072
3070,3073
3070,3074
3070,3075
3070,3076
3070,3077
3070,3078
3070,3079
3070,3080
3070,3081
3070,3082
3070,3083
3070,3084
3070,3085
3070,3086
3070,3087
3070,3088
3070,3089
3070,3090
3071,3070
3072,3070
3073,3070
3074,3070
3075,3070
3076,3070
3077,3070
3078,3070
3079,3070
3080,3070
3081,3070
3082,3070
3083,3070
3084,3070
3085,3070
3086,3070
3087,3070
3088,3070
3089,3070
3090,3070
3091,3092
3092,3091
3092,3093
3092,3094
3093,3092
3093,3095
3094,3092
3095,3093
3096,3097
3096,3099
3096,3100
3096,3101
3096,3102
3096,3103
3096,3104
3096,3105
3096,3106
3096,3107
3096,3108
3096,3109
3096,3110
3096,3111
3096,3112
3096,3113
3096,3114
3096,3115
3096,3116
3096,3117
3096,3118
3096,3119
3096,3120
3096,3121
3097,3096
3097,3098
3098,3097
3099,3096
3100,3096
3101,3096
3102,3096
3103,3096
3104,3096
3105,3096
3106,3096
3107,3096
3108,3096
3109,3096
3110,3096
3111,3096
3112,3096
3113,3096
3114,3096
3115,3096
3116,3096
3117,3096
3118,3096
3119,3096
3120,3096
3121,3096
3122,3123
3123,3122
3123,3124
3124,3123
3124,3125
3125,3124
3126,3127
3126,3129
3127,3126
3127,3128
3128,3127
3129,3126
3130,3131
3130,3132
3131,3130
3132,3130
3133,3134
3133,3136
3133,3137
3133,3138
3133,3139
3133,3140
3133,3141
3133,3142
3133,3143
3133,3144
3133,3145
3133,3146
3133,3147
3133,3148
3133,3149
3133,3150
3133,3151
3134,3133
3134,3135
3135,3134
3136,3133
3137,3133
3138,3133
3139,3133
3140,3133
3141,3133
3142,3133
3143,3133
3144,3133
3145,3133
3146,3133
3147,3133
3148,3133
3149,3133
3150,3133
3151,3133
3152,3153
3152,3154
3152,3155
3152,3156
3152,3157
3152,3158
3152,3159
3152,3160
3152,3161
3152,3162
3152,3163
3152,3164
3152,3165
3152,3166
3152,3167
3152,3168
3152,3169
3152,3171
3152,3173
3153,3152
3153,3170
3153,3172
3154,3152
3155,3152
3156,3152
3157,3152
3158,3152
3159,3152
3160,3152
3161,3152
3162,3152
3163,3152
3164,3152
3165,3152
3166,3152
3167,3152
3168,3152
3169,3152
3170,3153
3171,3152
3172,3153
3173,3152
3174,3175
3174,3177
3174,3178
3174,3179
3174,3180
3174,3181
3174,3182
3174,3183
3174,3184
3174,3185
3174,3186
3174,3187
3174,3188
3174,3189
3174,3190
3174,3191
3174,3192
3175,3174
3175,3176
3176,3175
3177,3174
3178,3174
3179,3174
3180,3174
3181,3174
3182,3174
3183,3174
3184,3174
3185,3174
3186,3174
3187,3174
3188,3174
3189,3174
3190,3174
3191,3174
3192,3174
3193,3194
3193,3196
3193,3197
3193,3198
3193,3199
3193,3200
3193,3201
3193,3202
3193,3203
3193,3204
3193,3205
3193,3206
3193,3207
3193,3208
3193,3209
3193,3210
3193,3211
3193,3212
3193,3213
3193,3214
3193,3215
3193,3216
3193,3218
3193,3219
3194,3193
3194,3195
3194,3217
3195,3194
3196,3193
3197,3193
3198,3193
3199,3193
3200,3193
3201,3193
3202,3193
3203,3193
3204,3193
3205,3193
3206,3193
3207,3193
3208,3193
3209,3193
3210,3193
3211,3193
3212,3193
3213,3193
3214,3193
3215,3193
3216,3193
3217,3194
3218,3193
3219,3193
3220,3221
3221,3220
3221,3222
3221,3223
3222,3221
3223,3221
3224,3225
3225,3224
3225,3226
3226,3225
3227,3228
3227,3230
3228,3227
3228,3229
3229,3228
3230,3227
3231,3232
3232,3231
3232,3233
3233,3232
3234,3235
3235,3234
3236,3237
3236,3238
3236,3239
3236,3240
3236,3241
3236,3242
3236,3243
3236,3244
3236,3245
3236,3246
3236,3247
3236,3248
3236,3249
3236,3250
3236,3251
3236,3253
3236,3254
3236,3255
3237,3236
3237,3252
3238,3236
3239,3236
3240,3236
3241,3236
3242,3236
3243,3236
3244,3236
3245,3236
3246,3236
3247,3236
3248,3236
3249,3236
3250,3236
3251,3236
3252,3237
3253,3236
3254,3236
3255,3236
3256,3257
3256,3259
3256,3260
3256,3261
3256,3262
3256,3263
3256,3264
3256,3265
3256,3266
3256,3267
3256,3268
3256,3269
3256,3270
3256,3271
3256,3272
3256,3273
3256,3274
3256,3275
3256,3276
3256,3277
3256,3278
3256,3279
3256,3280
3256,3281
3256,3282
3257,3256
3257,3258
3258,3257
3259,3256
3260,3256
3261,3256
3262,3256
3263,3256
3264,3256
3265,3256
3266,3256
3267,3256
3268,3256
3269,3256
3270,3256
3271,3256
3272,3256
3273,3256
3274,3256
3275,3256
3276,3256
3277,3256
3278,3256
3279,3256
3280,3256
3281,3256
3282,3256
3283,3284
3283,3285
3283,3286
3283,3287
3283,3288
3283,3289
3283,3290
3283,3291
3283,3292
3283,3293
3283,3294
3283,3295
3283,3296
3283,3298
3283,3299
3283,3300
3283,3302
3283,3303
3283,3304
3284,3283
3284,3297
3284,3301
3285,3283
3286,3283
3287,3283
3288,3283
3289,3283
3290,3283
3291,3283
3292,3283
3293,3283
3294,3283
3295,3283
3296,3283
3297,3284
3298,3283
3299,3283
3300,3283
3301,3284
3302,3283
3303,3283
3304,3283
3305,3306
3306,3305
3307,3308
3308,3307
3309,3310
3309,3312
3309,3313
3309,3314
3309,3315
3309,3316
3309,3317
3309,3318
3309,3319
3309,3320
3309,3321
3309,3322
3309,3323
3309,3324
3309,3325
3309,3326
3309,3327
3309,3328
3309,3329
3309,3330
3309,3331
3309,3333
3309,3334
3310,3309
3310,3311
3310,3332
3311,3310
3312,3309
3313,3309
3314,3309
3315,3309
3316,3309
3317,3309
3318,3309
3319,3309
3320,3309
3321,3309
3322,3309
3323,3309
3324,3309
3325,3309
3326,3309
3327,3309
3328,3309
3329,3309
3330,3309
3331,3309
3332,3310
3333,3309
3334,3309
3335,3336
3336,3335
3337,3338
3338,3337
3338,3339
3339,3338
3340,3341
3340,3342
3340,3343
3340,3344
3340,3345
3340,3346
3340,3347
3340,3348
3340,3349
3340,3350
3340,3351
3340,3352
3340,3353
3340,3354
3340,3355
3340,3356
3340,3357
3340,3358
3340,3359
3341,3340
3342,3340
3343,3340
3344,3340
3345,3340
3346,3340
3347,3340
3348,3340
3349,3340
3350,3340
3351,3340
3352,3340
3353,3340
3354,3340
3355,3340
3356,3340
3357,3340
3358,3340
3359,3340
3360,3361
3361,3360
3362,3363
3363,3362
3363,3364
3363,3365
3364,3363
3364,3366
3365,3363
3366,3364
3367,3368
3367,3371
3367,3372
3367,3373
3367,3374
3367,3375
3367,3376
3367,3377
3367,3378
3367,3379
3367,3380
3367,3381
3367,3382
3367,3383
3367,3384
3367,3385
3367,3386
3367,3387
3367,3388
3367,3389
3367,3390
3367,3391
3367,3392
3368,3367
3368,3369
3368,3370
3369,3368
3370,3368
3371,3367
3372,3367
3373,3367
3374,3367
3375,3367
3376,3367
3377,3367
3378,3367
3379,3367
3380,3367
3381,3367
3382,3367
3383,3367
3384,3367
3385,3367
3386,3367
3387,3367
3388,3367
3389,3367
3390,3367
3391,3367
3392,3367
3393,3394
3393,3396
3393,3397
3393,3398
3393,3399
3393,3400
3393,3401
3393,3402
3393,3403
3393,3404
3393,3405
3393,3406
3393,3408
3393,3409
3393,3410
3393,3411
3393,3412
3394,3393
3394,3395
3394,3407
3395,3394
3396,3393
3397,3393
3398,3393
3399,3393
3400,3393
3401,3393
3402,3393
3403,3393
3404,3393
3405,3393
3406,3393
3407,3394
3408,3393
3409,3393
3410,3393
3411,3393
3412,3393
3413,3414
3413,3416
3413,3417
3413,3418
3413,3419
3413,3420
3413,3421
3413,3422
3413,3423
3413,3424
3413,3425
3413,3426
3413,3427
3413,3428
3413,3429
3413,3430
3413,3431
3413,3432
3413,3433
3413,3434
3414,3413
3414,3415
3415,3414
3416,3413
3417,3413
3418,3413
3419,3413
3420,3413
3421,3413
3422,3413
3423,3413
3424,3413
3425,3413
3426,3413
3427,3413
3428,3413
3429,3413
3430,3413
3431,3413
3432,3413
3433,3413
3434,3413
3435,3436
3435,3437
3435,3438
3435,3439
3435,3440
3435,3441
3435,3442
3435,3443
3435,3444
3435,3445
3435,3447
3435,3448
3435,3449
3435,3450
3436,3435
3436,3446
3437,3435
3438,3435
3439,3435
3440,3435
3441,3435
3442,3435
3443,3435
3444,3435
3445,3435
3446,3436
3447,3435
3448,3435
3449,3435
3450,3435
3451,3452
3451,3454
3451,3455
3451,3456
3451,3457
3452,3451
3452,3453
3452,3458
3453,3452
3454,3451
3455,3451
3456,3451
3457,3451
3458,3452
3459,3460
3459,3462
3459,3463
3459,3464
3459,3465
3459,3466
3460,3459
3460,3461
3461,3460
3462,3459
3463,3459
3464,3459
3465,3459
3466,3459
3467,3468
3467,3470
3467,3471
3467,3472
3468,3467
3468,3469
3468,3473
3469,3468
3470,3467
3471,3467
3472,3467
3473,3468
3474,3475
3475,3474
3475,3476
3476,3475
3477,3478
3478,3477
3478,3479
3479,3478
3480,3481
3481,3480
3481,3482
3482,3481
3483,3484
3484,3483
3484,3485
3485,3484
3486,3487
3487,3486
3487,3488
3488,3487
3489,3490
3489,3491
3489,3492
3489,3493
3490,3489
3491,3489
3492,3489
3493,3489
3494,3495
3494,3497
3494,3498
3495,3494
3495,3496
3495,3499
3496,3495
3497,3494
3498,3494
3499,3495
3500,3501
3500,3504
3500,3505
3501,3500
3501,3502
3501,3503
3502,3501
3503,3501
3504,3500
3505,3500
3506,3507
3507,3506
3508,3509
3509,3508
3510,3511
3510,3513
3511,3510
3511,3512
3512,3511
3513,3510
3514,3515
3515,3514
3515,3516
3516,3515
3517,3518
3517,3519
3517,3520
3517,3521
3517,3522
3517,3523
3518,3517
3518,3524
3518,3525
3519,3517
3520,3517
3521,3517
3522,3517
3523,3517
3524,3518
3525,3518
3526,3527
3527,3526
3528,3529
3528,3531
3528,3532
3528,3533
3528,3534
3528,3535
3529,3528
3529,3530
3530,3529
3530,3536
3531,3528
3532,3528
3533,3528
3534,3528
3535,3528
3536,3530
3537,3538
3538,3537
3538,3539
3538,3540
3539,3538
3540,3538
3541,3542
3542,3541
3542,3543
3542,3544
3543,3542
3544,3542
3545,3546
3545,3548
3545,3549
3545,3550
3546,3545
3546,3547
3546,3551
3547,3546
3548,3545
3549,3545
3550,3545
3551,3546
3552,3553
3552,3556
3553,3552
3553,3554
3553,3555
3554,3553
3555,3553
3556,3552
3557,3558
3557,3560
3557,3561
3557,3562
3558,3557
3558,3559
3558,3563
3559,3558
3559,3564
3560,3557
3561,3557
3562,3557
3563,3558
3564,3559
3565,3566
3565,3567
3565,3568
3565,3569
3565,3570
3566,3565
3566,3571
3567,3565
3568,3565
3569,3565
3570,3565
3571,3566
3572,3573
3572,3575
3572,3576
3572,3577
3572,3578
3572,3579
3573,3572
3573,3574
3573,3580
3574,3573
3575,3572
3576,3572
3577,3572
3578,3572
3579,3572
3580,3573
3581,3582
3581,3584
3581,3585
3581,3586
3581,3587
3581,3588
3582,3581
3582,3583
3582,3589
3583,3582
3584,3581
3585,3581
3586,3581
3587,3581
3588,3581
3589,3582
3590,3591
3590,3592
3590,3593
3590,3594
3591,3590
3591,3595
3592,3590
3593,3590
3594,3590
3595,3591
3596,3597
3596,3598
3597,3596
3598,3596
3599,3600
3599,3602
3599,3603
3599,3604
3599,3605
3599,3606
3600,3599
3600,3601
3600,3607
3601,3600
3602,3599
3603,3599
3604,3599
3605,3599
3606,3599
3607,3600
3608,3609
3608,3610
3608,3611
3609,3608
3610,3608
3611,3608
3612,3613
3612,3614
3613,3612
3614,3612
3615,3616
3615,3617
3615,3618
3615,3619
3615,3620
3615,3621
3616,3615
3616,3622
3616,3623
3617,3615
3618,3615
3619,3615
3620,3615
3621,3615
3622,3616
3623,3616
3624,3625
3625,3624
3625,3626
3626,3625
3627,3628
3628,3627
3629,3630
3629,3631
3629,3632
3629,3633
3630,3629
3630,3634
3631,3629
3632,3629
3633,3629
3634,3630
3635,3636
3635,3638
3635,3639
3635,3640
3636,3635
3636,3637
3637,3636
3638,3635
3639,3635
3640,3635
3641,3642
3642,3641
3642,3643
3643,3642
3644,3645
3645,3644
3645,3646
3645,3647
3646,3645
3647,3645
3648,3649
3649,3648
3650,3651
3650,3653
3650,3654
3650,3655
3650,3656
3650,3657
3651,3650
3651,3652
3651,3658
3652,3651
3652,3659
3653,3650
3654,3650
3655,3650
3656,3650
3657,3650
3658,3651
3659,3652
3660,3661
3661,3660
3661,3662
3661,3663
3662,3661
3663,3661
3664,3665
3664,3667
3664,3668
3664,3669
3664,3670
3665,3664
3665,3666
3666,3665
3666,3671
3667,3664
3668,3664
3669,3664
3670,3664
3671,3666
3672,3673
3672,3675
3672,3676
3672,3677
3672,3678
3673,3672
3673,3674
3673,3679
3674,3673
3674,3680
3675,3672
3676,3672
3677,3672
3678,3672
3679,3673
3680,3674
3681,3682
3682,3681
3682,3683
3683,3682
3684,3685
3684,3687
3685,3684
3685,3686
3686,3685
3687,3684
3688,3689
3689,3688
3690,3691
3690,3693
3690,3694
3690,3695
3690,3696
3691,3690
3691,3692
3691,3697
3692,3691
3693,3690
3694,3690
3695,3690
3696,3690
3697,3691
3698,3699
3698,3701
3698,3702
3698,3703
3698,3704
3698,3705
3699,3698
3699,3700
3700,3699
3701,3698
3702,3698
3703,3698
3704,3698
3705,3698
3706,3707
3707,3706
3707,3708
3707,3709
3708,3707
3709,3707
3710,3711
3710,3713
3711,3710
3711,3712
3712,3711
3713,3710
3714,3715
3714,3716
3714,3717
3714,3718
3715,3714
3716,3714
3717,3714
3718,3714
3719,3720
3719,3721
3719,3722
3720,3719
3721,3719
3722,3719
3723,3724
3723,3725
3723,3726
3723,3727
3724,3723
3725,3723
3726,3723
3727,3723
3728,3729
3729,3728
3730,3731
3730,3732
3730,3733
3730,3734
3730,3735
3731,3730
3732,3730
3733,3730
3734,3730
3735,3730
3736,3737
3736,3738
3736,3739
3736,3740
3737,3736
3738,3736
3739,3736
3740,3736
3741,3742
3742,3741
3743,3744
3744,3743
3745,3746
3745,3747
3746,3745
3747,3745
3748,3749
3748,3750
3749,3748
3750,3748
3751,3752
3751,3753
3751,3754
3751,3755
3751,3756
3752,3751
3753,3751
3754,3751
3755,3751
3756,3751
3757,3758
3757,3759
3757,3760
3757,3761
3757,3762
3757,3763
3758,3757
3759,3757
3760,3757
3761,3757
3762,3757
3763,3757
3764,3765
3764,3766
3764,3767
3765,3764
3766,3764
3767,3764
3768,3769
3769,3768
3770,3771
3770,3772
3770,3773
3771,3770
3772,3770
3773,3770
3774,3775
3774,3776
3774,3777
3774,3778
3775,3774
3776,3774
3777,3774
3778,3774
3779,3780
3779,3781
3779,3782
3780,3779
3781,3779
3782,3779
3783,3784
3783,3785
3783,3786
3783,3787
3783,3788
3784,3783
3785,3783
3786,3783
3787,3783
3788,3783
3789,3790
3789,3791
3789,3792
3789,3793
3790,3789
3791,3789
3792,3789
3793,3789
3794,3795
3794,3796
3794,3797
3795,3794
3796,3794
3797,3794
3798,3799
3799,3798
3800,3801
3800,3802
3800,3803
3801,3800
3802,3800
3803,3800
3804,3805
3804,3806
3804,3807
3805,3804
3806,3804
3807,3804
3808,3809
3808,3810
3809,3808
3810,3808
3811,3812
3812,3811
3813,3814
3813,3815
3813,3816
3814,3813
3815,3813
3816,3813
3817,3818
3818,3817
3819,3820
3820,3819
3821,3822
3821,3823
3821,3824
3822,3821
3823,3821
3824,3821
3825,3826
3826,3825
3827,3828
3827,3829
3827,3830
3828,3827
3829,3827
3830,3827
3831,3832
3831,3833
3831,3834
3832,3831
3833,3831
3834,3831
3835,3836
3836,3835
3837,3838
3837,3839
3837,3840
3837,3841
3838,3837
3839,3837
3840,3837
3841,3837
3842,3843
3842,3844
3842,3845
3842,3846
3843,3842
3844,3842
3845,3842
3846,3842
3847,3848
3847,3849
3847,3850
3847,3851
3848,3847
3849,3847
3850,3847
3851,3847
3852,3853
3853,3852
3854,3855
3854,3856
3855,3854
3856,3854
3857,3858
3857,3859
3857,3860
3857,3861
3857,3862
3858,3857
3859,3857
3860,3857
3861,3857
3862,3857
3863,3864
3863,3865
3864,3863
3865,3863
3866,3867
3867,3866
3868,3869
3869,3868
3870,3871
3871,3870
