2
2
71
0
71
2
2
2
2
2
71
0
2
4
2
0
2
71
4
1
2
37
4
2
12
2
2
4
4
456
0
12
12
2
459
149
2
463
237
37
37
12
149
149
149
149
459
456
149
149
149
456
459
459
249
456
37
149
17
2
22
149
456
459
459
459
149
2
456
171
459
456
170
24
456
456
37
24
24
24
170
37
37
151
149
151
456
37
457
37
36
37
37
150
45
339
37
37
38
37
41
41
37
37
37
37
37
42
37
37
37
37
37
37
40
42
37
40
40
41
40
42
40
44
42
44
45
45
37
41
44
44
40
37
44
45
45
44
45
44
44
44
44
44
44
197
45
44
197
466
384
45
45
45
46
196
237
245
41
58
197
58
466
45
2
178
166
58
58
58
166
179
166
4
166
58
4
71
174
71
163
166
163
71
67
68
193
194
67
67
71
71
71
71
71
71
71
68
71
71
70
71
70
69
71
71
71
70
71
71
71
71
71
71
71
71
71
72
72
72
72
72
72
72
72
72
72
72
72
72
72
72
72
72
72
72
72
72
72
72
72
75
75
150
72
163
45
72
72
72
75
75
72
497
72
72
85
72
93
93
72
72
72
75
72
72
72
347
72
72
93
93
72
72
459
72
93
72
72
72
72
72
169
72
72
72
72
339
72
72
93
97
97
339
72
339
339
97
72
72
102
97
96
72
97
97
258
103
466
102
466
365
70
2
106
365
466
106
197
197
106
102
272
271
108
166
150
466
466
466
469
72
469
150
150
262
469
72
466
150
464
150
150
150
459
150
166
149
150
150
150
237
149
459
149
149
237
36
149
37
0
134
127
127
127
37
365
42
127
401
149
37
127
127
127
127
127
45
127
127
39
401
270
149
272
127
39
401
401
93
401
128
272
37
127
272
137
134
137
39
39
272
39
39
39
134
37
39
37
39
39
39
39
40
127
401
39
39
37
127
39
37
137
150
466
41
39
466
37
149
150
44
37
150
150
149
150
37
149
149
149
150
149
37
37
150
150
149
149
149
150
150
37
37
37
37
40
40
45
42
38
150
40
38
37
40
37
37
150
42
150
37
37
150
155
150
163
163
44
163
166
163
166
163
44
163
163
163
163
163
166
166
466
150
466
166
166
166
58
166
170
166
166
166
166
171
466
166
170
408
170
170
166
19
174
466
163
170
163
150
459
179
408
174
163
435
174
4
150
150
150
166
163
150
174
179
179
71
341
4
150
71
71
174
71
194
71
71
179
466
466
71
193
179
71
183
71
72
179
194
233
0
194
194
193
183
194
426
71
194
72
12
12
196
194
72
194
45
197
193
93
197
194
466
193
46
196
72
197
45
196
197
197
72
198
466
193
197
45
37
72
237
37
197
199
199
67
72
37
238
72
72
67
72
72
72
72
45
45
45
45
72
72
72
93
45
72
72
37
37
45
37
72
270
45
72
45
45
45
45
45
127
45
45
440
44
45
45
45
45
37
45
238
37
37
233
231
45
37
37
238
233
237
45
233
45
233
72
233
231
231
233
337
233
233
233
37
233
339
233
341
231
233
233
42
233
38
39
41
233
231
231
233
38
39
233
233
233
237
332
237
38
238
237
237
237
237
37
238
237
237
237
237
237
45
38
37
37
236
237
242
37
38
238
37
38
38
37
237
245
237
237
237
242
237
237
2
245
242
37
249
237
249
245
37
37
249
249
38
249
72
237
249
249
249
249
249
249
237
75
193
466
249
96
249
93
459
249
37
37
37
37
249
237
37
194
37
37
249
37
258
37
127
127
40
262
45
37
262
263
45
41
270
262
45
45
365
127
70
272
272
127
270
272
269
270
270
72
272
269
270
269
270
270
270
272
70
270
70
2
2
272
70
70
272
2
2
2
270
2
270
2
275
70
71
2
2
70
166
150
460
37
459
408
70
408
37
408
72
166
166
37
2
163
71
71
71
71
166
71
68
40
70
68
149
149
71
70
296
37
72
2
72
2
37
149
245
2
169
101
169
166
169
72
72
169
312
166
72
72
72
459
169
72
401
401
401
163
163
409
163
401
408
72
372
409
127
127
341
409
2
401
2
457
409
304
70
2
408
72
72
4
2
71
2
2
179
409
71
341
163
163
93
45
75
72
72
72
72
71
72
72
45
72
45
45
45
45
72
72
72
45
2
45
45
45
72
45
45
45
45
45
45
45
45
45
45
72
45
45
318
93
71
71
45
318
72
72
72
72
71
72
72
71
72
72
166
332
71
71
332
71
71
71
4
0
71
0
71
71
71
45
2
2
166
0
71
71
71
332
71
166
339
341
341
339
335
332
339
341
339
341
341
341
365
339
339
72
179
341
341
341
37
341
339
365
341
339
341
341
344
341
347
341
344
344
341
166
365
408
341
365
37
341
341
341
157
408
409
37
242
341
238
339
37
237
238
238
237
238
37
88
72
96
249
339
4
237
72
97
2
365
4
2
2
365
365
365
2
4
365
4
457
4
339
365
339
365
2
457
365
339
365
339
238
365
238
97
339
238
270
4
339
359
238
359
372
425
372
371
365
457
456
456
371
375
375
389
149
389
463
459
456
456
376
456
456
24
379
24
24
409
459
43
457
37
45
237
238
45
466
45
237
45
384
238
237
237
45
386
150
389
45
386
389
238
238
237
389
237
426
389
389
272
435
2
38
37
393
395
72
93
459
459
93
149
37
237
459
459
149
459
149
459
163
163
163
365
459
459
166
459
163
459
166
404
170
170
163
404
408
166
459
166
408
408
408
408
167
341
166
72
166
2
196
408
341
408
341
409
408
408
341
166
166
163
341
167
341
127
412
149
163
401
341
341
163
415
389
2
389
163
341
341
166
339
409
75
341
318
335
2
341
2
424
426
320
426
2
2
426
2
2
2
2
426
426
2
2
45
2
237
426
237
238
2
237
2
2
2
2
2
2
45
2
4
435
2
2
4
2
2
435
440
37
435
4
4
440
37
37
37
37
37
37
40
37
440
45
40
45
37
45
37
37
40
440
45
441
163
37
441
163
37
441
166
163
179
408
163
151
237
150
150
341
152
441
37
37
72
459
456
151
456
37
44
457
459
459
459
457
459
459
456
459
459
459
456
459
456
459
457
459
459
459
459
459
456
459
459
459
2
459
459
459
459
462
459
459
459
459
459
466
459
466
466
466
462
466
466
466
466
1
466
469
462
39
466
469
466
466
469
45
466
466
466
469
163
37
469
466
469
166
170
466
231
150
475
231
37
160
207
230
440
365
197
483
440
160
40
37
440
37
365
238
37
37
440
45
37
37
37
483
37
269
37
483
45
134
37
40
37
127
151
38
37
134
37
134
497
491
2
497
134
2
45
2
37
2
2
71
38
2
0
0
2
2
0
71
71
71
0
71
71
2
0
0
0
0
0
