175,
335,
335,
37,
60,
14,
474,
278,
335,
427,
193,
364,448,
69,104,
67,
195,
367,
167,
179,
197,
486,
499,
486,
474,
175,
67,
252,
34,
417,
146,
0,
0,
499,
497,
249,
146,
37,
167,
5,
164,
202,
80,
249,
49,
120,
21,
466,
0,
80,
335,
12,
285,
486,
486,
425,
26,
358,
53,
112,
11,
13,
120,
249,
197,471,
378,
36,
37,
67,
72,
13,
82,
242,
53,
21,
11,
37,
285,
242,
252,
37,
242,
14,
249,
149,
16,
21,
14,
194,
21,
202,
119,
242,
448,450,
469,
201,
37,
469,
37,
239,
36,
378,
146,
466,
469,
449,
21,
287,
259,
454,
256,
21,
14,
486,
36,
370,
24,
486,
295,
2,
486,
252,
486,
37,
486,
164,
449,
486,
486,
444,
285,
2,
28,
146,
499,
499,
449,
21,
484,
486,24,
339,
443,
0,
17,
28,
0,
93,
367,
242,
241,
149,
486,
339,
339,
368,
37,
28,
37,
120,
175,
175,
36,
37,
278,
146,
499,31,
149,
0,
149,
365,
368,
28,
242,
242,
21,
260,
197,
242,
285,
365,367,
245,
285,
239,
285,
2,
242,
287,
242,
239,
244,
49,
146,
119,
285,440,
37,
150,
438,
287,
231,
449,
335,
37,
231,49,
242,
149,
242,
37,
171,
367,
474,
450,
149,
231,
194,
242,
208,
486,
36,
486,
44,
151,
486,
194,
467,
151,
471,
272,
164,
450,
201,
242,
202,
51,
449,
499,
194,
474,
474,
474,
474,
201,
93,
239,
448,450,323,
448,194,
194,403,
474,
413,
259,
474,
51,
0,
120,
471,
466,
197,
474,
474,
448,323,
51,444,
450,
244,
197,
136,
474,
438,
474,
51,
474,
471,
471,
261,
474,
175,
197,
474,
474,
175,
51,
474,
474,
474,
475,
242,
474,
60,
474,475,
466,
474,
67,
474,
7,175,
168,
466,
287,
471,
474,
175,
474,
166,
175,
474,
194,
120,
474,
475,
116,474,
164,
64,
474,
471,
355,
193,
474,
164,
202,
474,
474,
285,
474,
471,
37,
285,
78,
11,
249,
70,
62,
67,
70,
474,
73,
471,
49,
0,
285,
67,
335,
285,
67,
175,
37,
60,
37,
67,
175,
157,
471,
474,
0,
283,
60,
474,
37,
471,
37,
469,
194,
474,
474,
72,
474,
66,
340,
451,
81,
149,
474,
332,
450,
474,311,
80,
448,450,
166,
338,
474,
355,
278,
471,
466,
62,
311,
80,
91,
336,
335,
471,
278,
2,
278,
474,
81,
82,
470,
93,
71,
242,
285,
450,
13,
335,
80,79,
152,
37,
116,
73,
314,
451,
474,
372,
70,486,
444,
354,
410,
190,
78,
474,
81,
470,
194,
121,
164,
354,
448,450,
393,
445,
474,
443,
448,450,
82,
414,
262,
242,
262,
97,
241,
364,
86,
146,
335,
449,
471,
448,450,
242,
354,
262,
197,
466,
450,
164,
451,
466,
81,
194,
335,340,
471,
349,
64,
262,
349,
414,
104,
471,
471,
67,
451,
262,
70,
401,
164,
466,339,
68,276,
0,
242,175,
82,
104,
164,
2,
365,
448,
0,
471,
335,
335,
0,252,
367,
0,
486,
367,
197,
466,
450,
449,
335,
414,
401,
338,
104,
467,
340,
364,
474,
471,
335,
471,
70,
471,
362,
414,
471,
367,
471,
469,
146,
175,
167,
389,
364,
335,
127,
175,
471,
471,
167,
360,
474,
466,
176,217,
51,
202,
193,195,191,
194,
87,
231,
194,
466,
67,
442,
242,
146,
470,
466,
116,
413,
474,
144,
119,
146,
466,
466,
146,
146,
442,
448,
114,
119,
181,
149,
146,
146,
120,
104,
146,
149,
101,
149,
444,
29,
471,
444,
365,
442,
146,
146,
449,
146,
449,450,
449,
146,
339,
448,450,
120,
438,
487,
444,
150,
499,
449,
448,
441,
262,
219,
16,
104,
449,
146,
262,
119,
448,262,
486,
471,
414,
443,442,
116,
249,
127,
410,
446,
146,
120,
401,
127,
194,
444,
26,
217,
449,
116,
451,
486,
401,
369,
262,
336,
444,
262,
444,
450,
270,
451,
450,
164,
413,
466,
450,
451,
408,407,
127,
408,
114,
404,
93,
166,168,474,
449,
262,
261,
217,414,
263,
471,
72,
93,
471,
70,
93,
444,
70,
118,401,
179,176,
80,
242,
451,
401,
70,
450,
91,
51,
127,
37,
70,
138,
486,
262,
149,
486,446,
487,
401,
408,
231,
0,
272,
175,
127,
127,
127,
242,49,
401,
474,
403,
194,
474,
121,
474,
466,
213,
119,
401,
401,
438,
471,
474,
474,
181,
124,
474,
474,
149,
474,
403,
474,
193,
239,
149,
444,442,
471,
175,
119,
441,
70,
28,
242,
256,439,59,
242,
127,
151,
37,
151,
366,114,
438,
95,
262,
208,
80,
28,
242,
37,
262,
242,
242,
37,
36,
242,
175,
471,
242,
40,
60,
438,
149,
438,175,
37,
149,
285,
444,
179,176,
442,
486,
147,
450,
210,208,
93,
285,
151,
438,
441,
239,
442,
81,
21,
262,
242,
209,
37,
242,
81,
28,
164,
403,
147,
28,
438,
146,
119,
242,
262,
119,118,121,
164,
449,
262,
442,
149,
175,
474,
168,
474,
474,
151,
168,
446,
444,
474,
444,
231,
167,
146,
335,
127,
474,
474,
474,
466,
474,
413,
81,
164,
474,
413,
349,
474,
175,
403,
466,
231,
146,
474,
175,
82,
442,
60,
471,
262,
471,
471,
466,
168,
474,
2,
466,
306,
146,
2,
2,
471,
474,
262,
147,
149,
19,
149,
67,
474,
2,
60,
149,
201,
469,
0,
471,
167,
21,
474,
474,
16,119,
20,
403,
119,
403,
2,
2,
149,
28,
365,
196,
164,
146,
242,
194,
283,
450,181,
154,
443,194,
474,
60,
0,
166,
146,
474,
475,
175,
475,
73,
471,
81,
164,
67,
474,
406,
104,
358,
469,
179,176,181,
471,
401,
474,
170,
307,
409,
127,
474,
262,
474,
467,
67,
474,
349,
471,
403,
410,
60,
119,
474,
87,
403,
5,
151,
164,
51,
11,
190,
14,
62,
252,
312,
194,
81,
80,
21,
239,
449,
355,
367,
53,
176,
239,
474,
193,
474,
355,
471,
451,
252,
262,
474,
147,
474,
448,450,
474,
474,
474,
194,197,
64,
474,
474,
175,
474,
449,
70,104,88,
99,
185,
278,
209,
61,
450,
474,
474,
474,
255,
475,
278,104,
219,
70,
28,
474,
0,
471,
285,
252,
193,
239,
149,
285,
285,
78,197,
67,
242,
16,
175,
70,
175,
67,
240,
38,
245,
197,
471,
162,
486,
202,
208,
73,
54,
38,
37,
64,
366,
104,
93,
93,
73,
202,
450,
217,
471,
450,
175,
315,333,
104,
193,
24,
95,
70,
104,
372,
471,
194,
448,450,
70,
70,
29,
278,
217,
271,
37,
217,
70,
448,
28,
194,
471,
364,
443,
45,
270,
262,
444,
207,
73,
198,
401,
278,
448,
217,
365,
146,
28,
471,
206,
21,
450,
449,
175,
119,
45,
2,
127,
340,
442,
242,
321,
285,
208,
43,
449,
471,
486,
499,
436,
442,
146,
171,
368,
21,
438,
28,
175,
167,
176,
176,
337,
474,
335,
167,
486,
167,
449,
259,239,
164,
165,
60,
466,
337,
170,
474,
470,
474,
181,
474,
350,
474,
239,
119,
181,
147,
81,
239,
337,
410,
471,
230,
138,
118,121,
474,475,
239,
448,450,
474,
337,
178,
118,121,
239,
13,
231,
119,118,121,
149,
231,
119,
486,
118,121,
449,
216,
340,
124,
176,
149,
232,
335,
242,
426,
119,
242,
466,
242,
249,
149,
438,
137,
175,
146,239,
116,175,
242,
262,
245,
442,
486,
239,
176,
93,
242,
121,
176,
37,
136,
252,
340,341,
408,
175,
5,
178,
426,
287,
417,
340,
166,
231,
263,
442,
166,
384,
474,
474,208,
37,
232,
217,
448,450,238,
448,
450,
450,
54,
238,
164,
191,
414,
239,
242,
240,
259,
239,
471,
146,
242,
242,
37,
146,
287,
151,
178,
249,
178,
175,
242,
175,
197,
37,
486,438,
236,
146,
335,
171,
104,
242,
323,
285,
164,
149,
474,
239,
13,239,
179,176,
285,
70,
252,
448,450,
242,
86,
253,
259,
410,
119,
249,
254,
466,
285,
466,
242,
242,
295,
448,
93,
239,
474,
14,
367,
357,
197,
68,
146,
120,
466,
119,
413,
253,
242,
149,
119,
438,
13,37,
210,
463,
458,
269,
264,
37,
119,
213,
449,
448,
442,
259,
81,
217,
67,413,
442,
339,
37,
220,
368,
474,
413,
48,
449,
119,
365,212,
466,
471,
448,450,323,
448,450,323,
263,
339,
364,
217,
195,
1,
51,
450,
474,
471,
364,
474,
175,
335,
70,
164,
265,
365,
62,
442,
261,
146,
471,
127,
474,
448,450,323,
471,
475,
262,
339,
474,
471,
49,
51,
197,
70,72,
51,
474,
196,
367,
323,
471,
466,
469,
449,
208,
120,
213,
471,
106,
339,
278,73,
401,
467,
194,
136,
194,
339,
2,
288,
467,
70,
471,
168,
365,
121,
466,
367,
311,
262,
21,
171,
474,
161,
197,
474,
367,
284,370,
179,176,
474,
285,
474,
474,
287,
213,
444,81,
285,
410,
175,
73,
149,
474,
36,
149,
70,
164,
5,194,
474,
285,
242,
242,
164,
285,
68,
285,372,
283,
175,
197,
450,
285,
285,
286,
471,
285,
146,37,
474,
414,
164,
146,
471,
197,
119,
104,
166,
471,
429,37,
355,
181,
164,
2,
245,
175,
410,
164,
49,
335,
149,
197,
467,
164,
104,
312,
179,176,
170,
298,
164,
81,
469,
449,
278,
262,
164,
176,
164,
370,
367,
471,
414,
409,
413,
449,
306,
369,
127,
116,
367,
367,
242,
449,450,
408,
0,
270,
166,
2,
51,
410,
417,
367,369,
119,
357,
119,
341,
367,
450,
413,
449,
410,
408,
349,
401,
341,
450,
499,
2,
262,
73,
335,
367,
345,
370,
127,
262,
340,
410,
179,176,
67,
262,
164,
252,
242,
311,
471,
314,
338,
413,
242,
309,
318,
315,
337,
314,
450,
278,
450,
448,450,
335,
450,
113,
450,
471,
364,
249,
146,
449,450,
450,
448,323,
335,
151,
314,
335,
449,
315,
2,
320,
335,
47,
194,
314,
175,
67,
448,450,
449,
80,
450,
272,
403,
353,
178,
262,
46,
239,
47,
449,
497,
245,
321,
80,
175,
448,450,
127,
335,
449,
450,
467,
259,
194,
450,
37,
474,
450,
239,
449,
450,
450,
449,
2,
210,
450,
450,
449,
474,
474,
93,
471,
285,
175,
474,
448,450,
278,
68,
72,
78,
410,
120,
466,
474,
119,
474,
470,
438,
466,
81,
157,
91,
81,
286,
175,
146,
68,
2,
474,
70,
408,446,
335,
38,
496,
276,
278,
2,
335,
262,
179,176,
60,
401,
367,
474,
474,
474,
333,
337,
474,
324,
474,
474,
449,
448,323,450,
471,
467,
499,333,
429,164,
469,
4,
197,
401,
138,
118,
176,
469,
262,
340,341,
336,
474,
471,164,
194,
474,
499,
469,
64,
335,
338,
474,
167,
340,
93,
349,
320,
364,
474,
2,
367,
367,
474,
167,
0,
170,
467,
2,
346,349,
166,
414,
449,
474,
335,
179,176,
471,
28,
450,
164,
486,
242,
335,
486,
242,
340,
239,
436,
403,
409,
37,
365,
176,
335,
335,
261,
368,
239,
364,
349,
338,
164,
2,
175,
372,
353,
146,
364,
339,
245,
355,
232,
175,
486,
449,
408,
349,
449,
231,
2,
230,
239,
364,
450,
410,
265,
355,
314,
449,
85,
48,
13,
337,
249,
366,
239,
367,
467,270,
241,
235,
262,
364,
364,
80,
80,
448,450,
367,
239,
428,
486,
451,
448,450,
449,
72,
335,
450,
364,
450,
365,
2,
338,
414,
340,
2,
340,
104,
340,341,
474,
179,176,
486,
335,
340,
37,
241,
364,
474,
2,
166,
414,
239,
335,
323,
364,
364,
450,
367,370,
412,
444,
389,
51,
486,
474,
401,
471,
450,
194,
444,
414,
340,341,
414,
0,
116,
338,
51,409,
378,
262,
119,
409,
259,
409,
450,
414,
364,
295,
414,
408,
168,170,
410,
428,320,
486,
0,
382,
210,
116,
413,
372,
256,
367,
367,
24,
365,
295,
70,
16,
373,
474,
378,
340,
194,
323,
86,
414,
14,
26,
367,
28,
107,
93,
449,
0,
474,
51,
51,
87,
364,
474,
116,239,
201,
474,
193,
471,
48,
87,
370,
240,
471,
238,
449,
262,
88,
333,
448,323,
449,
474,
53,
413,
262,
367,474,
471,
209,93,
164,
93,
443,
149,
149,
179,176,181,
263,
93,
486,
242,
104,
260,
107,
49,
367,
486,
414,
444,442,
389,
392,
414,
393,
242,
365,
242,
104,
242,
93,
448,450,
413,
410,
389,
278,
393,
161,
104,
256,
242,
170,
466,
21,
449,
262,
146,
96,
149,
113,114,
442,
127,
242,
340,
281,
401,
28,166,
367,
444,
474,
413,
28,
486,
414,
21,
340,
404,
404,
410,414,
449,
283,
262,
401,
413,
474,
486,
404,
168,
116,
399,
164,
474,
441,
340,
474,
449,
474,
242,
467,
262,
285,
175,
474,
116,
474,
429,
194,474,
401,
471,
403,
474,403,
408,
298,
499,
170,
474,
2,
448,
340,
28,
167,
474,
335,
242,
401,
116,
167,
264,
297,
262,
127,
351,
164,
466,
5,
262,
449,
116,
444,
340,
448,450,409,
340,
166,
252,
466,
408,
367,
442,
166,
414,
239,
474,
384,
414,
408,
450,
448,
262,
414,
339,
401,
67,
72,
262,
168,
67,
471,
427,
176,
474,
335,
335,
335,
337,
449,
179,176,
449,
413,
413,
413,
428,
448,450,
2,
414,
323,
335,
426,
353,
384,
335,
333,
486,
335,
242,
448,450,323,
333,
320,
209,
425,
335,
202,
335,
484,
386,
428,
428,238,
367,
2,
53,
287,
37,
178,
467,474,
37,
202,
53,
448,450,
81,
178,
2,
2,
107,
436,
179,176,
449,
367,
136,
4,
175,
367,
367,
285,
68,
0,
37,
37,
428,
0,
367,242,
179,176,
2,
285,
448,450,
166,
486,
240,
2,
175,
409,
436,
176,
486,
242,
73,
37,
499,
285,
179,176,
146,
146,442,
486,28,
37,209,438,
408,410,
45,216,
38,
438,
149,
222,
401,
242,
179,176,
28,
353,
127,
442,
285,
443,
121,
474,
349,
28,
365,
151,
285,
466,
442,
278,
441,
37,
486,
350,
171,
179,176,
408,
176,
239,
146,
350,
262,
37,
449,
414,
486,
28,
448,450,337,
178,
194,
28,
242,
339,364,
339,
449,
353,
21,
242,
449,
339,
454,
450,
261,
28,
450,
80,
484,
449,
365,
466,
366,
28,
364,
486,
262,
367,
364,
449,
259,
365,
340,
2,
486,
499,
146,
414,
486,
339,
280,
450,
389,
499,
28,
369,414,
474,
242,
369,
413,
340,
29,
264,
350,
449,450,
14,
486,
369,
474,
2,
370,
410,
28,
261,
14,
474,
413,
340,
239,
168,
471,
262,
403,
466,
193,
307,
410,
486,
283,
414,
466,
413,
474,
474,
259,
474,
194,
471,
466,
474,
146,
474,
146,
149,
1,67,62,
464,
147,
127,
474,
474,
475,
474,
146,
471,
164,
213,
124,474,
119,474,471,
474,
445,
474,
262,
474,
474,
473,
474,
154,
378,
146,
409,
466,
13,
474,
410,164,
118,121,
340,341,
146,
474,
364,
146,
399,
118,121,
146,
67,121,
474,
119,
393,
36,
119,
149,
119,
283,
220,
119,118,146,
263,
450,
486,
474,
335,
339,
124,
369,
149,
438,
337,
335,
28,
486,
438,
365,
67,
337,
149,
369,
486,
340,
486,
446,
369,
207,
339,
442,
364,
364,
486,
68,
120,
364,
339,
364,
262,
414,
49,
21,
486,
365,
28,
70,
370,
0,
367,
2,
59,
120,
487,
24,
265,
119,
285,
20,
364,
364,
146,
72,
262,
149,
24,
78,93,
127,
80,
72,
149,
149,
449,
70,
414,
491,
450,49,
91,
262,
486,
448,450,
116,
2,
68,
449,
486,
486,487,
2,486,
448,450,323,
393,
486,
119,
119,
486,
231,
335,
486,
164,
486,
474,
121,
471,
320,
467,448,450,323,
486,
471,
332,
68,
119,
14,
474,
367,370,
120,
68,
486,
335,
201,
364,
71,
487,
