35,
494,
424,
494,
61,
499,
466,
470,
245,
273,
275,
275,
424,
265,
275,
245,
245,
38,
2,
494,
39,
275,
408,
265,
466,
69,
67,
273,
19,
171,
493,
265,
266,
15,
275,18,
105,
35,
426,
245,
7,
7,
463,
19,
15,
171,
7,
13,
171,
424,
245,
16,
13,
13,
15,
15,
16,
15,
80,
15,
245,
15,
51,38,
13,
466,
18,
15,
265,
38,
16,
18,
237,
10,
16,
15,
18,171,
245,
15,
15,
168,
16,
38,
168,
16,
171,
15,
149,
171,
171,
44,
171,
171,
18,
171,
270,
171,
19,
18,
171,
171,
481,35,
18,
149,
15,
296,
15,
245,
15,
18,
36,
483,
443,
35,
171,
26,
23,
18,
24,
24,
444,
24,
408,
24,
380,
171,
114,
443,
171,
26,
26,175,
24,174,
26,
444,
265,
443,
35,
483,26,
15,
26,
263,
26,
161,
26,
32,33,
365,
35,
440,
156,
365,
263,
171,
263,
265,
32,
440,
44,
35,
490,
265,
39,
156,
483,
35,
35,38,
156,
174,
440,
15,
32,
32,
36,262,
35,
34,
39,
36,
443,
35,
156,
156,
41,
35,38,
44,
38,
39,
38,
38,
38,
15,
35,
32,
38,
35,
38,
35,
39,
38,
38,
35,
45,
35,
38,
39,
39,
171,
38,
35,
35,
35,
35,
44,
39,
41,
383,
383,
19,18,156,
44,
44,
38,
315,134,
44,
41,
41,
44,
44,
383,
44,
168,
171,
44,
39,
38,
44,
44,
35,
245,
48,265,158,
171,
38,
51,
51,
383,
48,
265,
156,
47,
47,
149,
270,243,
58,
38,
49,
270,
270,
383,
270,
267,
270,
38,
51,
243,
156,
245,
47,263,
58,
383,
267,
243,
51,
51,
243,
267,
156,
60,
58,
168,
161,
58,
58,
245,
58,
263,
162,
58,108,
58,
58,
156,
51,
383,
383,
58,
58,
383,
51,
51,
51,
58,
58,108,245,
159,
156,
162,
58,
71,
56,
245,
156,
296,
199,
245,
61,
58,
243,
58,
38,
71,
58,270,
290,
61,
61,
158,
67,
71,
38,
158,
69,
408,
38,
69,
245,
61,
67,
67,
67,
38,
108,
67,34,
7,
67,
67,
245,
497,494,
67,
245,
245,
69,
72,
71,
58,
70,
67,
275,
169,
71,
38,
72,
180,
67,
69,
315,
72,
69,
58,
15,
71,
72,
71,
15,
15,
206,
316,
180,
72,
93,
296,
265,
365,
93,
69,
315,
193,
102,473,
93,
312,
325,
71,
199,
15,
2,
174,
179,
180,
156,
71,
15,
15,
90,
13,
168,
161,
313,
15,
466,
13,
149,
13,
180,
265,
296,
158,
15,
440,
180,
193,417,
310,
312,
362,
180,
312,
296,
85,
219,
296,
365,
85,309,
312,
310,
93,
96,
88,
312,
48,
303,
383,
408,
96,
96,
58,
85,88,
310,
72,
403,
365,
92,
193,
15,
263,
325,
93,
263,
94,
362,
93,
365,
365,
93,
365,
96,
93,
94,
94,
365,
93,
393,
325,
93,
296,
402,
269,
394,
94,
365,
93,
365,
262,
94,
97,
207,205,
96,
310,
96,
265,
97,
365,
97,
365,
263,
97,
365,
363,
265,
93,
261,
265,
365,265,
267,
263,
270,
103,
243,
486,
69,
102,
103,
103,
265,
259,260,
105,
105,
105,
51,
383,
105,
290,
267,
105,
156,
270,
261,
58,
51,
270,
105,
105,
105,
270,
108,105,
108,
383,
58,
108,
272,
266,
108,
270,
270,
383,
105,
263,
51,
156,
109,
51,243,
109,
417,
109,
290,
51,
114,
270,265,
245,112,
109,
109,
270,
270,
174,
267,
156,
267,
114,
71,
36,
263,
267,
114,
267,
270,
273,
383,
116,
267,
267,
267,
171,
105,
443,
383,
265,
267,
383,
114,
310,
36,
158,
116,
265,
490,
116,
116,
15,
118,440,
51,
109,
39,
16,
265,
179,
444,
35,
483,
266,
494,
486,
263,39,
116,
15,
262,
443,122,
124,
263,
493,
445,
486,39,
306,
39,
310,
270,
124,
490,
263,
124,
325,
213,
263,
263,
265,
365,
325,
270,
263,
174,
405,
444,
437,
263,
265,
130,
162,
486,
443,
35,
96,
265,
265,
403,
296,
94,
486,
267,
483,
94,
417,
161,269,
266,
134,
417,
262,
35,
38,
445,
265,
265,
163,
440,
51,
265,
124,
267,
263,
124,
38,
266,
266,
391,
391,
490,
267,
272,
38,
494,443,
263,
490,
39,
38,
267,
39,
408,
403,
168,
383,
265,
38,
103,
149,
270,
38,
269,
269,
149,
156,
108,
38,383,
245,
270,
383,
466,
162,164,
270,
470,
51,
51,
470,
152,
35,
39,
35,
19,
149,
13,245,
38,
171,
149,
15,
149,
149,
67,
149,
168,
158,
149,288,
158,
149,
35,
39,
15,
149,
325,
288,
152,
35,
44,
171,
155,
149,
245,
171,
38,
152,
444,
36,
33,
35,
158,
152,
152,
152,
158,
51,
44,
156,
158,
51,
444,
158,
35,
38,
158,
156,
444,
148,
159,
149,
156,
38,
156,
44,
174,
263,
444,
155,
158,
263,
171,
158,
156,
402,
158,
171,
162,
158,
156,
174,
156,
158,
158,
105,
58,
443,
158,
161,
444,
158,
443,
171,
443,
162,
58,
168,
161,
161,
404,
162,
174,
296,
270,
158,
58,
174,
58,
443,
296,
166,
158,
296,
168,
283,
171,
296,
443,
158,
158,
162,
168,
296,
168,
168,
171,
161,
158,
404,
168,
171,
444,
168,
171,
443,
408,
408,
174,
161,
403,
19,
108,
168,
174,
178,
443,
48,
174,
168,
174,
383,
408,
24,
408,404,
408,
174,
178,
265,
168,
161,
174,
174,156,
168,
168,
171,
24,
177,
108,
168,
174,
161,
105,
174,
174,
160,
383,
69,
178,
445,
180,
180,
156,
180,
180,
162,
105,
69,
177,
180,
189,
180,
51,
180,
108,
58,
174,
333,
180,
58,
245,
180,
408,
58,
189,
69,
189,
183,
174,
158,
383,
426,
189,
363,
69,
51,
270,
365,
190,
51,
180,
465,
424,
58,
245,
404,
175,
58,
13,
362,
51,
10,
180,
490,
69,
425,
263,
15,
265,
51,105,
188,
105,
102,
65,403,
261,
296,
199,403,
69,
265,
196,
245,
51,
265,
51,
174,
93,94,
48,
48,
365,
38,
196,
267,
245,
38,
245,
69,
200,
58,
58,
35,
93,
35,
51,
51,
51,
72,
51,
245,
15,
69,
38,
245,
35,
58,56,
200,
15,
51,
35,
51,
152,
171,
38,
15,
41,
240,
265,
245,
69,
56,
149,
38,
58,270,
51,
51,
483,265,
200,
93,
13,
72,
204,
267,
38,
383,
196,
440,
72,
67,
38,
244,
51,47,238,
48,
15,
263,
203,
15,
51,
105,
383,
48,71,
51,
265,
51,
38,
212,
270,
270,
156,
263,
265,
266,
263,
483,
158,
315,
490,
265,
444,
219,
263,
440,
315,
270,
265,
44,443,
486,
265,
441,
35,
156,
483,
218,
444,35,
156,
443,
51,
219,
313,
219,
224,
218,
265,
35,
219,
38,
219,
35,
238,
38,
263,
219,
19,
26,
443,
266,
222,
224,
224,
443,
24,
35,
38,
222,
221,
158,
156,
223,
381,
225,
443,
221,
313,227,
168,
222,
221,
313,
225,
225,
219,
313,
222,223,
35,
223,
313,
332,
313,
313,227,
222,
313,
313,
230,
168,
39,
35,
38,
38,
230,
105,
230,
233,
2,
313,
234,
174,224,
313,
174,
38,
313,
51,
243,
41,
470,
335,
313,227,
383,
365,383,
315,
38,
233,
38,
51,
51,
16,
51,
171,
313,
240,
257,
404,
237,
219,
35,
237,
444,
38,
245,
440,
219,
35,
51,
245,
221,
105,
243,
156,
219,
108,
388,
383,
240,
38,
363,
237,
391,
38,
38,
263,
243,
168,
38,
105,
270,103,
245,
38,
35,
51,156,
243,
245,
243,
267,
383,
395,388,
5,
245,
240,
51,
38,
105,
38,
38,
242,
156,
44,
245,
242,
18,
248,240,
24,
108,
18,
171,
168,
16,
35,38,
245,
245,243,
149,
171,
15,
245,
168,
248,
15,
13,
408,
245,
243,105,
259,260,
155,
15,
245,
371,
15,
174,
424,
245,
258,
13,
15,
255,
265,
245,
51,
15,
258,
18,
16,
15,
51,
263,
15,35,38,
38,
108,35,
156,
15,
38,
265,
105,
383,
10,
51,
105,
105,
156,
36,
245,
263,
263,
263,
263,
263,
261,
262,
263,
267,
243,
365,
265,
263,
486,
263,
310,
444,
35,
263,
263,
486,
365,105,
108,
265,
261,
261,
267,
265,
265,
112,
263,
267,
267,
267,
270,
265,
265,
494,
383,
111,
267,
267,
267,
267,
270,
270,
266,
266,
267,
270,
269,
383,
270,
270,
270,
265,
383,
270,
270,
490,
267,
265,
272,269,
270,
269,
383,
381,
267,
265,
265,
275,
269,
269,
273,
274,
72,
265,
270,
383,
275,
290,
470,261,
48,
51,
105,
162,
266,
105,
272,
283,
270,
282,
270,178,177,
51,
174,
108,
105,
282,
94,
445,
365,
264,
161,72,
443,
443,
263,
161,
281,
490,
408,
296,
162,
58,
443,
161,269,
51,283,
158,
283,
244,
158,
283,
270,
269,
38,
242,
105,
282,
296,
162,
18,
171,158,
296,
243,
158,
171,
290,
245,
108,
51,
58,
245,
171,
58,
283,
171,
283,
283,156,
245,
171,
240,242,
283,296,
383,
244,
245,
290,
283,
293,
180,
72,
67,
245,
168,
58,
292,
245,
296,
267,
283,
296,
245,
295,
283,285,
400,
404,
295,
296,
171,
400,
168,
312,94,
311,
310,
96,
72,
281,
105,
403,
417,
403,
126,
296,
365,
443,
402,
444,
108,
443,
35,
179,
408,
303,
403,
403,
443,
265,
417,
179,
493,
444,
442,
171,
417,
267,
278,
303,
114,
267,
245,
383,
365,373,372,
281,
273,
408,
490,
408,
72,
307,
310,
265,
303,
309,
267,
267,
424,
180,
275,
180,
420,
422,
308,
308,
180,
408,
417,
419,
408,
408,
26,
420,
174,
296,
312,
311,
263,
311,
313,
156,
483,
96,
85,
365,
180,
313,
315,
171,
313,
311,
245,
106,
109,
109,
311,
315,313,
315,
168,
67,45,
180,
71,
325,
316,
67,
179,
296,
72,
72,
311,
109,
169,
44,
311,
315,
39,
318,
444,
171,
318,
38,
116,
383,
315,
161,
403,
48,
45,
174,
44,
48,196,
315,383,
51,
383,
161,
44,
319,
445,
445,
443,
408,
383,
174,
490,
265,
325,
393,
263,
316,
243,
466,
328,
325,
58,
393,
328,
58,
404,
393,
58,
168,
383,
290,
219,
178,
162,
328,
329,
94,
497,494,
183,180,
494,
332,
332,
180,
497,494,
178,
69,
335,
494,
315,
497,494,
58,
15,
223,
332,
180,
180,
233,
443,
443,
497,494,
58,
162,
108,
335,
313,
174,
313,
273,270,
156,
58,
58,
163,
58,
365,
108,
383,
332,
168,
296,
171,
58,
363,
106,
39,
105,
443,
108,
365,
94,
35,
267,
161,265,
443,
265,
174,
94,
408,
365,
105,
443,
408,
365,
168,
224,
408,
105,
101,
174,
335,
245,
72,
417,
408,
161,
365,
352,
445,
365,
295,
444,
437,
363,403,
267,
156,
408,
365,403,
365,
162,
404,
311,
219,
403,
267,
486,267,
381,
365,
417,
424,
35,
265,
156,
265,
352,
361,
178,
352,
296,
265,
244,
352,
105,
158,
383,
245,
39,
220,
223,
408,
245,
432,
424,
245,
19,
371,
15,
174,
15,
356,
357,
356,
383,
362,
408,
48,
244,
267,
384,
245,
105,
424,
270,
405,
265,
365,
383,
486,
363,
265,
362,
433,
365,
363,
363,
365,
490,
265,
402,405,
265,
405,
265,
361,362,
265,
365,
363,
381,
265,
362,
38,
363,
174,265,
365,
365,
105,
267,
365,
381,
365,
363,
156,
265,
362,
483,
381,
242,244,243,
265,
265,
273,
362,265,
369,
365,
269,
483,
265,
265,
265,
265,
383,
265,
265,
384,
304,
370,
303,
424,
105,
265,
265,
267,
266,
265,
51,
243,
270,
265,
265,
267,
168,
270,
383,
105,
171,267,
171,
391,
116,
383,
265,
263,
371,
377,
20,
377,
15,
270,
15,
381,
381,
379,
383,
383,
381,
381,
443,
380,
174,
383,
444,
383,
38,
265,
383,
270,
116,
383,
265,
383,
51,
383,
267,
359,
267,
116,
388,
383,
265,
359,
383,
388,
35,
391,
383,
160,
383,
39,
383,
383,
386,
263,
270,
383,
386,
383,
389,
265,267,
267,
270,
393,
391,
303,
383,
35,38,
393,
149,
393,392,
365,
161,
391,
174,
447,
391,
200,
158,394,
16,417,
391,
391,
393,
149,
39,
393,
310,
171,265,
391,
394,
394,
403,
402,
391,
263,
158,
161,
263,
263,
417,
394,
394,
394,
391,
399,
394,
417,
263,
161,
403,
94,
94,
414,
399,
38,
417,
400,
403,
420,
402,
391,
365,
263,
400,
266,
403,
51,
402,
174,
404,
108,445,
265,
163,
365,
24,
51,161,162,
417,
108,
265,
403,
408,152,
404,
265,
158,
404,
403,
161,
174,
408,
404,
162,
282,
58,
408,
174,
403,
263,
162,
175,
408,
402,
404,
443,
417,
310,
444,
417,
363,
233,
363,
417,
310,
402,
161,
417,
261,
174,
263,
405,
400,
262,
444,
108,
445,
158,
414,
417,
265,
261,
262,
365,
158,
443,
161,
417,
404,
447,
365,
156,
162,
296,
265,
310,
417,
178,
497,494,
420,
156,
445,
419,
180,
422,
419,
422,419,
168,
403,
265,
267,
365,
421,
383,
424,
422,408,
371,
265,
422,
422,
315,
420,
156,
424,245,
245,
307,
245,
2,
267,
497,494,
421,
243,
245,
426,
424,
245,
426,
270,
245,
383,
416,
245,
18,
245,
245,
237,
383,
391,
494,
270,
381,
315,
245,38,
2,
310,
15,
408,
444,
383,
174,
408,
245,
432,
162,
315,
44,
432,
433,
174,
444,
219,
433,
38,
434,
408,
433,
168,
362,
432,
433,
440,
48,
265,
404,
105,
365,
408,
408,
437,
435,432,
365,
38,
437,
483,
437,
490,
437,
219,
263,
35,
325,
219,
221,
437,
443,
437,
437,
41,
24,
440,
481,
444,
443,381,
444,
152,
443,
162,404,
174,
26,
335,
168,
443,
443,
180,
220,
443,444,
24,
440,
444,
443,
443,
445,
156,
444,
171,168,
445,
35,
38,
108,
445,
383,
444,
386,
152,
158,
38,
445,
444,402,
265,
483,
245,
365,
105,
481,
404,
394,
171,
171,
365,
265,
96,
440,
171,
443,
96,
18,
35,
19,
483,24,
402,
365,
35,
35,
174,417,
18,
266,
365,
443,
444,
18,
265,
94,
266,
481,
399,
483,
260,
443,
174,
174,
265,
493,
265,
383,
261,
265,
265,
171,
245,
391,
265,
263,
265,
171,
263,
35,
24,
263,
265,
180,
171,267,
383,
281,
51,
365,
443,
465,
243,
15,
466,
381,
374,
245,
15,
245,
466,
180,
464,
466,
270,
383,
265,
171,
466,
108,
51,
466,
180,
51,
270,
466,
383,
470,
109,
105,
51,105,
58,
38,
443,
270,
417,
51,
259,260,
263,
466,
470,
51,
58,
263,
466,
51,263,
162,
245,
174,
245,
106,
38,
108,
38,
383,
270,
58,105,
51,
265,
267,
105,
162,
58,
443,
171,
116,443,
58,
149,
313,
263,
479,
261,262,
114,
475,
443,
263,
263,
479,
221,
263,
38,244,
207,205,
33,
219,
490,
383,
440,
479,
486,
156,
267,
483,
263,
490,
263,
35,
365,
481,
483,
38,
35,270,
476,
479,
267,
480,
114,
483,
486,
265,
483,
485,
381,383,
487,
485,
484,383,
487,269,266,
485,
35,
486,
489,
16,
270,
249,
486,
10,
486,
443,
490,
444,
35,
267,
35,
267,
391,
36,
44,
313,
13,
263,
269,
494,
483,
490,
487,
134,
489,
490,
171,
408,
490,
15,
437,
490,
490,
494,
270,
35,
15,
494,
494,
494,
38,
245,
494,
424,
494,
15,
10,
494,
499,
494,
180,
171,
275,
494,
494,
3,
494,
332,
270,
275,
245,
421,
275,
174,
424,
365,
494,
265,
