97,
8,
97,
77,
96,10,
10,
98,
48,
15,
51,
96,
1,5,
97,
5,
0,97,
12,
77,
10,
97,
12,
5,
51,
5,
5,8,
99,
10,
5,10,
0,
10,
54,
45,
11,
23,
4,
49,
97,
56,
70,
97,
10,
49,
10,
54,
5,97,
49,
97,
12,
12,
54,
5,
56,
5,
8,
8,
8,
56,
87,
85,56,
8,
12,
5,
5,
12,
10,
5,
10,
10,
12,
5,
23,
5,
77,12,
10,
77,
56,
10,
10,
12,
10,
56,
10,
8,
10,
8,
12,
12,
97,
10,
56,
10,
12,
86,
12,
5,8,
56,
12,
56,
95,
12,
12,
12,
86,
10,
12,
97,
10,
8,
10,
56,
5,8,
10,
77,
12,
8,
10,
10,
12,
97,
97,56,
12,
10,
12,
12,97,
95,
10,
12,
12,
56,
87,
12,
12,
10,
12,
12,
56,
11,
77,
77,
77,
77,
97,
12,
12,
77,
77,
12,
15,
56,
97,
38,
56,53,
17,
10,
56,
15,
15,
56,
15,
56,
15,
10,
15,
77,
17,
12,
13,
15,
16,
10,
15,
12,
49,48,
56,
54,
97,
14,
56,
15,
15,
15,
40,
56,
10,
56,
20,
14,
23,
8,
56,
56,
56,
56,
23,
30,
12,
17,
21,
56,
56,
49,
77,
25,
97,
85,
12,
56,
56,
23,
56,
10,
3,
97,
85,
21,
99,
21,
56,
85,
23,
23,
17,
23,
23,
56,
56,
25,
85,
85,
86,
85,
85,
10,
85,
56,
30,
85,
49,
54,
27,
54,
49,
56,
25,
82,
56,
49,
10,
56,
10,
85,
45,
85,
11,
56,
25,
25,
23,
23,85,
10,
49,
54,
56,54,
27,
85,
56,
85,
30,
23,
10,
8,
30,
25,
10,
25,
27,
56,
25,
49,
25,
27,
56,
56,
30,
25,
25,
27,
77,
27,
30,
15,
54,
33,
30,
25,
23,
25,
30,
30,
27,
30,
8,
23,
95,
30,
30,
95,
56,
49,
54,
97,
49,
95,
56,
35,
56,
35,
56,
95,
54,
48,
35,
33,55,
56,
27,
56,
54,
33,
56,
49,
25,
97,
54,
30,
33,
33,
10,
54,
56,
56,
56,
54,
77,
56,
56,
35,
35,
56,
30,
35,
56,54,
35,
56,
35,
77,
95,
56,
15,
15,
77,
97,
97,
97,
56,
56,
15,
12,
15,
39,
15,
37,
56,
12,
12,
15,36,
35,
35,
56,
15,
15,
15,
56,
56,
56,
54,
54,
15,
10,
97,
15,
35,
10,
97,
97,
97,
97,
30,
15,
54,
15,
15,
35,
35,
15,
15,
40,
56,
15,
15,
37,
56,
56,
77,
48,
35,
37,
30,33,
30,
16,
12,
48,
49,37,
35,
97,
97,
48,
48,
48,
56,
48,
48,
40,
15,
44,
30,
56,
15,
46,
48,
49,
38,
54,
48,
15,
56,
48,
12,
48,
23,30,
46,
56,
30,
56,
11,
56,
77,
77,
49,
48,
48,
48,
48,
48,
56,
56,
54,
15,
48,
38,
56,
46,
54,
56,
24,
54,
48,
48,
49,
56,
48,
54,
15,
56,
48,
54,
54,
12,
54,
49,
49,
51,
49,
54,
54,
54,
49,
49,
77,
54,
51,
48,
54,
49,
97,
33,
49,
49,
54,
54,
54,
48,
49,
54,
49,
51,
54,
52,
12,
48,
56,
77,
12,
54,
97,
97,
77,
56,
75,
97,
56,
51,
54,
54,
54,
51,
54,
56,
55,
56,
54,
56,
56,
54,
56,
56,
53,
51,
55,
54,
54,
56,
56,
54,
54,
54,
54,
97,
56,
56,
54,
56,
56,
54,
56,
14,
54,
54,
12,
97,
54,
56,
56,
54,
56,54,
54,
56,
96,
53,
12,
97,
97,
95,
97,
56,
99,
97,
96,
97,
56,
54,
97,
56,
56,
56,
97,
97,
8,
97,
56,
97,
57,
56,
56,
56,
56,
56,
55,
54,
56,
95,
56,
54,
56,
56,
56,
95,
97,
54,
57,
15,
54,
17,
56,
56,
15,
77,
54,
95,
97,
56,
56,
75,
56,
56,
97,
97,
73,53,
15,
97,
92,
56,
75,
97,
35,
56,
71,
54,
8,
95,
15,
30,
97,
56,
12,
56,
15,
8,
63,
97,
5,
56,
5,
15,
77,
75,
56,
56,
96,
65,
77,
97,
95,
56,
56,
68,
97,
94,
15,
8,
71,
75,
8,
97,
97,
56,
97,
71,
75,
75,
56,
97,
97,
75,
95,
48,
56,
0,
75,
70,
54,
97,
49,
12,
8,
97,
12,
77,
54,
75,
54,
95,
54,
8,
97,
97,
53,
95,
56,
97,
54,
8,
95,53,
54,
97,56,
97,
97,
54,
77,
77,
97,
12,77,
97,
54,
54,
12,
97,
56,
95,
54,
97,
97,
77,
54,
96,
96,
12,
97,75,
54,
77,
97,
97,
97,
97,
97,
95,
97,
77,
12,
54,
96,
54,
97,
95,
97,
77,
77,
56,
12,
12,
77,
56,
12,
56,
97,
97,
77,
97,
97,
12,
54,
77,
77,
97,
85,
12,
12,
12,
12,
24,
12,
97,
56,
5,
87,
87,
45,
54,
77,
5,
54,
5,
87,
12,
12,
97,
8,
97,
97,
8,
97,56,54,
10,
46,
48,
10,
83,
95,
87,
98,
53,
86,
86,
56,
54,
56,
87,
95,53,
86,
52,
87,
97,
77,
85,
87,
87,
87,
12,
10,
95,
85,
87,
45,
85,
85,
25,
56,54,
85,
85,
86,
85,
23,
10,
83,
86,
96,10,
12,95,
56,
86,
12,
56,
95,
95,
87,
87,
97,
10,
83,
10,
87,
86,
97,
10,
87,
10,
56,
86,
94,
86,
86,
84,
95,
86,
54,
87,
85,
54,
86,
23,
54,
86,
83,
97,
49,
25,
98,
87,
86,
54,
8,
85,
12,
56,
12,
97,
86,
10,
12,
92,
54,
97,
75,57,
82,
96,
95,
97,
94,
87,
97,
97,
95,
97,
97,
25,
12,
94,
1,
93,
97,
54,
95,
12,
10,
12,
77,
56,
12,
97,
97,
95,
97,
97,
12,
97,
97,
12,
95,
77,
97,
95,
96,
97,10,
97,
54,
96,
95,
96,
21,
95,
97,
77,
97,
56,
10,
95,
12,
12,
97,
1,
10,
98,12,
97,
97,
97,
97,95,
10,
97,
97,
97,
1,
97,
10,
99,
12,
21,
8,
98,
8,
