87,
73,
15,
76,
70,
56,
76,
74,
93,
56,
15,
74,
15,66,
74,
1,
76,
15,
76,
66,
76,
73,
74,
1,
76,
76,
19,
76,
45,
74,
1,
90,
73,
1,
52,
66,
66,
56,
45,
76,
76,
21,
96,
74,
15,
22,
76,
76,
68,
74,
21,
85,
52,
80,
80,
15,
66,
1,
23,20,
76,
73,
76,
1,
43,
20,
56,
74,
19,
91,
87,
76,
1,
91,
68,66,
73,
45,
13,
80,
94,
91,
13,
74,
0,
74,
49,
74,
15,
74,
85,
93,
1,
76,
1,
15,
13,
66,
15,
66,
74,
21,
15,
98,
19,
73,
15,
91,
66,
14,
12,
52,
73,
93,
15,
1,
15,
15,
1,
66,
74,
66,
74,
15,
15,
90,
66,
15,
70,
16,
52,
61,
66,
13,
90,
58,
76,
15,
73,
66,
15,
12,
15,66,
61,
74,
74,
15,
74,
0,
47,
15,
3,
66,
80,
66,
70,
15,
66,
70,
66,
12,
66,
15,
15,
66,
74,
66,
76,
45,
74,
66,
36,
98,
1,
76,
93,
66,
42,
16,
66,
42,
66,
76,
19,
21,
66,
24,
20,
21,
20,
15,
98,
93,
21,
98,
93,
20,
15,
98,
3,
68,
90,
16,
43,
20,
98,
93,
15,
20,
99,
76,
74,
98,
22,
0,
76,
93,
1,
76,
94,
76,
0,
23,
91,
21,
99,15,
70,
15,
52,
76,
76,
76,
76,
19,
0,
76,
93,
76,
74,
23,
86,
76,
16,
76,
15,
86,
76,
56,
52,
74,
56,
16,
19,
15,
23,
21,
74,
21,
23,
56,
23,
13,
76,
76,
3,52,15,
25,
21,
15,
91,
13,
23,
73,
76,74,
93,
74,
70,
26,
74,
90,
74,
76,
23,
23,
76,
73,
15,
50,
26,
76,
15,
42,
80,
20,
56,
99,
90,
89,
76,
26,
74,
76,
93,
26,
76,
3,
21,
76,
56,
95,
58,
56,
56,
52,
26,
74,
76,
76,
1,
47,
15,
93,
56,67,
52,
61,
52,
56,
15,
56,
68,
15,
15,
45,
67,
61,
58,
94,
52,
52,
52,
86,
93,
74,
15,
76,
56,
15,
76,
36,
15,
47,
66,
31,
98,
56,
76,
15,
15,
15,
76,
47,
66,
99,
93,
15,
61,
42,
15,
66,
21,
66,
99,
98,
1,
66,
15,
15,
15,
58,
15,
66,
66,
61,
47,
66,
15,
45,
80,
66,
66,
99,
76,
91,
66,
1,
15,
14,
39,90,
56,
21,
44,
1,98,99,
1,
15,
24,
15,
1,
15,
12,
15,
47,
61,
22,
44,
15,
15,
66,
66,
80,
15,
22,
1,
99,
22,
22,
67,
15,
98,
19,
13,
26,
15,
66,
80,
44,
80,
57,
15,
16,
61,
66,
80,
45,
15,
45,
47,
47,
15,
19,
43,
76,
91,
80,
15,
90,
15,
74,
15,
80,
76,
0,
15,
13,
72,
76,
15,
13,
80,
74,
47,
15,
52,
45,
15,
66,
42,
52,
56,
15,
66,
47,
66,
13,
80,
13,
66,
66,
45,
66,
80,
56,
91,
76,
76,
52,48,
76,
76,
15,
12,
99,
1,
15,
48,
15,
15,
80,
15,
66,
44,
15,
74,
56,
93,
15,
76,
76,
76,
68,67,
90,
56,
98,
15,
15,
74,
56,
15,
56,
90,
76,15,
45,
56,
15,
15,
13,
76,
44,
44,
56,
15,
15,
15,
76,74,
42,
76,
13,
15,
93,
93,
49,
76,
68,
76,
44,
42,
42,
93,
86,
15,
70,88,
68,
91,
44,
15,
66,
66,
15,
91,
15,66,
70,
76,
45,
80,
42,43,
45,
80,
15,
15,
70,
44,
99,
68,70,
98,66,
15,
45,
44,
45,
15,
68,
45,
80,
56,
98,
76,
67,
56,
58,
58,
66,
68,
74,
74,
45,
15,
56,
67,
56,
70,
66,
45,
86,
56,
43,
94,
68,
67,
68,
68,
22,
58,
57,
98,
70,
21,
70,
90,
45,
70,
45,42,
1,
44,
47,
45,
80,
15,
70,
42,
90,
1,
15,
80,
45,
70,
47,
15,66,
43,
1,
80,
45,
3,
45,
70,
57,
80,
99,
15,
68,
45,
70,
45,
98,
70,
70,45,
76,
76,70,
4,
80,
15,
80,
45,
90,
45,
44,
61,
42,
45,
70,
80,
45,80,
74,
76,
93,
70,
68,
45,
66,
70,
80,
45,
76,
74,
70,
74,
70,
74,
76,
45,
70,
74,
76,
74,
44,
6,
52,
76,
74,
66,
66,
56,
15,91,
74,
70,
74,
74,70,
88,
74,
74,
90,
74,
76,
58,
45,
56,
44,
45,
80,
70,
44,
56,
67,
66,
15,
15,
45,
70,
76,
74,
80,
70,
76,
90,
74,
74,
74,
70,
15,
70,
58,
45,
76,
45,44,
70,
15,
76,
74,
15,
80,
1,
93,
96,
94,
56,
15,
93,
66,
76,
93,
76,
15,
56,
1,
73,
73,
13,
80,
93,
91,
15,
93,
14,
74,
66,
15,
15,
74,
93,
93,
71,
93,
93,
19,
91,
93,
21,
15,
93,
92,
91,
74,93,
76,
45,
80,
90,
91,
93,
4,
91,
91,
94,
15,
89,
0,
61,
56,
94,
80,
90,
15,
21,
74,
21,
76,
85,
6,
21,
45,
70,
56,
90,
74,
76,
70,
21,
76,
76,
75,
6,
94,
21,
93,
93,
76,
89,
21,
85,
76,
76,52,
74,
93,
76,
76,
21,
21,
91,
21,
74,
91,
1,
1,
74,
89,
76,
21,
76,
90,
21,
98,
85,
21,
88,
76,
90,
90,
91,
92,
96,
93,
91,
85,
90,
91,
91,
86,
90,
88,
21,
21,
71,
47,
21,
76,
15,
89,
85,
58,
93,
21,
88,
91,
91,
76,
98,
93,
15,
68,
66,
93,
15,66,
93,
99,
88,
70,
90,
88,
61,
98,
98,
15,
80,
91,
86,
68,
56,
72,
74,
91,
12,94,
12,
76,
88,
14,
56,
91,
74,
93,
1,
66,
86,
13,
74,
66,
74,
74,
70,
13,
76,
61,
76,
76,
90,
1,74,
74,
1,
3,98,
15,
1,99,
66,
15,66,
76,
70,
93,
0,
74,
74,
15,
15,
1,
93,
15,
57,
66,
66,
15,
76,
15,
93,
93,
1,
56,
76,
15,
98,99,
98,
74,
1,
76,
22,
90,
1,
1,
