99,12,7,96,97,9,10,73,8,75,
0,76,5,74,93,
99,12,52,93,96,13,14,57,16,17,56,94,95,
0,3,76,12,77,93,14,73,75,95,
76,99,12,74,96,71,95,
52,21,15,73,56,53,
0,1,98,99,96,
74,15,16,17,
3,76,74,77,14,73,75,72,
76,49,52,24,50,56,
52,96,97,15,56,53,54,
0,76,7,74,77,97,73,8,
98,99,12,
12,52,74,13,15,73,
0,1,76,98,99,49,52,96,14,73,24,50,16,17,56,
12,52,97,21,13,14,15,73,17,56,54,
76,12,7,52,74,77,13,14,73,8,75,16,17,95,54,
0,1,98,99,14,15,
12,52,74,96,13,15,73,57,17,56,54,
0,1,98,99,12,68,97,14,15,16,17,36,
76,7,74,14,73,8,
0,3,76,12,52,74,21,13,73,87,24,23,86,83,56,54,
2,3,49,
1,3,76,12,7,5,52,97,21,13,14,15,73,8,48,23,20,16,17,56,19,
0,1,76,12,5,49,15,16,17,
7,8,17,
3,15,48,
0,1,2,3,5,21,
3,99,5,74,
3,12,5,49,52,13,14,15,70,73,50,56,53,
12,5,90,56,
3,77,14,15,73,95,
0,1,2,3,76,98,99,12,4,7,5,49,52,93,96,97,21,39,9,10,13,14,6,70,11,73,8,87,24,23,85,75,90,92,22,25,26,27,94,95,80,
3,52,48,
3,12,13,15,48,17,56,53,54,
76,12,49,52,13,15,73,87,17,56,66,53,
12,49,52,21,13,14,15,48,17,56,
74,70,73,
3,76,7,5,74,77,73,
3,12,4,49,52,13,47,48,23,45,56,53,
87,23,
99,
12,52,13,15,73,87,48,56,
12,49,52,77,13,14,15,73,24,48,50,16,17,56,
0,1,2,3,4,7,5,21,6,70,73,24,23,86,
99,12,74,13,15,73,56,
3,76,49,52,13,86,56,53,
12,13,15,73,56,53,
76,52,74,15,73,8,87,56,
5,
5,10,87,56,
12,7,5,52,9,10,13,15,57,56,
12,7,5,13,15,70,73,48,57,56,
4,5,21,12,13,23,45,
96,97,15,73,8,56,
12,52,13,15,73,57,17,56,66,53,54,
5,10,8,87,88,92,
12,13,6,23,85,56,
49,77,73,48,85,15,16,56,
4,74,70,73,71,
12,7,5,74,77,13,14,15,73,23,17,
3,76,12,49,52,77,13,14,15,73,24,48,50,16,17,56,
49,52,13,15,48,45,57,16,17,56,53,44,
99,77,21,12,13,6,73,23,20,56,19,
12,7,49,52,13,15,73,8,87,24,48,85,56,
5,8,87,90,
7,77,14,73,8,87,
12,77,13,73,8,17,56,
12,7,5,13,15,73,86,56,54,
76,99,49,93,23,20,
12,52,74,96,97,21,13,15,24,95,
13,73,
99,12,10,13,15,73,56,
7,73,
52,74,15,73,56,
7,97,9,10,13,11,73,8,27,
12,49,14,11,73,
12,7,77,9,10,14,11,73,8,75,
12,7,9,10,8,
12,7,9,10,13,8,87,
10,73,8,75,74,56,
99,74,96,97,73,8,56,95,
7,9,10,70,11,73,8,75,
73,8,
12,13,17,
12,7,9,10,13,15,73,8,56,
12,13,14,15,73,57,16,17,95,44,
5,74,10,87,95,89,
12,13,15,73,56,95,
12,10,14,73,
77,12,73,
12,74,13,8,56,95,
12,74,9,10,13,14,15,11,73,56,
12,7,9,10,13,15,73,8,56,
12,9,10,13,15,73,16,17,56,66,
99,12,9,10,13,73,20,56,19,
12,9,10,13,15,56,
9,10,8,
12,7,21,9,10,13,73,8,17,
12,9,10,13,
99,12,13,15,73,95,
12,10,13,20,19,
12,9,10,13,73,8,
12,68,9,10,13,73,
12,10,13,56,
12,9,10,13,15,73,27,
9,10,11,73,17,
12,7,8,
99,12,52,13,15,73,90,92,16,17,56,54,
12,10,14,11,
12,52,74,13,73,8,16,17,56,
12,13,14,11,73,
99,12,97,14,11,73,
97,12,13,14,15,11,73,16,17,
12,10,13,14,15,11,73,36,
12,15,73,56,
12,13,14,11,73,
12,13,14,15,73,8,
12,13,14,15,73,16,17,36,56,
99,12,13,14,15,16,17,36,
12,10,13,73,
12,77,97,13,14,15,11,73,56,
12,99,13,15,73,16,17,95,
12,97,13,14,15,73,16,17,56,
99,96,97,12,13,14,73,
12,13,14,15,73,16,17,56,
12,13,14,17,
52,12,13,15,27,56,95,
12,95,
12,97,10,13,14,
12,9,10,13,14,97,11,56,
12,13,
12,13,14,15,73,27,16,17,
12,13,17,
13,27,
12,10,13,14,15,
12,13,15,16,17,
12,13,14,
12,97,39,13,14,15,11,20,27,17,
12,13,14,16,17,
99,97,12,14,
12,13,14,15,11,73,27,17,
12,14,73,36,
12,77,13,14,15,11,73,17,
14,73,48,
12,13,14,11,73,
13,14,15,27,36,38,
12,13,14,15,16,17,38,48,56,66,
12,13,73,
15,
12,15,16,17,48,56,
12,13,15,16,17,48,66,
12,13,14,15,36,
12,13,14,15,48,57,16,17,36,56,66,54,44,
12,13,14,15,48,16,17,36,66,
15,48,57,38,
12,13,14,15,16,17,36,66,
12,13,15,48,
12,49,13,14,15,47,48,50,52,20,27,17,56,19,
15,16,17,
12,97,15,16,17,
13,15,16,17,
12,13,14,16,17,36,
15,48,17,
99,12,13,14,15,16,17,56,
99,17,
14,15,48,
20,17,
12,13,14,16,17,
13,15,20,27,16,17,36,18,
99,17,
14,15,73,17,
99,12,13,15,73,17,56,
52,15,48,90,56,
12,13,70,73,57,56,66,
99,97,15,16,17,
15,17,56,
99,12,39,15,20,16,17,38,48,18,19,36,35,37,40,41,47,45,46,42,59,62,
99,12,13,15,48,
99,15,
99,17,
20,19,
99,12,13,14,15,57,16,17,
15,
17,
97,99,39,13,14,15,48,16,17,18,91,
99,20,17,19,
20,17,18,19,
99,20,19,
99,12,49,52,15,73,20,16,17,56,53,54,
49,21,24,26,
99,12,13,15,20,19,
24,
0,1,3,76,98,99,52,96,97,21,39,14,15,47,23,20,25,26,27,28,29,30,18,19,91,42,
12,13,15,
99,
99,17,
13,
12,13,20,
49,20,18,19,
15,4,70,45,20,16,17,18,19,
49,
56,
21,24,23,
99,21,39,12,13,15,23,20,22,25,26,27,16,17,28,29,18,19,43,
15,56,
99,20,56,19,
23,
12,49,52,13,24,56,
99,12,49,52,96,97,13,15,50,17,56,
21,23,
52,21,56,53,
21,23,
99,21,
99,
49,52,21,24,23,20,19,
21,15,56,
24,
21,23,20,22,
1,98,99,12,93,96,97,21,87,23,92,20,22,25,26,17,94,95,18,19,91,89,
20,18,19,
23,
13,23,
12,13,14,73,57,56,
49,13,15,52,
49,52,23,56,
23,
23,
99,49,52,21,10,13,14,6,73,24,23,85,90,20,19,
20,56,
13,23,
99,
49,23,95,
12,95,
49,24,23,
12,49,76,52,74,93,13,14,97,6,11,24,23,85,92,27,94,95,96,28,29,30,
21,24,23,25,26,
49,52,24,48,50,56,53,
49,52,24,56,54,
12,49,52,13,15,24,20,26,17,56,
49,52,24,
76,12,21,17,56,54,
99,49,52,24,50,56,
49,24,56,54,
21,24,23,22,56,
99,49,52,21,24,
99,12,21,13,14,24,23,20,17,95,
99,49,52,15,27,17,56,53,54,
12,14,95,
24,20,17,
15,
24,25,26,
0,1,98,99,52,21,39,70,10,11,24,23,45,86,90,20,22,25,26,13,15,27,17,56,18,41,42,43,44,80,
12,13,20,56,
21,24,23,56,95,
24,
49,52,24,23,
24,25,26,
49,
49,52,24,50,56,53,54,
99,49,15,20,56,53,
49,52,15,24,25,26,27,17,56,
26,27,28,29,
21,12,13,23,20,95,
12,52,13,56,
74,95,
10,20,27,17,
99,21,23,20,22,24,25,26,27,28,29,95,
21,12,13,14,15,23,20,27,17,56,
12,13,15,95,
99,
99,
12,10,13,95,
52,99,21,39,24,47,50,23,26,27,28,29,
27,28,29,30,
29,
49,39,13,14,24,48,50,23,26,
49,52,24,
26,
27,28,29,
49,26,15,27,56,
76,12,49,52,74,13,20,56,
23,17,
27,28,29,
26,27,28,29,
27,56,
99,52,97,39,13,14,15,56,53,
99,15,29,
49,96,97,99,21,39,13,14,15,47,48,50,51,26,74,27,17,28,29,30,18,91,45,46,42,43,44,53,80,
99,
99,56,29,
29,31,
29,35,32,
29,
99,
26,29,
95,30,
52,99,14,95,30,33,34,53,54,
52,99,27,56,29,30,
13,17,29,30,31,
99,57,
99,26,27,17,28,29,
99,49,52,21,24,95,53,
99,30,
99,27,28,29,30,31,
52,74,97,14,95,30,
12,13,15,17,29,
99,52,51,56,53,43,
12,39,96,97,13,14,15,27,36,56,66,33,53,54,
99,15,56,53,54,
49,52,24,23,26,
50,27,30,33,34,53,
52,15,57,36,56,33,34,35,53,54,
29,
99,48,56,53,90,
99,39,14,36,38,34,35,40,41,42,
17,36,41,
99,12,97,13,95,
99,96,12,13,15,27,56,95,29,33,34,53,54,55,57,31,32,
99,13,15,56,43,
35,32,61,
52,49,27,17,56,29,
27,56,52,
57,56,29,30,33,34,43,31,32,
56,53,54,57,43,
52,96,97,99,12,15,49,57,27,56,66,53,54,55,
15,50,38,33,
12,49,52,13,15,50,27,16,17,36,38,56,33,34,53,54,
15,26,38,56,33,43,
12,99,96,97,39,14,15,57,17,36,38,56,95,33,34,54,
12,14,15,36,38,95,33,34,35,
12,97,13,15,50,56,33,53,
27,38,28,29,30,33,34,35,31,32,
49,52,99,12,13,15,24,50,27,56,28,29,30,33,53,
50,33,
99,39,36,38,33,
12,13,15,48,57,16,17,38,56,53,54,
52,96,12,13,15,57,27,17,36,38,56,33,34,53,54,55,43,
12,49,52,13,15,57,56,95,53,54,
99,12,52,13,14,15,16,17,38,56,50,53,54,
12,39,13,14,15,48,16,17,36,38,95,53,
13,14,27,33,34,35,
12,49,52,13,15,48,17,36,56,66,35,53,54,55,57,
99,49,52,15,57,56,53,54,55,61,
39,15,36,38,33,34,35,37,
15,36,38,35,53,
36,38,33,34,35,41,42,44,
13,27,36,56,66,29,33,34,35,53,54,42,31,32,
97,39,42,43,
15,36,56,35,
99,39,36,56,26,30,33,34,35,40,54,42,43,
99,52,36,56,33,34,35,53,54,57,
99,52,39,15,49,57,16,17,36,56,33,34,53,55,
36,33,34,35,
99,12,97,39,14,15,27,36,56,57,42,61,
52,12,13,14,15,57,16,17,38,56,95,
99,39,15,36,38,18,
39,40,42,
99,39,73,14,75,36,37,59,
99,49,52,14,15,20,17,
99,39,15,36,
99,
36,38,37,40,42,
99,12,39,13,14,15,36,38,33,37,53,
14,15,16,17,36,38,37,
99,21,39,13,15,48,90,
12,15,36,35,
99,39,36,37,40,42,58,59,
15,36,37,40,
99,12,39,15,27,66,36,35,40,42,43,44,
15,36,38,35,37,40,41,
99,39,14,27,36,33,37,
99,12,14,15,36,
36,33,34,35,
36,38,37,40,58,
66,
99,12,49,52,13,15,47,48,45,16,17,38,56,46,53,
99,15,48,16,17,36,38,66,18,35,37,40,41,
12,13,15,73,38,95,
15,38,48,18,
15,16,17,38,48,
15,
15,70,75,57,16,17,38,48,56,54,55,
15,57,38,41,53,
12,13,15,48,16,17,38,56,
15,48,16,17,36,38,
99,12,97,21,13,15,24,23,27,
99,49,39,14,
99,39,14,15,17,
39,14,17,36,41,42,
99,21,
99,96,39,14,15,57,16,17,38,56,53,54,
39,36,38,37,
39,
99,49,52,39,56,53,
99,21,39,42,43,44,90,
15,57,
12,13,15,48,16,17,38,56,66,
99,39,15,36,
36,40,
99,49,39,13,15,47,48,16,17,56,53,43,
12,13,14,15,49,52,27,36,38,35,40,41,
99,97,39,15,27,38,36,40,42,
12,15,
99,15,38,40,41,43,
99,12,52,39,13,15,48,57,16,17,56,53,54,
48,38,40,41,
39,12,13,15,38,
39,17,
40,41,
39,97,14,48,45,17,36,38,41,
99,52,39,14,49,48,57,36,38,18,53,
12,15,48,16,17,36,38,40,
13,15,38,56,66,
39,38,40,41,42,43,44,
53,43,
99,49,17,18,
99,39,14,15,27,36,18,40,
99,39,13,15,20,16,17,42,
14,48,
39,40,42,43,
99,39,14,16,17,36,38,33,34,41,42,44,
12,13,15,48,36,38,40,
99,97,12,36,40,
0,1,3,99,49,21,39,96,97,13,15,24,47,48,50,52,23,20,25,26,16,17,29,18,19,45,46,42,43,44,80,
99,15,
49,39,13,15,24,47,48,50,51,23,20,22,25,26,16,17,38,29,18,19,40,41,46,42,43,44,
14,47,48,50,53,
49,12,13,14,15,24,47,48,50,52,23,20,21,25,26,27,16,17,38,56,95,28,29,30,39,40,41,45,46,42,43,44,90,80,89,92,32,61,
47,48,46,42,44,
43,
49,12,13,15,47,48,50,25,26,27,16,17,38,28,29,18,19,33,34,35,40,41,45,46,42,43,44,53,
49,47,48,45,46,
49,99,12,13,15,24,47,48,50,51,52,20,27,16,17,36,38,56,66,29,30,19,33,34,35,37,40,41,45,46,53,57,42,43,44,
53,
14,
12,14,15,20,16,17,
45,
52,47,45,
15,47,48,50,38,46,53,
52,13,36,56,53,54,57,
47,48,15,38,45,46,
15,48,38,40,41,
13,14,15,47,48,38,45,46,53,
49,15,47,48,38,45,53,43,44,
44,
14,
99,49,52,14,15,24,50,20,17,56,
12,49,13,14,15,45,20,17,95,
12,13,15,45,
14,15,17,
52,12,13,14,15,48,16,17,56,
49,14,15,
12,49,13,14,15,47,48,56,
45,
12,49,13,15,
49,52,47,48,50,
49,52,77,24,47,48,50,51,23,20,25,26,13,15,27,16,17,36,38,56,28,29,40,41,45,46,53,42,43,44,80,
15,47,48,38,46,
49,87,24,47,48,50,23,90,92,20,21,22,26,15,18,19,45,46,80,89,95,61,93,
49,52,74,77,12,13,15,47,48,50,70,45,27,16,17,36,38,56,66,30,46,53,42,43,44,80,
49,15,47,48,50,38,45,46,
12,49,13,15,47,48,50,56,
12,13,14,15,73,48,16,17,56,53,
49,15,56,53,
15,47,38,46,
15,47,48,38,45,46,
47,48,45,44,
12,13,15,48,16,17,38,56,
49,45,
15,36,38,40,41,53,
15,48,38,
52,49,56,
15,47,38,56,45,46,44,
47,48,38,
15,48,
49,52,47,48,50,
12,14,15,47,48,16,17,46,
48,
49,52,15,47,48,50,45,17,56,46,53,
12,13,15,48,38,
15,38,48,56,
12,13,15,48,38,
49,47,48,50,
12,13,15,48,38,56,
1,12,49,52,97,13,15,48,50,17,56,
49,52,24,56,
49,52,14,24,47,48,50,20,17,
49,24,
49,52,24,50,56,
49,24,17,
49,47,48,
49,52,24,50,56,
12,49,52,97,13,14,15,48,50,20,17,56,
49,52,17,
99,50,
99,12,97,15,48,50,20,53,
15,48,17,
49,15,50,56,
49,52,50,56,53,54,
15,47,48,86,17,56,53,57,
12,49,52,13,14,15,73,24,47,48,45,16,56,19,
49,52,24,50,57,17,36,56,53,54,
50,
49,47,48,50,53,
49,52,51,56,53,
49,52,15,48,50,45,38,56,95,46,53,54,
52,
52,15,57,56,53,54,55,
49,52,47,48,50,56,53,
49,52,14,53,
99,12,49,52,13,15,48,56,95,
49,52,24,47,48,50,51,
99,48,50,57,56,53,54,
99,52,13,15,90,92,56,53,54,
52,
52,77,15,56,53,54,
52,97,91,54,
99,52,74,93,39,14,15,73,75,57,36,38,53,54,92,
49,52,50,14,15,56,53,54,
12,52,13,15,86,57,17,56,53,54,
76,49,52,50,56,53,54,
99,49,52,39,48,57,54,44,
52,56,53,54,
52,74,68,12,15,73,48,70,75,57,17,53,54,
12,13,15,57,56,54,55,
49,57,46,53,44,
52,12,15,47,48,36,38,56,45,53,54,44,
52,12,15,57,56,53,54,
15,57,38,48,56,47,45,46,53,
52,15,56,53,54,55,
49,57,15,56,46,53,
52,74,15,51,56,46,53,54,55,
49,52,48,51,57,56,46,53,
52,15,57,56,45,53,54,55,
52,15,57,38,56,53,54,
52,57,15,56,53,54,55,
12,13,15,73,75,57,56,53,54,55,
49,52,15,47,48,57,16,17,36,56,46,53,54,55,
52,15,49,57,56,53,54,55,
52,12,13,15,75,57,56,53,54,
52,12,15,57,56,66,53,54,55,67,
49,52,15,57,56,53,54,55,
96,14,15,16,17,36,56,44,
12,13,15,48,52,17,38,56,46,53,54,
15,45,56,53,
15,56,53,54,55,
52,74,15,49,50,51,57,56,53,54,55,
52,51,56,53,54,55,61,58,59,60,
15,57,66,67,44,
15,57,53,54,55,58,
14,15,48,86,57,56,53,54,
15,56,53,54,55,
52,15,48,57,17,56,46,53,54,55,
57,53,
12,13,86,56,
12,13,14,73,56,
52,12,13,15,75,86,57,56,53,54,55,
15,48,16,17,38,56,
49,12,13,15,48,17,56,
12,13,15,86,56,
12,13,15,56,
14,15,70,86,17,56,
14,15,73,16,17,56,
56,
52,15,57,56,53,54,55,
12,13,15,57,
15,57,
15,57,56,53,54,55,
52,15,75,57,56,53,54,55,58,
12,13,15,57,38,48,56,
49,52,48,57,38,56,46,53,
12,13,15,48,57,16,56,66,
52,57,36,56,53,54,55,42,43,44,
52,12,13,14,15,75,57,38,56,53,54,
12,93,96,97,75,95,58,
57,15,54,55,67,
99,12,97,15,17,66,95,
56,66,59,
57,42,44,59,
98,99,12,15,56,54,58,59,
0,1,99,52,68,96,70,75,57,56,53,
15,57,38,66,53,44,
96,57,95,58,
15,69,75,57,56,53,54,55,
90,
52,12,73,57,56,53,54,58,59,
58,59,
99,52,57,36,38,56,53,54,44,
15,75,16,17,56,66,67,58,59,
57,44,58,59,60,
12,52,13,15,56,53,61,
57,44,
39,56,18,
12,96,97,14,15,73,75,36,56,37,54,59,
52,38,56,95,53,54,44,58,59,
15,75,57,55,67,58,
52,15,70,57,56,53,54,55,
52,39,12,14,15,73,75,57,36,38,56,53,54,55,67,58,
56,66,55,67,44,58,60,
75,57,56,66,55,67,61,58,59,60,
15,75,57,55,44,58,
56,61,
68,15,70,69,75,57,55,58,
12,52,13,15,57,56,53,54,55,
52,15,56,53,54,55,
86,56,53,
57,36,42,43,44,
61,
15,75,57,56,66,54,55,67,58,
56,61,
99,49,52,96,15,48,92,75,57,56,66,53,54,55,42,44,58,59,
56,53,57,61,
99,96,97,39,
96,97,75,57,95,58,59,60,
99,96,39,66,58,
99,
57,
12,99,39,14,15,48,52,45,57,16,17,36,56,46,53,54,55,
15,56,42,44,58,59,
48,42,44,
48,56,44,
14,47,
41,42,43,44,
99,
56,44,61,58,
51,44,
96,97,39,15,75,56,66,54,65,67,42,58,59,
70,48,71,86,56,44,
12,57,56,44,
75,56,54,44,
68,14,15,70,45,69,71,73,75,57,36,38,56,34,39,40,41,47,53,54,55,64,65,42,43,44,46,58,59,62,
92,61,
98,99,14,15,73,16,17,36,38,66,
12,14,73,66,44,
68,15,70,73,71,57,44,
44,
99,45,66,65,67,44,58,
98,99,97,39,66,35,55,57,63,64,65,67,32,61,58,59,60,62,
57,56,
57,15,66,44,58,59,60,62,
97,
74,68,39,70,45,69,71,73,81,90,75,33,34,35,64,65,80,61,59,60,62,
57,
0,2,3,76,98,99,49,52,74,68,48,50,51,73,72,75,66,65,67,
56,53,
73,75,
74,96,97,73,92,72,75,57,95,30,34,56,53,54,66,63,64,65,67,32,61,58,59,60,62,
68,70,69,71,73,
76,98,99,74,93,96,97,39,73,72,75,57,95,54,66,63,64,65,67,58,62,
39,14,48,45,57,36,38,55,44,58,
96,57,66,55,63,67,61,58,
36,
76,74,93,98,68,15,70,87,85,45,69,71,73,84,86,92,83,72,75,57,56,66,95,53,54,55,65,67,89,61,
68,70,69,73,
99,12,68,75,
45,66,65,67,43,
74,68,73,71,72,75,67,
0,52,15,70,73,86,57,56,53,54,44,
0,1,99,52,97,39,15,70,73,48,56,
70,73,
45,14,57,
12,68,13,14,15,70,73,57,16,17,36,
3,98,99,49,68,96,97,39,50,51,52,45,69,75,74,95,46,56,53,54,55,66,63,65,67,42,80,58,59,60,62,
99,45,57,56,55,42,44,61,
42,44,
74,15,57,66,65,67,58,
39,65,67,58,59,
74,77,93,96,70,87,90,92,57,39,56,53,54,55,66,65,67,61,58,59,
99,15,57,
73,44,
76,74,98,68,15,70,45,69,71,73,87,84,86,88,83,72,75,57,38,48,56,66,95,47,46,53,54,55,65,67,42,44,58,89,
99,75,95,
75,44,
68,75,44,
0,1,2,3,76,4,5,49,52,74,68,21,15,70,73,24,47,48,50,51,45,69,71,90,82,57,38,66,46,53,54,63,65,67,80,
12,15,70,73,
70,75,66,
74,68,
98,99,68,70,45,69,75,66,65,67,42,44,47,
0,1,98,99,12,74,68,96,13,14,15,70,73,87,75,86,72,16,17,56,66,95,
68,73,71,75,
70,75,92,
15,70,75,57,54,44,
74,73,72,75,57,
74,68,70,71,73,72,75,54,
74,68,70,69,71,75,72,
98,12,74,68,13,70,73,71,72,75,
70,71,56,
71,73,74,
52,68,12,13,15,70,86,56,53,54,
68,73,
74,93,15,87,68,69,71,73,86,92,83,72,75,57,56,66,95,53,54,55,65,67,89,61,58,
3,4,5,49,70,73,47,48,45,68,69,71,75,82,72,57,46,42,43,44,80,
12,49,52,48,50,86,83,56,53,
70,
70,73,68,69,71,75,57,54,
4,
45,56,54,
52,15,70,75,57,
5,6,73,87,48,23,13,15,56,
12,13,15,70,73,44,
12,13,15,73,45,86,56,44,
12,52,74,15,71,75,72,16,17,54,
12,74,13,73,92,95,
52,74,68,12,13,15,70,73,75,72,57,16,17,
68,15,70,69,71,56,54,
74,68,70,71,73,72,75,54,
68,69,54,
74,71,72,75,
15,75,57,56,54,
12,52,74,93,73,87,75,92,56,53,54,
73,
98,12,52,97,73,71,75,72,57,
74,93,92,95,
12,86,75,56,95,
15,70,48,57,56,53,54,
52,74,96,73,72,75,54,
39,15,75,57,36,53,54,
12,70,48,75,74,57,
12,52,74,13,15,71,72,75,53,54,
99,68,96,97,75,86,74,57,66,
74,68,73,75,72,66,67,
97,15,73,75,72,74,57,
12,13,14,15,73,48,56,
12,13,15,73,
74,14,15,73,72,75,
12,13,73,16,17,56,
52,74,97,15,70,73,48,57,56,53,54,44,
12,70,73,
74,70,73,71,75,72,
12,52,74,68,13,15,73,75,72,57,16,17,56,54,
76,12,52,74,13,14,15,70,73,36,56,53,54,
12,13,15,70,71,75,72,74,
0,12,52,74,93,13,15,70,73,87,75,56,54,
0,76,99,12,52,74,93,13,14,15,70,73,8,75,86,72,57,16,17,56,44,
52,74,14,73,72,75,
76,12,52,74,70,48,73,72,75,56,
74,68,15,75,56,95,83,
74,72,75,57,
74,93,14,73,72,75,95,54,
74,72,75,
98,99,12,68,96,97,21,10,13,14,15,11,73,87,75,86,88,90,92,74,57,16,17,56,66,94,95,91,35,53,54,55,63,64,65,67,89,93,61,58,59,60,
74,68,15,75,57,56,66,54,67,
96,97,15,75,
52,15,70,56,53,54,65,
75,74,16,17,67,
12,74,68,97,13,15,70,73,75,72,57,16,17,48,56,
0,1,99,52,15,73,75,57,36,67,
74,97,73,71,75,72,57,54,
52,74,73,75,72,57,54,
97,12,9,10,13,15,73,75,16,17,56,54,
75,57,56,
12,13,16,17,
76,12,74,77,14,73,75,95,
93,92,95,
12,77,13,73,17,56,
76,52,74,77,12,17,56,54,
76,99,74,97,21,
76,52,74,77,15,86,17,56,53,54,
12,13,15,17,56,
77,73,17,
12,77,21,13,
77,12,13,14,73,56,
77,14,17,
12,77,13,14,73,16,17,
99,77,12,14,11,73,
77,12,13,14,73,
77,12,9,10,13,14,15,7,11,73,8,56,
14,73,
99,77,73,
56,
76,99,12,74,77,93,13,73,75,72,17,95,
12,77,13,17,79,
77,14,73,17,
7,74,73,8,75,72,
70,
15,17,56,
99,12,52,77,21,13,14,15,17,56,54,
12,77,13,14,73,17,
4,74,77,93,8,23,45,71,73,75,81,92,20,21,82,14,72,17,36,95,19,78,79,89,80,61,
14,73,17,56,
85,84,86,56,
73,
12,9,10,70,73,8,
10,73,92,17,
12,73,17,91,
76,74,77,91,79,
0,99,10,14,7,73,91,79,
99,12,13,14,73,17,56,
76,74,85,83,
5,
74,93,87,89,
76,
99,
74,12,13,70,73,86,57,48,
0,76,98,99,74,68,96,21,39,14,15,73,47,48,70,45,69,71,75,81,90,20,82,57,17,36,38,18,19,91,46,42,44,80,58,
3,12,4,5,10,13,14,70,8,87,85,71,11,81,84,86,88,90,92,82,83,91,78,79,89,80,
74,87,90,
76,7,74,77,73,8,
70,87,71,90,92,
73,8,86,
8,
14,92,
74,87,84,86,88,83,
87,92,
74,73,
5,93,14,70,7,11,73,8,87,81,84,86,88,90,92,21,83,36,91,89,80,61,95,
12,52,93,13,15,87,90,56,54,
87,
45,
98,99,21,4,5,6,70,87,24,47,48,23,85,45,71,81,90,92,20,82,83,79,46,89,80,
7,5,6,23,86,20,82,16,17,18,19,
5,84,90,83,
74,93,87,95,
5,21,6,24,23,85,84,86,88,90,20,82,83,
56,
83,
5,86,83,
99,4,5,21,6,7,85,84,86,88,90,82,83,
99,52,74,15,71,83,72,95,
87,56,
3,4,7,5,49,6,24,48,51,52,85,84,86,88,90,21,82,83,56,53,
5,87,84,86,88,90,92,
52,74,12,13,73,87,86,92,56,53,54,
99,5,83,
52,74,71,56,54,
3,4,5,98,97,99,21,14,6,70,7,73,8,87,85,71,81,84,90,92,82,83,56,80,
99,87,
52,56,
95,
5,87,24,23,90,
87,92,
87,90,92,
7,74,12,13,73,20,
93,95,
74,93,99,87,
95,
87,
3,4,5,76,74,77,6,8,87,24,23,85,81,84,86,88,90,92,20,21,82,83,17,19,91,79,89,45,80,71,
92,
0,1,2,3,76,98,99,12,4,7,5,49,52,93,97,21,10,13,6,70,73,87,24,47,48,50,51,23,85,45,71,75,81,84,86,88,90,92,20,82,83,95,30,19,78,79,56,53,42,89,43,80,
87,15,56,
85,20,56,
6,85,
6,85,
6,85,
90,
23,85,
0,1,76,99,12,4,7,5,49,52,74,77,97,21,9,10,13,6,73,8,87,24,23,85,84,86,88,90,92,20,26,83,29,19,89,
7,5,68,97,12,9,10,14,6,70,11,73,8,87,85,69,71,75,84,86,88,90,92,21,83,72,74,95,91,89,93,
86,83,
99,5,10,87,84,86,88,90,92,
5,87,90,
93,87,
5,87,86,90,92,
12,52,13,86,56,
5,85,86,82,83,
87,86,90,92,
87,90,92,
87,90,
87,90,92,
73,87,71,92,95,93,
87,86,90,92,83,
87,90,92,
99,93,70,87,90,56,
87,90,
87,81,80,
87,74,95,
90,56,
99,5,93,21,10,87,75,84,86,88,90,92,83,57,56,94,95,91,55,89,
12,99,93,73,90,
87,85,84,86,88,56,
87,92,
5,10,87,81,84,86,88,90,92,
99,90,92,
90,
86,
87,90,92,
90,
99,90,
99,5,87,90,92,83,
4,68,6,23,85,86,88,90,92,20,21,83,17,91,89,
12,13,56,53,
5,88,90,
92,
15,56,
92,
99,21,9,10,87,23,88,90,92,89,
52,93,56,
76,99,52,93,24,20,56,19,54,
23,
0,3,76,98,99,49,52,77,93,96,97,21,14,15,6,87,24,50,51,23,85,84,86,88,90,20,83,57,16,17,56,19,91,53,54,55,89,
73,87,92,
21,6,24,23,85,90,20,56,89,
76,21,
21,
99,21,90,
17,
99,52,74,93,70,87,90,92,17,56,
99,12,68,13,73,95,
12,74,93,94,95,
17,
74,93,12,87,94,95,
12,15,73,56,
92,
75,57,
93,92,95,61,
68,70,8,87,71,75,86,90,92,57,74,15,56,52,54,55,67,89,58,
92,
12,95,
93,92,95,
99,57,56,54,
52,57,56,
92,
93,14,92,95,
99,12,52,74,13,70,73,87,75,86,83,72,16,17,56,95,54,
74,93,87,92,95,
12,52,74,93,68,96,13,15,73,71,72,75,57,17,56,95,
99,74,93,68,73,70,71,75,87,72,94,95,
97,92,95,93,
52,93,87,56,91,
76,98,99,12,74,77,93,96,97,14,15,73,87,84,86,88,90,92,72,75,57,56,66,94,95,55,63,89,30,61,58,59,60,
99,93,90,92,94,95,
93,96,92,95,58,
74,95,
52,15,73,17,56,53,54,
12,74,96,13,17,95,
97,73,95,
0,1,99,12,96,97,13,14,73,86,16,17,56,
12,74,13,14,15,73,56,95,
12,13,14,15,73,16,17,36,38,56,
12,13,15,57,56,
99,12,13,14,15,73,17,
0,12,52,13,14,15,73,57,16,17,56,54,
99,12,74,93,10,13,14,73,75,17,95,
97,73,95,
74,97,75,95,
99,74,75,
12,74,93,13,92,16,17,56,94,95,
0,76,12,93,75,95,
12,74,77,96,97,73,95,
76,98,99,74,68,73,75,72,95,
99,93,96,97,92,95,
74,77,96,97,95,
0,1,99,12,96,97,73,87,
99,12,52,13,15,73,17,56,91,54,
12,96,97,73,87,92,
0,1,99,96,97,21,
99,93,10,15,87,75,
99,12,49,52,87,50,56,53,
12,52,93,96,13,15,56,95,53,54,
12,96,97,13,17,95,
96,97,92,
98,99,96,97,16,17,
77,93,96,97,73,17,
76,74,97,15,73,75,57,54,
12,96,97,13,14,15,73,75,16,17,36,
12,96,97,13,14,15,73,8,75,57,16,17,36,
52,74,96,97,15,73,57,56,95,
12,97,13,15,73,
98,99,12,74,97,13,14,15,73,75,54,
76,97,75,95,
12,97,13,15,73,57,16,17,54,
12,97,73,75,
98,99,12,68,96,97,70,73,75,95,
12,52,74,93,97,13,15,73,16,17,95,
98,99,12,52,96,97,13,15,73,57,17,56,66,54,
98,99,12,93,97,14,15,75,
98,99,12,52,15,75,57,16,17,95,54,
98,74,68,70,69,73,
98,96,97,
76,96,21,15,56,
52,97,73,16,17,56,54,
12,97,14,15,73,57,16,17,36,66,95,
99,12,15,73,75,36,56,54,
0,1,98,99,96,97,
99,12,93,13,92,17,95,
12,73,
0,1,98,99,96,97,39,14,73,
0,98,99,73,
99,52,20,19,
1,99,74,93,96,14,73,95,
98,99,96,97,21,39,
99,
