156,
93,
156,
1,
3,
4,
46,
198,
4,
46,
156,137,138,
156,138,
4,104,
156,
4,
156,138,
138,
156,
46,156,138,78,
4,
156,
184,
158,
4,
156,
128,
4,104,
3,
41,
9,
156,
156,41,
156,
1,
156,
130,
156,
1,
156,41,
156,
156,
156,106,
52,
156,
156,
156,41,
156,
41,
156,
156,
156,
9,18,
156,
156,
156,
1,
50,52,
156,
1,
156,
65,
82,97,41,146,
127,
41,146,78,
41,146,
41,
31,
41,78,
146,78,
198,
78,146,67,
146,198,148,78,
4,
148,
46,41,78,148,
41,198,73,
41,198,184,
78,146,
41,78,
41,
41,
70,15,146,78,
146,78,
78,
146,
41,
9,
46,
78,
127,
156,
156,137,138,
156,
156,
137,
156,
156,15,138,
137,138,
156,15,138,
156,138,
138,
4,
9,18,
156,
156,138,
156,138,
138,
156,138,
156,138,
3,
156,
107,
4,28,
46,138,
138,
156,138,
138,
46,
138,
156,27,
93,
1,
156,93,
161,
1,
93,138,
161,
156,124,
156,153,
50,93,
15,93,
161,
124,15,
9,
93,
161,153,
156,124,93,
15,93,
28,
124,
55,93,
93,
138,
1,4,
138,93,
93,
93,153,161,
18,
93,
15,93,
156,41,
41,31,161,91,158,
41,47,153,158,
113,
31,41,106,
31,156,158,
112,139,
184,
41,161,125,153,
41,125,161,158,
157,158,
41,153,54,91,
41,
41,157,153,
153,
44,141,
41,35,93,158,
141,
41,161,153,158,
41,93,158,
41,93,
93,158,
41,161,120,
47,
41,161,120,153,158,
41,120,157,158,
41,47,161,158,
41,91,161,
41,161,158,
41,161,153,
162,
112,139,
123,
41,31,170,
156,
31,158,170,
124,
124,155,146,
112,139,
112,139,
31,170,
139,
44,
123,
198,
31,158,170,
124,
44,124,155,
124,155,
156,161,
198,
139,
53,
103,
16,
139,
44,124,155,
112,139,
44,
16,
146,
58,112,139,
103,
2,16,
127,
103,
155,
70,
24,
39,
156,170,
53,124,155,146,
170,
9,
124,103,
103,
39,
6,
156,155,
16,
146,
156,
4,
58,
2,
146,198,
156,
103,
146,
103,
156,
150,
156,
128,93,
156,
41,
156,
156,78,
155,
93,
156,
156,
156,
7,
4,
156,73,
156,150,
156,
156,
156,
156,
156,
156,
150,
156,
156,
156,124,155,
156,
155,
6,
9,
26,
9,
58,112,
200,
18,
198,
68,198,
10,
198,
68,
198,
112,
9,
141,
146,
198,
9,
1,
18,
18,
198,
194,
198,
6,
96,
68,
9,
198,
10,
125,
193,149,
193,
10,
10,
125,
125,
97,
155,
9,
142,
10,
149,
125,
68,
9,
10,
9,
10,
156,
51,
10,
16,
87,
51,
10,
200,
9,
10,
12,
111,
148,27,
97,
15,
27,
97,116,
141,
156,153,
203,
27,
97,
141,
27,
148,153,
148,
156,141,
54,
156,141,32,
97,
97,116,
97,
15,54,
156,141,
27,
54,148,
141,
97,
97,116,
153,
156,
156,
156,106,
156,141,
156,143,
91,
156,
156,
156,57,
156,141,
156,32,
156,
156,
156,54,
156,141,
156,
156,
156,
156,
32,
156,
156,
141,
156,
156,141,
156,155,
156,
156,15,91,
156,
1,
13,
107,
156,
46,
128,
124,
13,
128,156,
70,
46,128,61,27,
156,
141,
4,104,
46,41,
128,
46,
19,76,
198,61,
46,
124,
13,
142,198,
13,
13,
46,
58,
139,
4,13,
124,
124,
10,
22,
134,
19,
149,63,
84,
84,
102,
15,
35,
120,
63,120,
15,
120,
9,
141,
141,198,
149,63,
16,
16,
68,
26,
13,
15,
120,
68,72,
48,
9,
65,48,
198,
44,
68,
35,
155,
68,
155,193,
155,200,
155,
68,
68,
15,
193,
156,
10,
130,
15,
130,
193,
96,
101,
193,
155,
15,
188,149,
200,
130,
90,
155,193,
49,
90,
155,
148,170,
155,
148,
124,
16,
16,
49,
18,
148,
49,16,
198,
198,170,
148,170,
16,
170,
16,
148,170,
49,
49,
155,
170,
15,174,170,
16,
41,
9,
197,
148,170,
170,
124,198,
141,146,198,
141,146,
141,146,
141,
198,170,
141,
141,146,
41,
141,50,146,
141,198,
141,
16,
198,
141,
141,146,
141,
130,
141,
5,6,141,193,
141,
141,198,
170,
68,72,
16,
82,141,
126,
198,33,76,
170,
58,
41,65,
200,
123,
18,
6,44,
68,
44,
123,
18,
18,
26,
112,
68,
18,
123,
191,
122,155,
6,
18,
6,155,
41,
6,
18,
6,
41,
49,
69,72,
148,
123,
18,
68,
2,
123,
19,
193,
155,
44,
193,
155,
19,
2,
198,
90,
53,
2,44,
155,193,
68,
90,
9,
9,
193,
68,
9,
90,
193,
126,
1,
90,
12,
155,
155,
91,149,
35,
124,149,
35,
86,
35,
35,
13,91,
149,
9,
149,
149,
149,
35,
35,
35,
149,
35,
35,
35,
20,
20,
91,
149,
149,
13,
113,
35,
50,
20,
46,
46,41,155,
15,61,
53,41,31,76,170,
23,106,
76,23,170,
76,
46,65,
139,
53,41,170,
46,76,
21,58,
46,41,
53,41,31,170,
2,
174,
46,
46,
46,
58,
31,170,
58,
53,41,
41,31,170,
41,
46,155,170,
170,
46,
41,78,
41,15,
141,
27,
97,197,
15,141,
107,
141,97,23,
15,116,
15,97,
141,116,
141,
107,
15,141,97,
141,
107,
122,153,
15,
10,
107,
68,
97,
10,
141,
15,141,
107,
82,
97,141,
141,
178,
124,141,116,65,
141,68,116,
107,
72,68,58,
164,
155,
68,72,
107,
72,
23,
141,
2,
23,
198,
107,
107,
64,
23,
72,
107,
155,
23,
147,
72,68,
69,72,
155,
54,
23,
23,
198,
148,
155,
116,
198,116,
116,184,
24,
198,116,
116,
44,174,116,
44,
24,
44,
184,
116,
198,29,116,
116,152,
159,
116,65,103,
29,48,
138,103,
53,
116,
44,116,184,
29,184,
60,
116,100,
40,
44,159,
103,
103,
40,
198,68,
116,
106,
119,
93,
25,
119,
155,
106,
116,
99,
35,
99,
25,
155,106,
116,
25,
25,
113,
119,
99,
113,
15,116,106,
120,
119,
116,
119,
155,
155,
25,
106,
58,
26,
58,
26,
13,
31,150,170,
31,170,
26,
170,
31,
150,
76,170,
170,
46,
123,
105,
26,58,
26,
58,
105,
123,
26,
150,151,
31,
123,
170,
26,
76,
31,170,
26,
97,
123,
132,103,170,
103,
35,103,
27,
132,103,199,
132,
116,
103,170,
103,
103,
193,
24,
184,
103,170,
97,
53,103,
27,
103,
198,
103,
116,
155,111,
184,
103,195,199,
184,132,
198,103,
103,
155,65,103,
156,41,
28,
27,
156,37,
28,
6,138,
156,
1,
49,178,
156,
44,156,137,
27,
156,
156,
156,116,
156,
28,
1,
156,
156,
156,137,
156,
156,
156,
48,156,
123,
108,156,27,
156,27,
49,
156,
188,136,
44,27,63,193,
27,49,136,
49,27,136,
136,142,
29,
27,136,
29,
50,27,136,90,
29,
29,
27,138,63,136,142,
90,
27,136,
49,19,27,136,
29,
29,
27,138,63,136,142,
29,
29,
29,
27,49,63,136,
136,
49,27,136,
29,
41,136,
29,
44,49,136,193,
114,27,63,136,90,
44,136,193,27,
174,
16,
147,
94,
106,
94,
147,
170,
94,158,
202,
174,170,158,
94,
148,170,37,
103,
69,72,
0,
7,
103,
30,
7,
58,
103,170,
106,
32,103,
0,
85,
16,
184,
0,
16,
35,
35,
49,
35,
10,
156,
156,
198,155,124,
49,
35,
101,
198,21,
141,198,
35,
122,155,156,
35,
156,
49,
141,
35,
49,
198,
35,
198,
13,
9,
198,
13,
13,
155,
112,139,24,
24,
138,
24,
24,
132,31,
116,
138,103,
137,23,
103,
103,
37,
49,
37,116,
44,116,
184,
40,138,103,
116,
46,103,
37,40,
26,
116,138,
159,116,138,
198,
187,
198,116,
198,111,
24,
35,
24,
103,199,
193,
29,116,
27,
44,
40,
132,
40,195,
132,40,
119,
44,48,
116,138,
37,132,
124,
24,
100,
24,
29,
103,
132,103,
24,
24,
24,
132,40,
24,
24,
24,
40,
68,
24,
31,103,107,
103,8,184,
198,195,
158,184,
198,
107,
198,158,184,
146,103,170,
170,184,
97,
170,107,
195,
112,
112,
31,107,158,
24,
34,
158,
107,184,
170,
97,158,184,
97,124,
184,
24,
198,
97,198,199,
184,
97,158,
97,
198,103,195,199,
7,17,156,
61,124,
124,
124,155,
156,
124,155,
156,
124,
156,
155,
122,17,156,
124,155,
122,155,
193,
122,156,
155,124,
124,122,155,
155,124,
156,177,
21,
156,
17,124,156,106,
156,
122,
122,106,156,
124,122,
122,156,
124,122,155,106,
122,156,
7,155,
167,
103,
97,
103,
47,
53,
40,
103,97,
36,
36,
161,91,
53,198,
103,
103,97,
97,
103,
35,
103,
24,
103,
103,
138,
15,71,
97,
103,97,
195,
195,
97,
187,
36,
82,
133,
69,
90,
79,
90,
183,
183,72,
114,
183,
61,
150,
114,
73,
142,
37,
78,
37,
74,
79,
69,
90,
37,
61,49,114,
77,
114,
69,
81,
69,
183,
35,
24,
44,124,155,
123,
33,38,
123,
132,
155,
24,
161,
124,155,
132,
112,
24,
116,
124,
156,
24,
124,
37,40,132,
146,
29,
184,
132,
156,
16,
24,
155,124,
16,
132,40,
119,
155,
124,116,
67,162,
155,162,
15,67,155,124,
67,124,
155,
155,124,
197,200,96,124,
15,67,155,124,116,
155,
20,31,
44,155,124,
124,116,
162,
17,
15,67,155,
71,
71,65,111,
96,116,
61,155,
155,
162,
61,
200,116,
24,
116,
135,
71,124,
156,103,
103,
127,
69,
103,
188,
9,
130,
156,188,
103,
69,72,
60,
69,72,
156,188,
46,47,156,
188,156,
39,
156,
103,
141,
156,103,
103,
156,103,
15,
103,
141,94,
51,
156,188,
9,
156,
124,
24,
198,
156,124,
39,
24,
24,
24,
24,
24,
103,
103,
155,124,
40,
24,
29,
24,
40,
33,38,
113,
124,199,
39,
124,
103,
24,
40,
2,
103,
156,
33,38,
16,
44,
41,
1,
46,
158,170,184,
41,
156,
158,
184,
13,
58,
184,
170,
42,
58,139,
53,
41,
41,158,
184,
9,
13,
58,
141,
1,
156,15,
15,
4,
4,104,
184,
41,146,76,
48,41,53,146,76,
124,
170,
93,
46,
198,
127,
48,
46,128,
46,
15,
58,
1,
124,
28,
41,
9,
76,
41,124,
58,
53,
26,
97,
124,
16,
76,
26,
76,
46,41,
193,
6,
76,
193,54,
99,
155,
2,
44,
91,149,
155,193,
46,76,
113,
41,
26,
82,193,149,54,
82,155,
41,
41,
6,193,
44,
6,149,
2,
82,
46,
6,155,193,
44,
193,
155,
193,
54,
21,
188,
153,
21,
188,
188,
6,54,
1,
153,
21,
21,
21,
153,
21,
21,
45,
188,
21,
21,
95,
45,
188,21,
167,
159,
95,
45,
188,21,
21,
159,
21,
165,
19,
52,
142,
178,
163,
142,
0,
0,
160,
0,128,
120,
178,
120,
120,
166,
46,
46,92,
19,
21,
162,
68,
178,
142,
173,
140,
159,
114,
120,
0,
57,
156,
4,104,
193,
47,
28,
193,
193,
47,
46,
156,
61,
3,
200,
47,
6,
46,
18,
156,
57,
61,
28,
3,
200,
44,
57,
61,
4,
3,
54,
41,158,
156,
97,
46,72,92,
127,166,
5,
112,
156,
125,161,
116,
48,
1,
1,
69,72,
97,
7,
141,
127,166,
195,
190,165,
141,
156,
41,
156,
21,
84,
183,
156,141,
41,141,
64,
178,
124,
198,
147,
49,
198,
198,21,
21,
52,
178,
49,52,
49,
198,
198,
49,
178,
178,
124,
45,49,
178,
49,
198,
49,
198,
21,
194,
16,
124,
21,
124,
130,
44,
98,
156,
141,103,
6,
156,103,188,90,
52,200,
35,
156,
50,
19,
52,
19,
52,
50,
52,
141,
200,
130,
19,
51,
6,
52,
130,
45,49,
103,
103,
200,
35,
156,
69,72,68,
21,
51,
51,
51,
68,
69,72,68,
130,
130,
52,
51,
52,
142,103,
13,
130,
15,13,
130,
156,
52,
153,
156,
52,
153,203,
51,
132,
10,
51,
1,
141,
188,103,
52,
52,
52,
156,
103,
57,188,
156,
188,
156,21,
156,
156,188,
156,188,
21,
188,
156,21,188,
52,
58,
156,
156,21,
7,156,
1,
156,
156,
156,
7,21,
52,
156,103,
156,
156,
122,
90,
90,142,
41,
155,
142,0,
137,141,15,122,155,
130,
90,142,48,
113,
41,
15,
122,
15,122,
122,90,142,
41,188,
15,122,90,
155,17,
17,
141,122,
124,137,155,48,
122,155,
15,67,122,142,
122,
41,
124,
122,
44,141,122,155,
141,15,67,122,
15,67,122,
174,
54,
7,
7,174,
54,
54,
63,
54,
54,
54,
174,
54,
54,
54,
54,
174,
54,
54,
198,
54,
174,198,
174,
198,
54,
54,
174,
54,
198,
174,
54,
58,
127,
58,
6,156,
58,
54,
120,
63,
85,
63,
168,54,60,
54,
58,
58,
147,
68,78,
155,
63,
73,
68,78,
56,
54,
78,
56,
2,4,104,
104,
78,
54,
56,
1,
198,
56,
127,
79,
5,128,198,94,
83,
58,
2,
79,
147,
198,
2,
128,198,
6,174,
82,
2,
2,
58,
128,
56,63,
128,
58,
58,
198,
56,
2,
6,102,
6,
94,102,
5,102,
73,
146,148,
2,
78,
54,
63,
174,
127,
4,
56,
68,
58,
54,
54,
198,
52,
58,
174,
198,174,
3,
41,
198,
62,
58,
147,
54,
78,146,
78,146,
155,
54,
41,155,78,
198,78,
78,181,
58,
41,15,
41,53,146,78,
146,
181,
41,
155,
41,
198,155,
124,15,41,
41,198,124,61,
49,
58,
198,
124,78,
146,33,
58,
124,
41,
58,
41,202,
147,
41,
1,58,
155,203,
203,
53,
46,76,
198,
46,
58,
198,76,124,
198,
53,198,33,76,124,
198,46,76,
2,
4,104,
53,41,146,
2,
41,
53,
76,
146,73,
21,
53,41,146,198,
58,
62,
13,
41,31,170,
41,53,
53,198,76,
46,
46,41,
53,
59,
128,
46,198,
15,156,188,
156,
69,72,
122,
15,156,
67,188,
122,
122,156,
67,156,188,
15,
15,122,156,188,
156,
15,156,
122,
156,
15,156,
122,156,
122,156,
127,63,
15,156,
60,
15,
156,
122,156,
122,156,
32,
15,122,
15,156,32,
69,72,
156,122,
60,
60,
33,
39,
6,
127,
54,
127,
39,
127,
44,
137,
54,
44,
116,159,
127,
39,
156,32,
127,
39,
39,
39,
32,
69,
127,
130,
44,
137,
127,
174,
127,
198,
62,
2,
58,
164,
58,145,
54,
13,
62,
7,
54,
62,
62,
2,
62,
62,
62,
72,69,
63,
2,
198,
58,145,
7,
128,198,
54,
6,
58,
58,
58,60,145,
63,
102,146,
63,
102,
102,
2,
7,
146,
120,
54,
60,
63,
102,
102,146,
102,
7,102,
102,
43,
102,146,
7,73,
102,
146,
102,
63,
102,
102,
102,
2,
102,200,
102,
102,
39,
102,43,
113,
102,
102,32,
102,
102,
200,
43,113,
102,
43,
39,
102,
102,
153,
153,
102,
184,
7,102,
153,113,
64,
39,
7,
153,7,
102,7,
102,
102,
7,
43,
65,
137,
11,137,97,
137,
137,
134,
11,97,
65,
53,
11,137,97,
11,
137,
11,137,
65,
137,
11,137,
65,
11,2,
11,
11,
137,2,
11,137,
134,198,
137,193,61,
11,
137,
137,
11,137,97,
11,137,
137,
68,72,
17,21,
17,48,193,
142,
17,
68,
193,202,
103,17,48,
68,
156,
188,
72,68,
17,
48,
188,
193,
68,
66,
68,
193,
119,
48,156,
66,
17,
197,
103,
21,17,193,202,
203,
181,
68,
67,
103,
119,
66,
178,
9,18,
141,
60,
66,
13,
68,
44,13,
13,
67,
49,
198,
0,
68,
0,
0,156,188,
146,
48,
35,
49,
150,
35,
52,
67,
13,
67,
66,
44,
200,
193,
193,
46,200,
90,
68,
193,
46,
193,
66,
72,68,
193,
90,
46,
156,
50,
156,
193,
68,
90,
156,
66,
130,
46,
90,
68,
90,
68,
155,
155,141,161,
130,202,
52,
124,
69,
155,
155,
155,
155,156,
20,202,
161,
35,
147,
69,
156,
124,155,
35,
155,202,
156,
155,156,
15,155,
155,
68,72,69,
155,15,
130,
155,15,202,
120,
155,15,
202,
69,64,
84,
64,
185,
136,99,
19,
28,55,19,
136,
136,
102,7,
136,
99,
148,
136,
28,136,
136,90,
136,
90,
136,7,
193,
140,
70,
64,
28,
102,28,
64,
136,
64,
90,
102,
168,
17,
66,
71,
188,17,
68,
17,
17,
120,17,
66,
84,68,
84,
66,
68,
197,
188,17,
197,
66,
197,
68,
68,
67,
197,
188,
17,
197,
17,
197,
188,
84,
49,
94,
126,
72,68,
156,
130,
156,
156,
50,130,
130,
72,68,
156,
147,
72,68,
68,
72,68,
51,
156,
141,156,
49,
186,
47,
72,68,
72,68,
156,
156,
156,
156,
156,
72,68,
114,
99,154,
74,
114,
81,
74,
173,
19,99,
114,
114,
99,13,
114,
114,
114,
201,
81,
114,
74,
114,
124,
114,
114,
79,
114,
78,
114,
114,
79,
80,
114,
137,
65,
73,
137,
11,
74,
137,
134,74,
11,
11,
134,
137,
11,137,
65,
74,
65,
74,
137,
148,
11,
137,
134,74,
65,
74,
64,
137,
11,
11,
11,137,
74,
136,
148,106,
106,154,
106,154,
106,154,
106,154,
85,
155,106,
79,
155,154,
148,106,154,
136,124,154,
106,
75,
136,106,
106,
106,
53,106,
154,
148,53,154,
188,106,151,
19,53,154,
154,
154,
106,154,
106,154,
106,151,154,
106,
28,136,151,154,
53,106,154,
137,
11,148,
11,198,
137,
114,
134,
137,
134,
74,
137,
11,
78,
78,
74,
210,
102,
11,
148,
11,137,
137,
114,
148,193,
78,
11,
11,
134,
11,137,
53,
137,
141,
114,
78,
79,
114,
114,
184,90,
23,
81,
90,
114,
90,
81,
193,
23,
73,
114,142,
90,142,
73,
114,
77,
114,
73,
47,
184,142,
142,
80,
114,142,
114,
73,
183,
73,
73,
73,
183,73,
172,
81,
73,
78,
74,
78,
74,
74,
183,
114,
74,
188,
78,
114,
114,
81,
114,
114,
173,
183,73,
74,
173,
114,
73,
114,
78,
79,
79,
41,107,158,
79,
79,
79,
41,31,107,
79,
79,
94,
79,
79,
183,
0,
172,
41,107,
79,
173,
79,
41,
81,
141,
79,
75,
79,
94,
114,141,
79,
172,
53,
114,
178,
73,
114,
13,
80,
73,
0,
141,99,
99,
80,
0,13,
11,0,
114,
114,
73,
133,
133,
192,
99,13,
73,
167,
80,
80,
11,148,90,
141,
15,0,
133,
80,
114,
90,
184,
191,
114,188,
75,
81,
167,
73,
191,
74,
11,
184,
11,136,
184,190,
77,
94,
114,
183,
81,
75,
191,106,
81,
191,
73,
188,
11,136,
114,188,
190,
136,
74,
79,
79,
74,
82,
83,
79,
85,
141,
79,
79,
141,
141,
61,
82,
61,
141,
37,
69,72,
46,
82,74,
79,
79,
79,
82,
79,
69,
141,
79,
79,
79,
7,11,
83,
83,
83,
79,
83,
83,
75,
73,
83,
83,
74,
74,
83,
74,
83,
79,
188,103,154,
7,
11,114,
74,
112,
79,
85,
112,
7,
11,114,
83,
83,
73,
73,
13,
191,
17,200,
84,
84,
64,
78,
68,
193,
84,
13,
13,
124,
84,183,
84,
211,
200,
43,
200,13,
183,
183,
64,
13,
183,
183,
13,
183,
183,
13,
74,
183,
79,
85,
141,
79,
141,
141,53,
141,
79,
141,
120,
141,
141,
141,
141,
141,120,
141,
85,
141,
141,
52,124,
82,183,
141,
141,
120,141,
183,
163,
141,150,
141,
86,154,
193,
129,
44,
129,
54,
154,
54,
209,
154,
54,
86,154,
10,
109,
44,
86,154,
54,
111,
54,
86,154,
54,
54,
54,
209,
44,
149,
86,154,
154,
193,54,
129,
87,
71,
17,
87,
87,
69,
197,
87,
188,67,
10,
68,
87,
103,
17,
103,
68,
103,
71,
51,
197,
68,84,
197,
87,197,
124,
10,
35,
183,
87,
103,
71,
9,
35,
35,
133,
35,
17,
133,
35,
18,
67,
133,
17,
35,
35,
133,
15,
35,
68,
64,
188,
193,
133,
17,90,
133,
10,
86,
124,
133,
188,
35,
191,0,
188,191,0,
0,128,
165,
31,
0,
166,
0,
191,
69,72,68,
191,0,
0,128,
0,
0,
165,
191,
161,
89,
31,0,
166,
166,
69,
191,
191,
0,
49,
161,0,
128,
89,
31,
9,
90,
90,
47,90,
47,
47,90,
200,
31,
190,
47,
89,
90,
47,
190,165,
156,
68,
190,
55,
90,
90,
47,
84,
1,
89,
47,90,89,
47,
57,
47,90,
47,
89,
0,
114,
0,
0,
0,
91,
147,
166,
146,
0,
0,
0,
0,
31,
146,
0,106,
0,
0,
171,
128,
0,
91,183,
0,
0,
31,0,
191,0,128,
91,
91,
31,0,
0,128,
21,128,
159,
68,
35,
21,111,
21,188,
46,92,
35,
21,
159,
114,
147,
49,
114,
35,
159,
146,
161,
120,
0,21,
119,
67,
114,
0,
159,
119,
46,114,92,
91,
21,
46,92,
84,
84,
141,
165,190,
165,
165,190,
165,
84,
141,
165,
69,
171,
190,165,
84,
141,
68,
141,
69,
60,
165,
84,
69,72,
84,
166,
166,
165,
191,
183,
142,
140,
56,
191,
56,
56,
190,165,
124,
163,
56,
190,
0,
84,190,165,
94,
94,
165,190,
94,
184,
41,107,158,170,
84,
166,
17,56,
56,191,
190,165,
0,
142,
56,
94,
0,
112,
56,
69,
191,
146,
69,72,
142,
146,
120,
178,
68,
69,
142,
95,
165,190,
128,
31,
148,0,
137,
128,
47,
3,
142,
146,
162,
31,
82,
47,
31,
128,31,
146,
161,
128,125,153,
128,
125,
159,125,161,
125,
128,125,93,
128,
6,128,125,
156,159,
153,161,
96,
128,
125,
106,125,
156,
128,161,
106,161,153,
35,
128,48,156,
161,153,
128,
156,
156,
6,128,125,
128,
125,
125,153,
125,
156,
82,
141,
97,
47,
21,
13,
97,
188,
97,
97,
21,
5,
97,
141,
97,
21,
5,
47,13,
141,21,
156,
97,
21,
21,
130,
141,47,13,
21,141,
97,
97,
97,
156,21,
141,
45,49,
167,
155,193,
21,
45,
21,
198,181,
49,
45,
97,
167,
45,49,
68,200,
98,
153,
52,
49,
167,
155,21,
9,
193,153,
153,
153,
167,
49,
45,
156,
45,49,
153,
193,91,
49,
35,
198,
155,
35,
49,
190,
68,72,
20,
9,
101,
15,
54,
20,
198,
49,
10,
20,
128,
35,
119,
35,
198,
198,
72,68,
188,
101,
198,
35,
101,
49,
35,
198,
49,
193,
49,
49,
68,72,
49,
198,155,
198,
49,
45,
49,
68,
49,35,
155,
155,
9,
49,
194,
10,
9,
49,
101,
9,
35,
198,
49,
49,
48,
125,
96,
10,
35,
52,
125,
101,
128,153,
101,
141,
156,
125,
49,
35,
50,
52,
49,
125,
153,
51,
49,
96,
159,
9,68,69,72,
96,
130,
5,128,
101,
35,
167,
13,161,
21,54,
124,
49,
119,
153,
21,153,
54,
35,
35,
49,
49,
54,
21,
96,
21,
101,
21,
35,
54,
130,
35,101,
21,
46,92,
1,
68,161,
92,
54,110,
96,
101,
49,
198,
153,
101,
155,
17,
49,
101,
125,
35,
155,193,
15,
15,
49,
4,
101,
9,101,
49,
49,
54,
101,
10,
54,
101,
54,155,193,
49,
141,
65,
142,
15,
46,156,70,
3,
104,
15,
104,
104,
46,
58,
15,
65,
41,65,
9,
41,76,
58,112,139,
41,124,
198,
46,
104,
70,
46,156,70,
28,
58,
58,
70,
46,
156,70,
31,170,
58,
158,184,
31,170,120,10,
127,
13,
97,139,
97,
127,
58,
105,
58,
58,
41,31,76,170,
31,170,
105,
19,
58,
31,
58,
58,
31,170,158,
31,
58,105,
58,
139,
31,170,
31,170,120,158,
13,105,
120,
103,
106,
53,
123,
16,
16,
16,
106,
103,170,
16,
6,
16,
53,
53,
146,
103,
112,
53,
16,
16,
16,
16,
112,
112,139,
53,
53,
53,
16,
106,
131,
155,27,
156,124,27,161,141,
161,
27,
4,
148,27,
27,
67,122,155,
167,
27,116,
155,54,
148,153,
156,27,
49,141,27,153,
167,
156,116,
27,153,
18,
27,
27,
67,155,116,
153,
49,27,
153,
167,
122,156,
122,155,
153,
27,
27,
54,
82,
82,13,99,54,
124,
124,
54,
82,116,
141,
35,
113,
97,
124,
35,
116,
135,
54,116,
135,
122,155,124,148,
155,
135,
27,
13,
97,116,
116,
148,
54,
97,116,
82,97,
35,
82,
197,
82,
82,99,148,
82,141,113,
141,113,
97,
99,54,
82,99,
54,148,
82,
82,99,97,
50,141,
99,97,148,
54,197,
82,
54,
99,
54,
107,
99,54,
82,
141,102,113,
99,
13,99,116,
99,54,148,
54,
82,113,
54,
82,99,54,
141,155,156,
155,116,
124,97,155,15,
155,15,
97,
107,
155,
124,
15,155,97,
107,
107,
155,
107,
155,116,
141,
155,14,
141,124,
14,
155,
124,20,14,
124,
107,
155,
124,155,
97,
161,
155,
107,
99,
107,
113,
54,113,
111,
107,
82,113,
99,116,
111,
65,
82,113,
107,
129,
129,107,
102,
82,99,
60,
107,
107,
13,54,113,
102,54,
107,
102,
107,
54,
102,
113,
86,
113,
54,99,113,
43,
116,
150,158,154,
44,
31,200,150,
112,139,
103,
154,
199,
41,107,158,
112,139,
198,
103,
154,
29,158,
41,107,158,
112,139,
41,107,158,170,
112,139,
112,139,
35,
154,
139,
150,
150,
162,158,
35,
112,139,
35,
112,139,
154,
112,139,
13,
122,156,
35,
113,
19,
13,
126,106,
142,
113,
142,
77,
113,
106,
13,
142,
156,
113,
119,
111,
111,106,
113,
13,
156,
106,
142,132,
119,
13,106,
17,
106,
126,111,
0,106,
117,
0,71,106,
49,101,
0,
0,
0,
0,
0,
71,0,106,
71,
0,
0,
0,128,
0,
0,106,
71,0,
0,
0,
0,
0,
178,
0,
0,
0,
71,0,
0,
0,128,
71,0,106,
0,
15,
127,
15,
19,
0,
119,
156,32,
19,
44,116,
117,
15,
44,48,32,
116,
25,
25,
15,
113,
48,
35,
120,
35,
119,
99,106,
32,
113,
35,
113,
32,
15,
35,
41,159,
41,31,
112,139,
31,153,
41,
46,41,
41,31,
44,41,161,
21,
31,47,41,
44,41,54,
155,161,
41,
41,31,
112,139,
41,
41,
41,
141,
156,
41,155,161,
112,139,
41,
11,132,
41,
156,41,158,
41,
155,91,
123,
44,
190,
117,
72,
72,
141,
178,
155,
69,72,
72,
123,
72,
44,137,
18,
18,
69,72,
41,
18,
137,
124,
117,
200,
18,
123,
190,
137,
18,
68,72,178,
178,
18,
190,
124,155,106,
69,
155,
119,
13,
106,
120,
15,43,
137,
113,
156,
155,106,
141,155,
124,
117,
155,
120,
113,
69,
155,181,106,
124,
155,
155,
203,
155,
155,
119,
202,
69,
156,
156,188,
68,72,
156,
156,
119,
35,
156,
198,
119,
116,
119,
72,68,
119,
188,
156,
156,
156,188,
119,
119,
72,
156,188,
35,
35,
99,71,
156,188,
156,
127,
156,
35,
120,
120,
43,
120,
202,
203,
120,
120,
102,43,
120,
120,
120,
120,
43,
43,
102,
120,
44,
202,120,
43,
202,
102,43,
65,43,
43,
120,
113,
120,
120,
202,
120,
121,
121,
121,
90,
198,154,
121,
154,
53,55,
121,
41,
121,
154,
41,
85,
106,
184,
154,
132,
121,
154,
184,
154,198,
82,
154,
154,
37,
121,
154,
106,
154,
41,107,158,170,
41,
53,
31,170,
65,
53,56,
1,
31,170,
31,39,158,170,
170,
158,
53,31,170,
53,31,170,
184,
41,31,158,170,
124,155,158,
56,
41,170,
53,170,
150,
112,139,
53,
53,184,
58,105,
31,184,170,
53,
53,158,
128,
41,158,
158,
76,
26,
123,
26,
71,76,
123,
123,
76,
123,
123,
123,
76,
123,
141,
58,
9,123,
105,
123,
141,65,
65,
123,
146,76,
70,
26,
123,
123,
58,
26,
26,
146,
124,
168,
137,
137,
137,67,
97,
78,114,
97,
197,
17,
17,
71,
85,
17,13,
124,
192,
81,137,
183,
166,
46,
17,156,
17,
137,
84,
137,13,
124,
190,
137,67,
46,13,
137,156,
7,19,
184,
13,
85,
69,72,
183,125,
124,
164,
4,
84,
120,
7,19,
183,
69,72,
64,
7,
64,
114,
69,72,
183,
62,
69,72,183,
155,
124,
7,19,
69,72,
125,
63,
210,163,
183,
146,
128,146,198,
128,
103,
1,
124,
146,
198,190,
146,
59,
146,
146,
44,
2,58,
16,
2,
128,
2,
198,
16,
124,
190,
72,
5,198,
2,
49,
156,141,188,
2,
155,
198,
127,
127,
156,
156,
32,
156,
156,
156,
127,
127,
156,
156,
156,
69,72,68,
156,
156,
156,
156,
127,
156,
156,
127,
127,
39,
127,
156,
127,
127,
68,
156,
82,
2,
128,
103,
128,
54,113,
135,
128,
82,99,
2,
128,
54,
82,
128,
113,
82,54,
128,
104,
128,
113,
128,
54,
104,
82,
129,
7,
128,
116,
82,113,
120,202,50,
4,104,
82,
7,97,
82,
97,149,
82,54,148,
104,
68,
4,104,
104,
97,
104,
97,
97,
82,106,
106,
106,
97,116,
16,
82,97,
4,104,
82,
97,
107,
104,
82,97,
7,
82,
104,
82,106,149,
156,103,
156,188,
156,
156,
103,156,
188,156,103,
77,156,
156,103,
188,156,
156,188,
156,
156,103,
156,
156,
103,156,
156,
156,188,
188,156,
156,
156,
156,
77,156,
156,103,
156,
156,
68,
156,
156,103,
188,
156,
27,137,138,
27,137,
4,
137,138,
27,137,
137,
28,
13,
49,27,138,
4,
4,
55,27,137,116,
27,138,
4,
49,27,137,138,
1,
156,
138,191,116,
55,156,
1,4,
27,138,
197,
138,149,
27,137,191,
49,137,138,
138,
27,137,138,191,
27,
156,
49,27,138,
139,
17,
22,
155,17,
132,
48,57,17,
17,
17,
17,
155,
61,
122,155,124,161,17,
155,
122,
155,116,
15,67,155,
15,17,49,0,
155,
14,
155,17,
17,49,0,
17,
67,122,
17,
17,57,147,0,
60,
17,
15,155,17,
26,
122,
133,
134,
136,
134,
136,
134,
11,
133,
11,148,
201,
11,148,136,
11,136,
11,83,
133,
11,136,
11,
11,136,
11,
11,136,
83,
134,
148,
73,
11,136,
11,
133,184,
136,
11,
11,
136,
11,90,
11,
74,
109,
90,
90,
11,
90,
193,
90,
90,
90,
102,90,
11,
114,
134,
133,
11,
134,
102,
134,
11,
11,
90,
134,
134,
11,
134,
11,
102,
124,33,
135,
135,
122,
41,153,
135,
127,
135,
124,
122,
135,108,
61,122,155,13,126,
126,
122,155,124,
135,
126,
58,
122,
13,
35,
124,97,
135,
135,
124,
135,
135,
187,
135,
97,
135,
116,
15,122,155,125,
155,141,
112,139,
156,
135,
82,141,
141,0,
82,15,122,155,14,
141,
155,
14,
110,
61,122,200,
120,15,122,155,
60,123,
15,122,
156,
155,
0,
156,
136,
15,122,155,
155,48,
35,
97,155,124,
122,155,97,
156,
82,54,
82,15,122,
192,
160,143,
78,
137,
166,
72,
175,
47,
167,
166,
185,
93,
192,
166,
114,146,
192,
137,
140,
201,
137,
47,
175,
150,
47,
78,
140,
137,
167,
137,
160,163,143,
13,
156,
72,
156,
141,13,
141,13,
13,
164,
138,
156,
141,
188,
156,
82,
156,
13,
156,
79,
138,
13,
69,72,
156,
53,
141,
69,
138,
69,
156,
156,
210,
41,
139,
41,
41,31,158,
41,
41,
41,159,
41,
161,
41,
41,
41,17,
46,
41,158,
41,161,
112,139,
112,139,
41,
41,
23,
41,170,
41,170,
41,159,158,
41,
41,170,
112,139,
41,170,
41,170,158,
41,
41,
67,
67,
173,133,
133,
173,133,67,
133,
173,133,
39,
52,124,
39,
64,
67,
69,
66,
133,173,
133,
54,133,173,
68,
69,
54,153,
133,
173,133,
68,
54,133,173,67,
111,67,
52,124,
133,67,
133,
69,72,
156,
43,
46,200,
168,183,60,
124,
64,
17,
68,
164,
120,17,
68,69,72,
43,
60,
184,210,
70,
164,
43,
191,
84,
43,
84,
69,72,68,
62,
68,
68,69,72,
164,
84,
13,
68,
84,
164,
13,
124,
68,
84,
84,
136,
133,173,
191,
168,60,
64,
191,
191,
68,
136,
168,
60,
124,
64,
190,165,
84,
124,
142,
191,
142,165,
183,
60,
184,
17,
17,43,
84,
160,143,
64,
192,
143,160,
143,
64,
13,
141,
160,143,
192,
63,
60,
53,
114,
141,
184,
183,
143,
183,184,
143,
184,
82,
160,143,
143,
183,
173,
114,141,13,
79,
143,160,
13,
156,153,91,
156,47,
156,
69,
156,
156,
47,156,
156,
156,
156,120,
156,
156,
203,
156,153,
156,
188,47,156,
156,
47,156,
156,
156,
210,
60,
156,
156,
156,
47,
156,141,
183,
47,
120,
56,
198,
69,72,68,
7,202,
63,
203,
7,
78,
15,
60,
145,
202,
54,
127,63,
78,
73,
69,
198,
15,
54,
127,
155,
7,
145,
7,
78,
198,15,
20,
60,
202,
0,
0,
0,15,
0,
0,128,
31,
191,
69,72,
0,
0,
7,
7,
0,
146,
0,
0,
72,
19,0,
69,72,68,
0,128,
0,31,
72,
0,
155,
0,
0,128,
0,
0,
0,
0,
155,198,78,
155,
56,
198,
130,
130,
72,
98,
126,
49,
148,
156,202,
202,
49,
72,
60,
49,
155,
178,
198,
49,
16,
49,
46,92,
78,181,
69,72,
162,
159,
124,155,148,
148,
102,188,
120,
156,31,
148,
43,31,
188,
188,43,
7,
43,
156,102,
156,188,
156,188,43,31,
188,
114,31,
156,
156,188,
156,188,31,
31,
102,
77,7,31,
102,43,
188,7,
102,
156,
188,43,
188,
156,31,
77,
148,
114,43,
113,
43,
102,43,
141,102,7,
43,
141,102,43,
143,
43,
102,174,43,
7,
43,113,
141,102,43,113,
102,113,
43,
102,43,
102,43,113,
102,65,43,
174,43,
43,113,50,
43,
64,
102,43,
7,
102,
102,
43,
102,
113,
102,43,
43,
165,190,
167,
175,
141,
167,175,
137,
136,
167,
167,
192,
44,
175,
178,
69,
69,72,
167,
136,193,
69,
193,210,
166,175,
185,
175,
175,
137,
167,
136,
75,
201,
167,
119,
94,
184,
119,
61,
137,
184,210,
210,
72,
138,
160,143,
69,
69,
184,210,
174,
184,
68,
141,
183,
137,
184,
69,
184,
124,52,
184,
52,
184,210,
61,
183,
184,
64,
65,
48,19,
106,154,
55,
17,56,
172,
190,
79,
136,
175,
191,
136,106,154,
186,
155,
192,
106,154,
19,
167,
136,56,
191,
155,106,154,
133,
175,
143,
190,
175,
191,
201,
190,191,
153,167,
163,
94,
167,
190,191,
166,
94,
191,
173,
190,165,
201,
163,
190,
94,
168,
167,
69,
153,
63,136,
37,
79,
163,
160,143,
69,
193,
191,
84,
191,
44,
35,
122,
122,
65,
35,
129,
54,
122,
65,
35,130,
35,
122,
68,72,202,
193,
200,99,
178,
122,
193,
107,
61,67,
86,154,
154,
122,
129,
122,
193,
86,154,
86,154,
128,
64,
192,
68,
190,
144,
37,
168,
43,
192,
114,
190,165,
114,
70,
177,
124,
64,
190,
183,
63,
190,
144,
114,
190,
124,
119,
63,
168,
155,
64,
190,
198,
198,
198,
136,
198,
90,
11,136,
133,
198,
29,
28,136,
156,
154,
106,
157,
29,
136,
11,120,
154,
84,136,
11,154,
168,
154,
11,
11,136,
11,136,2,
192,
11,120,
190,
136,
188,
136,
49,90,
27,90,
27,136,90,
22,27,49,
136,
90,
136,
22,90,
157,
29,
135,
136,
29,
157,
63,184,90,
27,
49,
114,
26,
90,
27,63,142,
128,
22,114,
49,27,63,136,
7,
49,22,27,
22,
90,
126,
198,
198,155,
6,
124,
146,124,
198,
97,
2,
2,
126,
190,
54,
2,
198,
126,
2,
2,
190,
26,
2,
194,
15,203,
198,
146,
58,
49,
141,
141,
58,
170,
198,
146,
14,
41,
18,
9,
16,
141,174,
126,
141,
198,
53,
141,198,48,
16,
141,
16,
17,
19,
141,
2,
198,
141,
194,198,
175,
69,72,68,
160,143,
86,
87,
163,
143,
146,
137,160,143,
156,
130,
166,
185,
68,
143,160,
143,
140,
183,
47,
133,
69,72,68,
163,
146,
69,72,
69,72,68,
141,
140,
185,
69,
69,72,
35,
44,
68,
188,
44,141,
122,
188,
137,
15,122,
137,
188,
72,68,
67,122,
116,
188,
141,
141,
156,
141,
156,
156,
71,
156,103,
44,141,188,
44,141,
67,
122,
156,
16,
122,
69,72,
130,
60,
178,
72,
60,
178,
162,
147,
162,
147,
171,
162,
190,
146,
178,
162,
69,178,72,
91,
162,
69,72,
69,72,
162,
72,
120,
171,
44,
72,
60,
178,
143,
133,
163,
163,
142,68,
168,
134,
205,
66,
163,
124,
134,
124,
134,
133,
200,
157,
69,
143,
17,200,
124,
175,
163,
163,
84,
200,
143,
134,
163,
163,
164,
43,
164,
43,
2,19,
19,
43,
19,
35,
192,
69,164,72,
15,
164,
192,
60,
19,
43,
43,
20,
43,
69,72,68,
184,
125,
164,
164,
15,
43,
43,
60,
72,
72,68,
72,68,
13,
67,
190,165,
190,
68,
168,
183,
183,
130,
52,
183,
68,
13,
69,72,68,
67,
190,165,
168,
67,13,
71,
13,
84,
140,
69,72,
64,
69,72,
183,
69,72,
183,
60,
69,127,
156,
69,
166,
69,
156,
156,
127,
69,
156,
156,
60,166,168,
60,
156,
202,
156,
156,
166,
156,
156,
156,17,
156,
156,
156,
156,
156,
156,
130,
80,156,
201,
190,92,
168,
192,
186,
175,
192,
186,
175,
168,
185,
192,
190,
172,
175,
173,
175,
193,
201,
167,
192,
192,
175,
201,
190,
190,
168,
173,
193,
167,
102,
102,
119,178,
21,
103,
69,
60,
119,
68,69,72,
68,
102,
69,
69,72,
35,
39,
69,
103,
35,
69,
188,
130,
103,
130,
68,69,72,
103,
103,21,
127,60,119,120,
119,
102,
60,
115,
72,
155,
99,
155,
178,
173,19,
178,
72,
155,
198,
178,
155,
185,
72,
115,
155,
155,
49,
120,
173,155,
120,
155,
69,72,
113,
72,
155,
120,
120,
60,
13,33,106,154,
122,33,
47,
13,91,11,153,
13,91,153,
33,156,
15,111,125,153,
187,
153,
122,13,153,
153,
54,33,
15,13,33,187,111,47,153,
13,126,47,
13,91,33,106,161,
106,141,
153,
13,33,31,
47,15,154,153,
15,47,
153,
148,
33,153,
170,
13,
106,
125,47,153,
13,91,161,187,
132,106,199,47,153,
111,53,33,106,153,15,62,91,
130,
147,
171,
44,
164,
51,
31,
141,
169,
130,
142,
69,
44,
165,190,
142,
69,72,
72,
130,
130,
130,
165,
69,72,
185,
69,
141,
191,
141,
51,
162,
60,168,
190,
172,
167,
68,
19,
190,
167,
190,
201,79,
99,
55,
55,
190,55,
80,
167,
19,
55,
114,
173,
172,
55,
175,
114,190,
68,
167,
192,
167,79,
133,
167,
167,79,
74,
45,56,112,
56,
201,
65,56,
45,56,
114,
114,
173,
190,
56,
56,
56,
79,
56,
79,
56,
45,
79,
173,
45,65,56,
172,
172,
79,
45,
45,
56,
173,
172,
201,
0,
46,92,
31,0,
69,
127,
185,
140,
165,190,
165,
0,
31,
141,
0,
72,68,
166,
166,
166,
166,
165,190,
140,
140,
136,0,
178,113,
0,128,
141,
140,
190,165,
128,
69,
140,
164,
175,
69,72,
125,
64,
192,
192,
192,
168,
168,60,
60,
164,
186,
192,
69,72,68,
175,
60,
61,190,
192,
168,60,
192,
164,
192,
148,
13,
84,
60,
69,68,72,
164,
127,
0,
176,
47,17,0,
48,17,0,
31,0,
17,0,
0,
47,0,
17,0,128,
35,
44,
146,
17,0,
17,
0,
35,
0,
17,0,
17,0,
0,
17,0,
68,
126,
17,0,
17,0,
0,
68,
17,0,
47,17,0,
0,128,
64,
64,
70,
141,
97,
84,
7,
141,
141,
91,
141,
64,
64,
141,
156,188,
165,190,
143,
65,
141,
183,
120,
163,
120,
60,
64,168,
141,
84,
183,
190,
64,
198,148,
49,
35,
119,
18,
123,
162,
155,
6,
155,148,
6,
147,
49,
178,
49,
113,
155,
120,
155,198,
119,
6,155,
130,
49,
155,148,
155,
137,
147,
6,
178,
178,
143,
192,
64,
125,
79,
64,
141,156,
183,184,
143,
192,
13,
155,183,
69,
184,
133,192,
192,
192,
192,
183,
82,
192,
79,
144,
192,
141,
183,
13,
183,
13,
141,
141,
143,155,
13,
141,
192,
80,
192,
192,
166,
192,
192,
183,182,
183,
97,
61,13,
192,
141,
61,
143,210,
192,
210,
141,
13,
13,
143,
192,
61,
192,
141,
192,
137,141,
61,
184,
137,141,
64,
64,
210,
61,
64,
120,
64,
210,
64,
192,
184,
180,
210,
192,
64,
210,
210,
141,
64,
69,
137,
183,
198,
192,
184,
198,
13,
192,
13,
13,
155,
174,
63,
81,
183,
183,
141,
65,
13,
134,
156,
13,
144,148,
141,
192,
13,
174,
138,
60,
192,69,72,
64,
69,72,
64,
85,
13,
13,
120,
183,
183,
97,
183,
183,
183,
137,141,
210,
183,
68,72,
133,
53,137,141,
183,
183,
64,
137,141,
183,
64,
168,60,
141,
120,137,141,163,
68,
183,
183,
141,
120,141,
183,
114,141,
13,
46,13,
183,
141,
61,
151,
198,
64,
125,
124,
151,
69,72,
183,184,
114,
13,
124,
183,
124,
69,72,
64,
151,184,
13,
46,13,
64,
184,
64,
184,124,
192,
198,
184,
81,
192,
68,
175,
163,
164,
127,
68,
183,
127,166,
47,
142,
31,
166,
69,
183,
192,
166,192,
69,
69,
140,
185,
166,192,185,
173,
175,
69,72,
192,
192,
185,
192,
163,
54,
133,
164,
192,
148,
15,54,
133,
190,
15,
186,
164,
172,
167,
175,
186,
175,
54,
175,183,
192,
190,
186,
134,
54,
134,
54,
148,
133,
15,
15,
190,
150,
192,
114,
190,23,
183,
186,
114,
45,
192,
186,
114,
167,
72,
192,
167,
186,
148,
190,
190,23,
186,
190,
114,
190,
190,45,23,
114,
186,
114,
192,
60,168,
23,
60,
175,
168,
23,
200,
192,
60,168,
190,
164,
192,
69,72,68,
175,
186,
186,
168,60,
192,
160,143,162,169,
190,
186,
192,
175,
175,
167,
163,
192,
130,
185,
186,
111,
11,102,
153,
189,
17,46,
119,
106,
71,124,
153,
120,11,
195,
15,124,111,
11,
124,
189,
189,
112,
195,
11,
137,
189,
106,
111,106,
189,
153,
153,
200,
128,156,
104,
11,124,
190,
168,
190,165,
183,
61,
46,
46,
185,
190,
46,
47,
61,46,
46,
190,
19,13,
183,
130,
97,
184,
190,
193,
190,
46,141,
46,141,193,
69,72,68,
141,61,193,
183,
61,46,141,
192,
197,
68,
133,17,
84,
120,
17,
68,
133,
114,200,
35,
13,
173,
68,
88,
66,
68,
84,
84,
191,
68,
173,
133,
173,
183,
114,
15,
133,173,
173,
133,173,17,
44,
66,
80,
13,
192,
134,
183,
183,
133,
183,
183,
61,
190,165,
79,
164,
72,
193,
84,
13,
133,
183,
192,
183,
13,
190,165,
144,
13,
183,
80,
125,
183,
134,
41,188,47,
188,47,
19,188,
19,41,90,
184,188,
19,47,
47,
184,47,
19,47,
33,
90,
33,184,
114,
33,184,99,
193,
19,106,
65,184,47,
41,106,184,
188,90,
188,47,
105,
41,90,
41,90,
41,
33,47,
193,
184,114,47,
19,90,
19,41,
19,106,184,47,
94,170,
97,
112,139,
174,103,170,
112,139,
94,174,
106,
16,
106,
103,187,
16,
170,
16,
174,
112,
112,
103,
97,
106,
112,139,
106,
106,
79,
170,158,
94,174,103,
16,
16,
106,
15,
15,122,
155,54,
125,161,11,153,
195,
54,
15,
122,155,
31,11,153,
15,155,161,153,
153,
54,148,93,
195,
15,122,155,153,
54,153,
15,155,125,153,
15,190,153,
190,
54,11,
155,
153,
153,
153,
195,
54,
167,
15,54,148,
148,11,153,
122,54,153,
195,
51,
52,
56,
156,
156,
156,188,
52,
156,188,
52,
52,
44,188,
101,
156,
28,197,
54,
197,
18,
197,
197,
197,
16,
18,
197,
137,
197,
197,
197,
197,
66,
197,
197,
197,
155,
137,
197,
49,
197,
54,
197,
107,
197,
200,
16,
11,
11,
114,
136,
11,61,90,
11,
102,
80,
11,2,
65,
134,
120,
102,
65,
198,
90,
198,
198,
120,
133,
134,
134,
120,114,
136,
11,137,193,
198,
11,
102,
168,
11,114,
138,14,200,96,139,
139,
198,
126,
154,
138,124,154,96,107,200,
154,
61,
44,
200,
200,96,139,
100,
67,147,
207,
188,
154,96,
22,200,139,
155,97,
147,
67,
107,200,139,
193,96,139,
139,200,111,
96,
61,96,
155,154,
147,200,96,
200,
137,41,184,142,
124,141,
137,90,142,
137,142,
156,
41,103,156,
41,142,
41,
41,
188,
124,65,106,
124,19,41,
106,103,
124,
6,65,90,142,
156,41,103,
124,137,90,
188,
124,90,142,
156,103,
41,
142,
156,
103,156,188,90,
188,
6,
124,
90,
124,90,142,
90,
136,
120,
136,120,
136,120,
136,
136,
168,
136,
157,
136,
206,
136,120,
136,
136,
168,
136,
70,
156,
157,
114,136,
11,
136,
70,
201,
65,
114,120,
136,
136,
120,
134,
54,113,
97,99,
99,
113,
54,99,
99,
113,99,
99,54,113,
99,113,
68,
113,
129,
82,97,99,113,
82,99,
99,54,113,
113,
54,153,113,
99,
161,54,153,113,
82,99,
104,50,99,46,113,
54,
129,
82,99,
99,
99,113,
82,99,
54,
167,
13,99,
82,54,
202,
99,54,113,
99,54,
82,
203,
113,
113,
113,
203,
82,54,
107,
113,
116,
202,
113,
101,
104,
82,
82,113,
203,
129,
82,54,113,
107,
99,113,
113,
82,
113,
86,154,
203,
16,
136,
200,139,
106,204,
106,
204,
120,154,
106,
114,190,
106,
198,
106,
16,
156,198,
200,154,96,139,
200,107,
157,
198,
198,
139,
198,
136,
190,
154,
106,
154,
86,154,
204,
174,46,
205,
115,
205,
205,
64,
46,
69,
190,
183,
137,
205,
54,
127,
174,
46,
205,
151,
205,
46,
46,
184,124,
127,
174,
60,
69,72,68,
174,137,
205,
205,
205,
11,
154,
11,
11,
65,
136,
198,
11,
198,
198,
11,
11,
137,
11,136,
133,
136,
11,
11,
198,
198,
154,
154,
193,
136,
53,
11,136,
11,193,
198,
198,
155,154,67,
23,188,67,
200,
129,
186,67,
145,
96,
193,
46,193,
155,
193,206,
41,
96,
67,100,102,
155,193,186,
199,207,
193,
186,
207,
41,
207,
137,90,
193,
155,
156,
145,
155,193,186,
174,
41,
155,
43,113,
102,106,114,
113,
102,
102,
113,
63,208,
102,43,
102,
43,113,
102,
102,
208,
102,
7,
102,
102,113,
120,
149,63,
106,
102,113,
102,113,
113,
102,
7,113,
113,
102,
113,
102,114,7,43,
106,113,
99,
113,
82,
82,54,113,
99,
82,99,
113,
109,
82,99,
99,
82,
82,99,113,
82,99,
82,
99,113,
82,99,113,
82,
82,113,
157,113,
99,
82,113,
157,
82,99,113,
99,
113,
82,99,
82,113,
82,99,113,
82,54,
157,99,
137,
81,137,
198,
137,
210,
69,
198,
137,
184,
65,
182,
174,
198,
198,
183,
184,
137,
183,
137,
198,
184,
137,
184,
198,
143,
137,
137,
85,
125,
137,
77,156,153,111,
156,
156,
156,
156,
167,
77,156,153,
188,156,
52,
97,
156,153,15,
188,156,91,
15,156,47,
156,
156,
77,161,111,
156,
77,156,153,
119,
156,
47,153,
155,47,153,
156,161,153,
47,156,
153,
156,
156,
156,161,
52,69,
11,137,43,
102,136,43,
102,114,43,
102,
113,
11,
120,
102,
43,
137,
168,
114,43,
43,
43,
120,
43,
102,43,
43,113,
11,
102,
83,113,
43,
113,
114,43,
102,43,
134,
11,137,
11,43,
11,114,
134,
102,
67,122,155,
82,49,54,
113,
113,
67,113,
15,67,122,
99,54,
122,
82,141,113,
13,153,
107,
99,
99,113,
82,13,
82,67,122,
44,
67,122,155,
82,
49,
99,
104,
82,15,122,155,
113,
113,
15,61,122,155,
54,
12,
7,
