156,
93,
156,
28,
12,
2,42,
46,
198,
2,42,
46,
156,137,138,
156,138,
2,42,
156,
2,42,
156,138,
138,
156,
46,156,138,78,
2,42,
156,
184,
158,
48,
156,
128,
42,
28,
41,
105,
156,
156,41,
156,
53,
156,
53,
156,
12,
156,41,
156,
156,
156,106,
50,
156,
156,
156,41,
156,
41,
156,
156,
156,
35,
156,
156,
156,
12,
12,
156,
12,
156,
65,
82,97,41,146,
9,
41,146,78,
41,146,
41,
31,
41,78,
146,78,
198,
78,146,67,
146,198,148,78,
107,
148,
46,41,78,148,
41,198,73,
41,198,184,
78,146,
41,78,
41,
41,
70,15,146,78,
146,78,
78,
146,
41,
9,
46,
78,
112,
156,
156,137,138,
156,
156,
137,
156,
156,15,138,
137,138,
156,15,138,
156,138,
138,
4,
10,
156,
156,138,
156,138,
138,
156,138,
156,138,
4,
156,
4,
28,
46,138,
138,
156,138,
138,
46,
138,
156,27,
93,
28,
156,93,
161,
12,
93,138,
161,
156,124,
156,153,
50,93,
15,93,
161,
124,15,
42,
93,
161,153,
156,124,93,
15,93,
28,
124,
55,93,
93,
138,
12,
138,93,
93,
93,153,161,
4,
93,
15,93,
156,41,
41,31,161,91,158,
41,47,153,158,
113,
31,41,106,
31,156,158,
42,
155,
41,161,125,153,
41,125,161,158,
157,158,
41,153,54,91,
41,
41,157,153,
153,
44,141,
41,35,93,158,
141,
41,161,153,158,
41,93,158,
41,93,
93,158,
41,161,120,
47,
41,161,120,153,158,
41,120,157,158,
41,47,91,161,158,
41,91,161,
41,161,158,
41,161,153,
162,
7,
121,
41,31,170,
156,
31,158,170,
124,
124,155,146,
9,
26,
31,170,
112,
44,
106,
198,
31,158,170,
124,
44,124,155,
124,155,
156,161,
198,
42,
50,
103,
106,27,
26,
44,124,155,
106,
44,
7,
146,
112,
103,
27,
2,42,
103,
155,
70,
24,
79,
156,170,
53,124,155,146,
170,
24,
124,103,
103,
27,
7,
156,155,
24,
146,
156,
112,
26,
21,
146,198,
156,
103,
146,
103,
156,
150,
156,
128,93,
156,
41,
156,
156,78,
155,
93,
156,
156,
156,
7,
48,
156,73,
156,150,
156,
156,
156,
156,
156,
156,
150,
156,
156,
156,124,155,
156,
155,
6,
9,
9,
12,
12,
200,
10,
198,
68,198,
12,
198,
68,
198,
3,
10,
141,
146,
198,
12,
87,
1,
9,
198,
194,
198,
6,
42,
68,
12,
198,
108,
125,
193,149,
193,
10,
108,
125,
125,
97,
155,
10,
142,
10,
149,
125,
69,
51,
10,
69,
108,
156,
69,
69,
86,
12,
10,
10,
200,
69,
18,
22,
209,
148,27,
97,
15,
27,
97,116,
141,
156,153,
213,
27,
97,
141,
27,
148,153,
148,
156,141,
54,
156,141,32,
97,
97,116,
97,
15,54,
156,141,
27,
54,148,
141,
97,
97,116,
153,
156,
156,
156,106,
156,141,
156,143,
91,
156,
156,
156,57,
156,141,
156,32,
156,
156,
156,54,
156,141,
156,
156,
156,
156,
32,
156,
156,
141,
156,
156,141,
156,155,
156,
156,15,91,
156,
69,
6,
107,
156,
46,
128,
124,
5,
128,156,
70,
46,128,61,27,
156,
141,
6,13,
46,41,
128,
46,
19,76,
198,61,
46,
124,
6,13,112,
142,198,
3,
2,42,
46,
57,
112,
6,13,112,
124,
124,
87,
87,
183,
67,
67,
164,
53,
102,
15,
67,
22,
183,
15,
69,
67,
141,
141,198,
67,
67,
67,
22,111,
69,
13,
15,
183,
169,
48,
67,
65,48,
198,
183,
69,
49,
155,
69,
155,193,
155,200,
155,
50,
51,
49,
193,
156,
9,
44,
44,
72,
193,
126,
119,
193,
155,
31,
188,149,
44,
44,
90,
155,193,
22,
90,
155,
148,170,
155,
148,
124,
3,
9,
2,42,
2,42,
148,
9,
198,
198,170,
148,170,
3,
170,
3,
148,170,
50,
112,
155,
170,
15,174,170,
3,
41,
3,9,
178,
148,170,
170,
124,198,
141,146,198,
141,146,
141,146,
141,
198,170,
141,
141,146,
41,
141,50,146,
141,198,
141,
50,
198,
141,
141,146,
141,
112,
141,
5,6,141,193,
141,
141,198,
170,
2,
67,
82,141,
67,
198,33,76,
170,
67,
41,65,
18,
112,
9,
6,44,
1,
44,
18,
69,
12,
1,
18,
1,
87,
3,
191,
122,155,
6,
3,
6,155,
41,
6,
9,
6,
41,
1,
9,
148,
18,
12,
12,
12,
112,
16,
193,
155,
9,
1,
155,
49,
112,
198,
90,
193,
12,
155,193,
1,
90,
87,
12,
193,
69,
10,
90,
193,
16,
12,
90,
12,
155,
155,
91,149,
67,
124,149,
119,
20,
200,
119,
13,91,
149,
209,
149,
149,
149,
178,
45,
69,
149,
119,
101,
50,
178,
20,
91,
149,
149,
13,
114,
118,
10,
52,
46,
46,41,155,
15,61,
53,41,31,76,170,
23,106,
76,23,170,
76,
46,65,
112,
53,41,170,
46,76,
142,
46,41,
53,41,31,170,
2,
174,
53,
46,
46,
9,
31,170,
1,
53,41,
41,31,170,
41,
46,155,170,
170,
46,
41,78,
41,15,
141,
27,
97,197,
15,141,
4,108,
141,97,23,
15,116,
15,97,
141,116,
141,
42,
15,141,97,
141,
67,
122,153,
15,
67,
69,
68,
97,
67,
141,
15,141,
9,
82,
97,141,
141,
67,
124,141,116,65,
141,68,116,
69,
53,
69,
155,
69,
178,
126,
69,
141,
69,
130,
198,
69,
69,
126,
69,
126,
18,
155,
126,
69,
126,
95,
155,
54,
69,
126,
198,
148,
155,
116,
198,116,
116,184,
50,
198,116,
116,
44,174,116,
44,
36,
44,
184,
116,
198,29,116,
116,152,
159,
116,65,103,
29,48,
138,103,
132,
76,
44,116,184,
29,184,
132,
116,100,
40,
44,159,
103,
103,
40,
198,68,
116,
106,
48,
93,
195,
127,
155,
106,
116,
99,
45,
99,
120,
155,106,
48,
127,
127,
113,
120,
99,
189,
15,116,106,
127,
189,
8,
127,168,
155,
155,
69,
106,
112,
3,26,
9,
24,
112,
31,150,170,
31,170,
26,
170,
31,
150,
76,170,
170,
46,
24,
26,
112,
26,
18,
112,
3,
26,
150,151,
31,
112,
170,
26,
76,
31,170,
112,
97,
34,
132,103,170,
103,
35,103,
73,
132,103,199,
132,
116,
103,170,
103,
103,
24,
25,
184,
103,170,
97,
53,103,
18,
103,
198,
103,
116,
155,111,
184,
103,195,199,
184,132,
198,103,
103,
155,65,103,
156,41,
28,
27,
156,37,
28,
6,138,
156,
4,
12,
156,
44,156,137,
27,
156,
156,
156,116,
156,
39,
28,
156,
156,
156,137,
156,
156,
156,
48,156,
12,121,
108,156,27,
156,27,
4,
156,
188,136,
44,27,63,193,
27,49,136,
49,27,136,
136,142,
9,
27,136,
3,
50,27,136,90,
112,
138,
27,138,63,136,142,
90,
27,136,
49,19,27,136,
53,
3,
27,138,63,136,142,
53,
124,
175,
27,49,63,136,
136,
49,27,136,
50,
41,136,
3,10,
44,49,136,193,
114,27,63,136,90,
44,136,193,27,
174,
16,
18,
94,
30,
94,
16,
170,
94,158,
202,
174,170,158,
94,
148,170,37,
103,
152,
0,
7,
103,
16,
7,
73,
103,170,
30,
32,103,
0,
112,
130,
124,
0,
69,
53,
178,
178,
53,
49,
156,
156,
198,155,124,
178,
9,
147,
198,21,
141,198,
162,
122,155,156,
126,
156,
9,
141,
178,
18,
198,
178,
198,
13,
178,
198,
13,
13,
155,
36,
36,
138,
38,
12,
132,31,
116,
138,103,
137,23,
103,
103,
37,
36,
37,116,
44,116,
184,
40,138,103,
116,
46,103,
37,40,
25,
116,138,
159,116,138,
198,
187,
198,116,
198,111,
25,
25,
25,
103,199,
24,
29,116,
25,
44,
40,
132,
40,195,
132,40,
36,
44,48,
116,138,
37,132,
124,
25,
100,
25,
29,
103,
132,103,
24,
38,
38,
132,40,
32,
38,
24,
40,
68,
38,
31,103,107,
103,8,184,
198,195,
158,184,
198,
107,
198,158,184,
146,103,170,
170,184,
97,
170,107,
195,
106,
27,
31,107,158,
36,
16,
158,
107,184,
170,
97,158,184,
97,124,
184,
34,
198,
97,198,199,
184,
97,158,
97,
198,103,195,199,
7,17,156,
61,124,
124,
124,155,
156,
124,155,
156,
124,
156,
155,
122,17,156,
124,155,
122,155,
193,
122,156,
155,124,
124,122,155,
155,124,
156,177,
122,
156,
17,124,156,106,
156,
122,
122,106,156,
124,122,
122,156,
124,122,155,106,
122,156,
7,155,
153,
103,
48,
103,
47,
50,
40,
103,97,
27,
7,
161,91,
53,198,
103,
103,97,
97,
103,
69,
103,
195,
103,
103,
138,
15,71,
97,
103,97,
195,
195,
97,
187,
106,
82,
152,
183,
90,
75,
90,
183,
183,
114,
79,
61,
150,
114,
85,
142,
75,
85,
76,
76,
79,
183,
90,
79,
61,49,114,
37,
114,
82,
79,
144,
79,
35,
38,
44,124,155,
25,
38,
39,119,
132,
155,
27,
161,
124,155,
132,
25,
119,
116,
124,
156,
38,
124,
37,40,132,
146,
29,
184,
132,
156,
3,
25,
155,124,
7,
132,40,
195,
155,
124,116,
67,162,
155,162,
15,67,155,124,
67,124,
155,
155,124,
197,200,96,124,
15,67,155,124,116,
155,
20,31,
44,155,124,
124,116,
162,
17,
15,67,155,
71,
71,65,111,
96,116,
61,155,
155,
162,
61,
200,116,
119,
116,
120,119,
71,124,
156,103,
103,
127,
183,
103,
188,
9,
69,
156,188,
103,
166,
177,
149,
156,188,
46,47,156,
188,156,
32,
156,
103,
141,
156,103,
103,
156,103,
15,
103,
141,94,
69,
156,188,
9,
156,
124,
38,
198,
156,124,
25,
119,
120,
200,
24,
79,
103,
103,
155,124,
40,
38,
29,
25,
40,
170,
35,
124,199,
25,
124,
103,
38,
40,
79,
103,
156,
38,
6,13,
44,
41,
2,42,
46,
158,170,184,
41,
156,
158,
155,
4,
26,
184,
170,
3,
4,12,
53,
41,
41,158,
184,
42,
6,
42,
141,
112,
156,15,
15,
42,
112,
184,
41,146,76,
48,41,53,146,76,
124,
170,
93,
46,
198,
18,
48,
46,128,
76,
15,
9,
27,
124,
1,2,
41,
4,
76,
41,124,
26,
53,
4,12,
76,
124,
26,
76,
18,
76,
46,41,
193,
6,
76,
193,54,
99,
155,
22,
126,
91,149,
155,193,
46,76,
113,
41,
22,
82,193,149,54,
82,155,
33,
41,
6,193,
2,
6,149,
126,
82,
46,
6,155,193,
86,
193,
155,
193,
54,
21,
188,
153,
21,
188,
188,
6,54,
4,12,
153,
21,
21,
21,
153,
21,
21,
51,
188,
21,
21,
169,
52,
188,21,
153,
159,
45,
178,
188,21,
21,
159,
21,
146,
92,
16,
142,
137,
69,
142,
0,
0,
146,
0,128,
169,
46,
169,
169,
137,
169,
146,
19,
21,
137,
51,
178,
142,
173,
169,
159,
169,
185,
0,
45,
156,
1,
193,
10,
1,
193,
193,
45,
46,
156,
61,
1,
200,
45,
7,
46,
9,
156,
1,
61,
1,45,
10,
200,
44,
45,
61,
10,
10,
1,
41,158,
156,
168,
69,137,
12,
97,
12,
156,
125,161,
168,
69,
125,
52,
82,
183,
7,
141,
183,
112,
46,
141,
156,
41,
156,
21,
168,183,
69,
156,141,
41,141,
140,
50,
124,
198,
9,23,
49,
198,
198,21,
21,
178,
50,
169,
178,
198,
198,
50,130,
178,
178,
124,
16,
50,
50,
198,
1,
198,
21,
194,
16,
124,
21,
124,
69,
44,
69,
156,
141,103,
7,
156,103,188,90,
51,
35,
156,
51,
19,
3,
19,
12,
183,
69,
141,
12,
69,
19,
12,
6,
178,
40,
12,
103,
103,
51,
69,
156,
185,
21,
69,
211,
69,
144,
144,
209,
69,
69,
69,
69,
142,103,
13,
209,
15,13,
69,
156,
69,209,
153,
156,
144,
153,203,
51,
51,
69,
130,
69,
141,
188,103,
52,
112,
112,
156,
103,
57,188,
156,
188,
156,21,
156,
156,188,
156,188,
53,
188,
156,21,188,
112,
44,
156,
156,21,
7,156,
52,
156,
156,
156,
7,21,
112,
156,103,
156,
156,
122,
90,
90,142,
33,
155,
142,0,
137,141,15,122,155,
69,
90,142,48,
113,
33,
15,
122,
15,122,
122,90,142,
41,188,
15,122,90,
155,17,
17,
141,122,
124,137,155,48,
122,155,
15,67,122,142,
122,
41,
124,
122,
44,141,122,155,
141,15,67,122,
15,67,122,
174,
145,
7,
7,174,
57,
57,
56,
57,
183,
57,
174,
69,
183,
60,
57,
174,
211,
53,
198,
84,
174,198,
174,
198,
26,
149,
174,
57,
198,
174,
57,
54,
18,
45,
6,156,
57,
183,
69,
112,
149,
164,
68,
57,
45,
16,
10,
68,78,
155,
54,
73,
68,78,
57,
57,
78,
69,
1,
69,
78,
64,
190,
168,
198,
69,
56,
79,
5,128,198,94,
183,
69,40,
56,
69,
69,
198,
3,
128,198,
6,174,
85,
169,
112,
79,
128,
69,
128,
69,
51,
198,
69,
171,
6,102,
6,
94,102,
5,102,
73,
146,148,
3,
78,
59,
2,
174,
26,183,
45,
69,
68,
13,
57,
69,
198,
140,
112,
174,
198,174,
69,
41,
198,
54,
69,
18,
3,
78,146,
78,146,
155,
69,
41,155,78,
198,78,
78,181,
211,
41,15,
41,53,146,78,
146,
181,
41,
155,
41,
198,155,
124,15,41,
41,198,124,61,
126,
9,18,
198,
124,78,
146,33,
164,
124,
41,
43,
41,202,
18,
33,
18,
155,203,
202,
53,
46,76,
198,
53,
6,13,
198,76,124,
198,
53,198,33,76,124,
198,46,76,
6,13,112,
1,
53,41,146,
2,
41,
53,
76,
146,73,
2,
53,41,146,198,
111,
112,
1,
41,31,170,
41,53,
53,198,76,
53,
46,41,
53,
1,
128,
46,198,
15,156,188,
156,
18,
122,
15,156,
67,188,
122,
122,156,
67,156,188,
15,
15,122,156,188,
198,
15,156,
122,
156,
15,156,
122,156,
122,156,
140,
15,156,
119,
15,
198,
122,156,
122,156,
32,
15,122,
15,156,32,
166,
156,122,
127,
40,
33,
139,
6,
127,
69,
127,
32,
18,
44,
137,
168,
44,
116,159,
120,
32,
156,32,
127,
32,
32,
32,
32,
127,
127,
112,
44,
137,
69,
174,
59,
198,
21,
3,
145,
69,
3,
149,
57,
57,
7,
145,
69,
125,
3,
2,
2,
69,
69,
2,
145,
198,
3,
7,
128,198,
59,
6,
57,
69,
3,
54,
102,146,
70,
102,
102,
212,
7,
146,
70,
69,
70,
70,
102,
102,146,
102,
7,102,
102,
43,
102,146,
7,73,
102,
146,
102,
70,
102,
102,
102,
212,
102,200,
102,
102,
32,
102,43,
113,
102,
102,32,
102,
102,
200,
43,113,
102,
43,
32,
102,
102,
153,
153,
102,
97,
7,102,
153,113,
144,
32,
7,
153,7,
102,7,
102,
102,
7,
43,
144,
137,
11,137,97,
137,
137,
212,
11,97,
64,
53,
11,137,97,
11,
137,
11,137,
182,
137,
11,137,
64,
11,2,
11,
11,
137,2,
11,137,
64,
137,193,61,
11,
137,
137,
11,137,97,
11,137,
137,
69,
17,21,
17,48,193,
142,
17,
72,
193,202,
103,17,48,
69,
156,
188,
69,
17,
48,
188,
193,
71,
69,
69,
193,
40,
48,156,
69,
17,
69,
103,
21,17,193,202,
202,
181,
71,
169,
103,
178,
49,
130,
95,169,
141,
126,
69,
13,
126,
44,13,
13,
9,178,
9,
198,
0,
69,
0,
0,156,188,
69,
48,
69,
169,
150,
162,
46,
169,
13,
178,
68,
44,
69,
44,
193,
46,200,
90,
44,
44,
46,
66,
161,
69,161,
66,
90,
46,
156,
126,
156,
193,
69,
90,
156,
23,
126,
46,
90,
69,
90,
69,
155,
155,141,161,
209,
183,
124,
69,
155,
143,
155,
155,156,
20,202,
161,
209,
69,
69,
156,
124,155,
144,
155,202,
156,
155,156,
15,155,
155,
209,
155,15,
40,
155,15,202,
166,
155,15,
202,
69,
183,
166,
64,
136,99,
19,
28,55,19,
136,
136,
102,7,
136,
99,
144,
136,
28,136,
136,90,
136,
90,
136,7,
140,
69,
64,
93,
28,
102,28,
183,
136,
70,
90,
102,
67,
17,
67,
71,
188,17,
160,
17,
17,
120,17,
67,
67,
183,
70,
67,
71,
188,17,
71,
67,
84,
67,
67,
67,
71,
188,
17,
84,
17,
71,
188,
67,
53,
94,
51,
69,
156,
18,
156,
156,
69,
18,
40,
156,
51,
114,
40,
18,
18,
156,
141,156,
69,
69,
51,
124,
161,
156,
156,
156,
156,
156,
18,
114,
99,154,
183,
114,
73,
152,
73,
19,99,
114,
114,
99,13,
114,
114,
114,
183,
76,
114,
75,
114,
124,
114,
114,
75,79,
114,
70,
114,
114,
85,
79,
114,
137,
64,
76,
137,
11,
183,
137,
183,
11,
11,
64,
137,
11,137,
121,
76,
64,
76,
137,
148,
11,
137,
76,
144,
76,
64,
137,
11,
11,
11,137,
75,
136,
148,106,
106,154,
106,154,
106,154,
106,154,
121,
155,106,
121,
155,154,
148,106,154,
136,124,154,
106,
85,
136,106,
106,
106,
53,106,
154,
148,53,154,
188,106,151,
19,53,154,
154,
154,
106,154,
106,154,
106,151,154,
106,
28,136,151,154,
53,106,154,
137,
11,148,
11,198,
137,
114,
134,
137,
134,
73,
137,
11,
85,
121,
74,
70,
102,
11,
148,
11,137,
137,
114,
148,193,
40,64,
11,
11,
75,
11,137,
53,
137,
141,
114,
73,
73,
114,
114,
184,90,
23,
80,
90,
114,
90,
186,
192,
23,
73,
114,142,
90,142,
73,
114,
37,
114,
73,
47,
184,142,
142,
70,
114,142,
114,
175,
26,
138,
73,
181,
144,
75,
40,
134,
183,
183,
40,150,
183,
76,
80,
114,
183,
188,
175,
114,
114,
183,
114,
114,
75,
192,79,
192,
183,
114,
183,
114,
192,
183,
56,
41,107,158,
85,
85,
183,
41,31,107,
56,
55,
55,
55,
6,
175,
0,
112,
41,107,
85,
60,
79,192,
41,
112,
141,
73,
85,
85,
112,
114,141,
85,
112,
53,
114,
183,
183,
114,
13,
183,
40,
0,
141,99,
99,
183,
0,13,
11,0,
114,
114,
152,
183,
183,
183,
99,13,
183,
77,
183,
76,
11,148,90,
141,
15,0,
77,
192,183,79,
114,
90,
143,
191,
114,188,
75,
134,
40,
75,
191,
152,
11,
184,
11,136,
184,190,
134,
94,
114,
75,
134,
78,
191,106,
134,
191,
134,
188,
11,136,
114,188,
190,
136,
121,
183,
79,192,
121,
85,
183,
183,
183,
141,
183,
183,
141,
141,
61,
75,
61,
141,
76,
192,
46,
73,
183,
64,
64,
192,79,
183,
73,
141,
183,
183,
73,
7,11,
85,
76,83,
85,
76,83,
85,
85,
183,
76,
85,
85,
64,
85,
85,
73,
85,
85,
188,103,154,
7,
11,114,
85,
112,
75,
173,
85,
7,
11,114,
85,
76,83,
85,
160,82,140,
13,
144,183,
17,200,
190,
66,
124,
183,
66,
177,
124,
13,
13,
124,
183,
183,
211,
200,
43,
200,13,
185,
190,
190,
13,
124,
64,
13,
124,
84,
13,
79,192,
183,
183,
183,
141,
183,
141,
141,53,
141,
183,
141,
120,
141,
141,
141,
141,
141,120,
141,
183,
141,
141,
121,
183,
141,
141,
120,141,
183,
188,
141,150,
141,
9,
193,
111,
111,
111,209,
54,
14,
54,
10,
111,
54,
87,
213,
22,
22,111,
213,
54,
213,
54,
9,
54,
54,
54,
209,
108,
149,
69,
87,
193,54,
213,
40,
87,
17,
50,
40,
40,
87,
69,
188,67,
87,
40,
87,
103,
17,
103,
183,124,
103,
40,
87,
165,
87,
40,
69,
9,
52,
183,
69,
69,
103,
87,
20,
67,
183,
133,
67,
17,
133,
132,
9,
67,
133,
17,
183,
69,
133,
66,
183,
87,
140,
188,
20,
133,
17,90,
133,
87,
15,
20,
133,
188,
132,
191,0,
188,191,0,
0,128,
91,
31,
0,
94,
0,
191,
50,
191,0,
0,128,
0,
0,
137,
191,
161,
91,
31,0,
169,
164,
137,
191,
191,
0,
137,
161,0,
128,
169,
31,
91,
47,91,
45,
91,
91,
91,
200,
31,
91,
53,
91,
91,
91,
91,
156,
45,
91,
91,
95,
45,
1,
45,
91,
91,
45,
91,
91,
45,
45,
45,
0,
137,
0,
0,
0,
46,
185,
183,
169,
0,
0,
0,
0,
31,
164,
0,106,
0,
0,
95,
128,
0,
150,
0,
0,
31,0,
191,0,128,
91,69,
169,
31,0,
0,128,
21,128,
159,
68,
18,
21,111,
21,188,
92,
45,
21,
159,
169,
51,119,
45,
169,
169,
159,
45,
161,
45,
0,21,
119,
69,
69,
0,
159,
178,
45,
169,
21,
69,
137,
183,
141,
91,
177,166,
183,
183,
166,
141,
183,
69,
171,
169,
183,
141,
183,
141,
140,
60,
165,
137,
69,
183,
183,
183,
183,
191,
137,
142,
95,
56,
191,
56,
56,
167,
70,45,
112,
56,
192,
0,
94,
137,
152,
94,
137,
183,
41,107,158,170,
91,
192,79,
17,56,
56,191,
137,
0,
169,
56,
183,
0,
79,192,
56,
45,
191,
91,
91,
142,
45,
45,
69,
45,
69,169,
142,
169,
91,
128,
31,
148,0,
91,
128,
91,
0,
142,
169,
126,
31,
82,
169,
31,
128,31,
45,
161,
128,125,153,
128,
125,
159,125,161,
125,
128,125,93,
128,
6,128,125,
156,159,
153,161,
2,42,
128,
125,
106,125,
156,
128,161,
106,161,153,
119,
128,48,156,
161,153,
128,
156,
156,
6,128,125,
128,
125,
125,153,
125,
156,
82,
141,
97,
47,
21,
13,
97,
188,
82,
183,
21,
168,
97,
141,
183,
21,
185,
47,13,
141,21,
156,
82,
21,
21,
91,
141,47,13,
21,141,
183,
45,
168,
156,21,
141,
53,
153,
155,193,
21,
130,
21,
198,181,
67,
52,
50,
153,
12,
209,
130,
153,
51,
72,
153,
155,21,
130,
193,153,
153,
153,
153,
130,
130,
156,
51,
153,
193,91,
51,
178,162,
198,
155,
126,
53,
190,
51,
178,
51,
126,
69,
54,
49,
198,
178,
51,
51,
128,
136,
126,
53,
198,
198,
16,
188,
53,
198,
126,
178,
50,
170,
198,
9,
193,
178,
9,23,
147,
178,
198,155,
198,
96,
16,
51,
178,
51,
155,
155,
178,
53,
194,
51,
9,
9,
9,
9,
178,
198,
50,
49,
48,
125,
51,
51,
35,
209,
125,
53,
128,153,
49,
141,
156,
125,
49,
178,
18,
183,
126,
125,
153,
53,
51,
53,
159,
209,
49,
40,
5,128,
53,
40,
153,
13,161,
21,54,
124,
51,
114,
153,
21,153,
54,
53,
53,
69,
69,
54,
21,
53,
21,
67,
21,
170,
54,
12,130,
12,
21,
53,
169,
68,161,
51,147,
54,110,
96,
69,
50,
198,
153,
50,
155,
17,
51,147,
53,
125,
178,
155,193,
49,
53,
178,
42,
53,
53,
53,
49,
54,
9,
50,
54,
53,
54,155,193,
53,
141,
65,
142,
15,
46,156,70,
107,108,
3,
15,
112,
112,
46,
2,
15,
65,
41,65,
9,
41,76,
9,
41,124,
198,
46,
2,
142,
46,156,70,
43,
9,
2,
70,
46,
156,70,
31,170,
26,
158,184,
31,170,120,10,
18,
112,
97,139,
97,
2,112,
112,105,
18,
112,
18,
41,31,76,170,
31,170,
18,
19,
121,
31,
105,
1,
31,170,158,
31,
112,
26,
112,
31,170,
31,170,120,158,
26,
120,
103,
16,
50,
7,
27,
30,
27,
16,
103,170,
16,
7,
16,
53,
50,
146,
103,
112,
50,
27,
7,
106,
178,
53,
7,
50,
50,
50,
30,
106,
3,
155,27,
156,124,27,161,141,
161,
27,
209,
148,27,
27,
67,122,155,
137,
27,116,
155,54,
148,153,
156,27,
49,141,27,153,
153,
156,116,
27,153,
209,
27,
27,
67,155,116,
153,
49,27,
153,
153,
122,156,
122,155,
153,
27,
27,
54,
82,
82,13,99,54,
124,
124,
54,
82,116,
141,
209,
108,
97,
124,
108,
116,
136,
54,116,
4,
122,155,124,148,
155,
136,
27,
13,
97,116,
116,
148,
54,
97,116,
82,97,
108,
82,
197,
82,
82,99,148,
82,141,113,
141,113,
97,
99,54,
82,99,
54,148,
82,
82,99,97,
50,141,
99,97,148,
54,197,
82,
54,
99,
54,
209,
99,54,
82,
141,102,113,
99,
13,99,116,
99,54,148,
54,
82,113,
54,
82,99,54,
141,155,156,
155,116,
124,97,155,15,
155,15,
97,
69,
155,
124,
15,155,97,
3,132,
69,
155,
69,
155,116,
141,
155,14,
141,124,
14,
155,
124,20,14,
124,
69,
155,
124,155,
97,
161,
155,
69,
99,
3,132,
113,
54,113,
209,
10,
82,113,
99,116,
209,
65,
82,113,
108,
69,
69,
102,
82,99,
209,
209,
129,
13,54,113,
102,54,
69,209,
102,
209,
54,
102,
113,
209,
113,
54,99,113,
43,
116,
150,158,154,
44,
31,200,150,
32,
103,
154,
199,
41,107,158,
123,
198,
103,
154,
29,158,
41,107,158,
12,
41,107,158,170,
112,
39,
24,
154,
112,170,
150,
150,
162,158,
189,
112,24,
24,
24,
154,
18,
13,
122,156,
119,
95,
19,
13,
126,106,
142,
69,
142,
77,
166,
106,
13,
142,
156,
95,
119,
111,
111,106,
18,
13,
156,
106,
142,132,
178,
13,106,
7,
106,
126,111,
0,106,
117,
0,71,106,
169,
0,
0,
0,
0,
0,
71,0,106,
71,
0,
0,
0,128,
0,
0,106,
71,0,
0,
0,
0,
0,
69,
0,
0,
0,
71,0,
0,
0,128,
71,0,106,
0,
15,
127,
15,
19,
0,
178,
156,32,
19,
44,116,
117,
15,
44,48,32,
48,
166,
127,
99,
183,
48,
127,
120,
183,
183,
99,106,
32,
127,
127,
183,
32,
99,
127,
41,159,
41,31,
112,
31,153,
41,
46,41,
41,31,
44,41,161,
21,
31,47,41,
44,41,54,
155,161,
41,
41,31,
4,
41,
41,
41,
141,
156,
41,155,161,
112,
41,
11,132,
41,
156,41,158,
41,
155,91,
178,
44,
190,
49,
178,
18,
141,
178,
155,
51,
49,
18,
51,
44,137,
178,
53,
18,
33,
51,
137,
124,
178,
200,
178,
51,
190,
137,
178,
69,
178,
12,
190,
124,155,106,
69,
155,
69,
13,
106,
18,
15,43,
137,
69,
156,
155,106,
141,155,
124,
117,
155,
166,
69,
69,
155,181,106,
124,
155,
155,
119,
155,
155,
69,
69,
69,
156,
156,188,
178,119,
156,
156,
178,
120,
156,
198,
119,
116,
120,
183,
119,120,
188,
156,
156,
156,188,
69,
209,
18,
156,188,
183,
120,
99,71,
156,188,
156,
178,
156,
120,
70,
53,
43,
148,
168,164,
114,
111,
69,
102,43,
212,
212,
69,
70,
43,
43,
102,
70,
44,
53,
43,
70,
102,43,
65,43,
43,
120,
113,
64,
69,
69,
70,
121,
121,
2,
90,
198,
121,
86,
53,55,
121,
41,
121,
106,
41,
78,
106,
155,
86,
154,
121,
154,
155,
198,
121,
154,
154,
121,
121,
154,
106,
184,
41,107,158,170,
41,
53,
31,170,
76,
53,56,
42,
31,170,
31,39,158,170,
170,
158,
53,31,170,
53,31,170,
170,
41,31,158,170,
124,155,158,
56,
41,170,
53,170,
150,
112,
53,
53,184,
27,
31,184,170,
53,
53,158,
128,
41,158,
158,
76,
27,
112,
32,
71,76,
112,18,
27,32,
76,
18,
112,
27,
76,
32,
141,
112,
18,
112,
18,
141,65,
65,
26,
146,76,
142,
18,
112,
9,42,18,
18,
9,
24,
146,
183,
183,
137,
137,
137,67,
124,
78,114,
190,
183,
17,
17,
183,
82,
17,13,
177,124,
183,
81,137,
183,
124,
137,
17,156,
17,
137,
124,
137,13,
82,
183,
137,67,
46,13,
137,156,
7,19,
182,
182,
148,
148,
69,
183,177,
70,
125,
164,
120,
7,19,
185,
64,
149,
7,
70,
114,
183,
183,
66,
148,149,70,
183,
183,
7,19,
69,
124,
125,
183,
66,
146,
128,146,198,
128,
103,
1,
190,
146,
198,190,
146,
9,
146,
146,
112,
2,
2,
9,
128,
2,42,
198,
23,
124,
190,
53,
5,198,
2,
53,
156,141,188,
2,
155,
198,
112,
18,
156,
156,
32,
156,
156,
156,
18,
18,
156,
156,
156,
18,
156,
156,
156,
156,
18,
156,
156,
18,
18,
32,
32,
156,
18,
112,
18,
156,
82,
9,
144,
103,
128,
54,113,
209,
136,
82,99,
108,
128,
54,
82,
126,
113,
82,54,
128,
69,
128,
113,
128,
54,
69,
82,
128,
7,
144,
116,
82,113,
10,
3,
82,
7,97,
82,
97,149,
82,54,148,
86,
88,
69,209,
129,
97,
9,
97,
97,
82,106,
106,
106,
97,116,
106,
82,97,
4,
82,
97,
108,
9,
82,97,
7,
82,
22,
82,106,149,
156,103,
156,188,
156,
156,
103,156,
188,156,103,
77,156,
156,103,
188,156,
156,188,
156,
156,103,
156,
156,
103,156,
156,
156,188,
188,156,
156,
156,
156,
77,156,
156,103,
156,
156,
69,
156,
156,103,
188,
156,
27,137,138,
27,137,
4,
137,138,
27,137,
137,
69,
121,
49,27,138,
209,
12,
55,27,137,116,
27,138,
28,
49,27,137,138,
147,
156,
138,191,116,
55,156,
2,42,
27,138,
69,
138,149,
27,137,191,
49,137,138,
138,
27,137,138,191,
27,
156,
49,27,138,
18,
17,
132,
155,17,
3,108,
48,57,17,
17,
17,
17,
155,
61,
122,155,124,161,17,
155,
122,
155,116,
15,67,155,
15,17,49,0,
155,
14,
155,17,
17,49,0,
17,
67,122,
17,
17,57,147,0,
132,
17,
15,155,17,
18,
122,
134,
183,
136,
183,
136,
134,
11,
183,
11,148,
65,
11,148,136,
11,136,
11,83,
183,
11,136,
11,
11,136,
11,
11,136,
83,
192,
148,
183,
11,136,
11,
70,
136,
11,
11,
136,
11,90,
11,
183,
9,
90,
90,
11,
90,
26,
90,
90,
90,
102,90,
11,
114,
76,
64,
11,
201,134,
102,
85,183,
11,
11,
90,
134,
70,
11,
134,
11,
102,
124,33,
170,
136,
122,
41,153,
136,
136,
170,
124,
122,
170,
61,122,155,13,126,
126,
122,155,124,
170,
126,
136,
122,
6,13,
4,
124,97,
126,
195,
124,
136,
4,
187,
136,
97,
170,
116,
15,122,155,125,
155,141,
108,
206,
136,
82,141,
141,0,
82,15,122,155,14,
141,
155,
14,
185,
61,122,200,
120,15,122,155,
67,
15,122,
99,
155,
0,
156,
132,
15,122,155,
155,48,
209,
97,155,124,
122,155,97,
156,
82,54,
82,15,122,
185,
137,
175,
137,
173,
91,144,
173,
47,
150,
137,
150,
150,
137,
150,
150,
137,
160,
137,
137,
137,
47,
150,
150,
47,
173,
137,
152,
137,
45,
137,
13,
156,
82,
156,
141,13,
141,13,
13,
160,
183,
156,
141,
188,
156,
192,
156,
13,
156,
192,
192,
13,
60,
156,
53,
141,
40,
183,
192,
156,
156,
40,
41,
18,
41,
41,31,158,
41,
41,
41,159,
41,
161,
41,
41,
41,17,
46,
41,158,
41,161,
139,
139,
41,
41,
23,
41,170,
41,170,
41,159,158,
41,
41,170,
18,
41,170,
41,170,158,
41,
41,
67,
67,
173,133,
133,
173,133,67,
133,
173,133,
32,
69,
32,
166,
67,
69,
183,
133,173,
133,
54,133,173,
69,
46,
54,153,
133,
173,133,
133,
54,133,173,67,
111,67,
144,
133,67,
133,
69,
133,
43,
46,200,
190,
70,
68,
17,
124,
70,
120,17,
166,
43,
186,
87,68,
70,
69,
43,
70,191,
185,
43,
124,
69,
183,
84,
185,
84,
161,
13,
69,
70,
165,
13,
177,
69,124,
190,
169,
136,
133,173,
70,
168,
70,
70,
183,64,
124,
136,
183,
183,
190,
70,181,
94,
124,
124,
165,124,
183,
70,
84,
183,
183,
17,
17,43,
183,
183,
183,
183,
183,
183,
183,
13,
141,
168,72,
149,
183,
183,
53,
114,
141,
149,
149,
149,
183,
168,
183,
168,
168,
168,
183,
72,165,
114,141,13,
168,
149,
13,
156,153,91,
156,47,
156,
165,
156,
156,
47,156,
156,
156,
156,120,
156,
156,
203,
156,153,
156,
188,47,156,91,
156,
47,156,
156,
156,
82,
69,
156,
156,
156,
47,
156,141,
177,
47,
40,
69,
198,
57,
7,202,
57,
203,
7,
78,
20,
54,
69,55,
202,
57,
3,
78,
73,
69,
198,
15,
60,
69,55,
155,
7,
3,
7,
73,
198,15,
20,
69,
202,
0,
0,
0,15,
0,
0,128,
31,
191,
69,
0,
0,
0,
0,
0,
172,
0,
0,
169,
19,0,
169,
0,128,
0,31,
169,
0,
155,
0,
0,128,
0,
0,
0,
0,
155,198,78,
155,
130,
198,
69,
69,
69,
211,
51,
69,
148,
156,202,
193,
51,
18,
51,
126,
155,
69,
198,
126,
51,
60,
51,
78,181,
16,
211,
159,
124,155,148,
148,
102,188,
212,
156,31,
134,
43,31,
188,
188,43,
7,
43,
156,102,
156,188,
156,188,43,31,
188,
114,31,
156,
156,188,
156,188,31,
31,
99,
77,7,31,
102,43,
188,7,
102,
156,
188,43,
188,
156,31,
80,
183,
114,43,
113,
43,
102,43,
141,102,7,
43,
141,102,43,
14,
43,
102,174,43,
7,
43,113,
141,102,43,113,
102,113,
43,
102,43,
102,43,113,
102,65,43,
174,43,
43,113,50,
43,
149,
102,43,
7,
102,
102,
43,
102,
113,
102,43,
43,
137,
171,40,
172,
141,
137,
171,
136,
152,
137,
152,
44,
137,
152,
152,
121,
172,
136,193,
152,
193,210,
173,
152,
40,
175,
152,
137,
136,
172,
152,
137,
91,
94,
155,205,182,
183,
61,
137,
155,205,182,
82,
69,
82,
183,
82,
182,
82,
174,
82,
149,148,
141,
183,
137,
82,
144,
186,
93,
183,
149,148,
82,
61,
183,
82,
183,
65,
48,19,
106,154,
55,
17,56,
75,
190,
152,
136,
70,
191,
136,106,154,
172,
155,
121,
106,154,
19,
152,
136,56,
191,
155,106,154,
133,
152,
187,
190,
137,
191,
192,
190,191,
137,
152,
137,
137,
190,191,
152,
94,
191,
192,79,
137,
157,
167,
190,
137,
183,
137,
172,168,
137,
63,136,
37,
152,
150,
152,
192,
183,
191,
137,
191,
209,
69,
122,
122,
65,
209,
209,
61,
122,
65,
209,
209,
122,
69,
193,
200,99,
209,
122,
193,
111,
61,67,
209,
111,
122,
108,
122,
193,
111,
87,
67,
177,
149,
148,
70,
205,
37,
91,
43,
183,
114,
70,
114,
138,
177,
64,
70,
125,
91,
183,
148,
124,
114,
64,
138,
148,
148,
70,
149,
149,
177,124,
204,
64,
76,
136,
204,
90,
11,136,
192,
73,
64,
28,136,
73,
154,
76,
64,
3,
136,
11,120,
154,
84,136,
11,154,
201,
154,
11,
11,136,
11,136,2,
64,
11,120,
190,
136,
188,
136,
49,90,
27,90,
27,136,90,
22,27,49,
108,
90,
213,
22,90,
213,
157,
213,
136,
157,26,
53,
63,184,90,
27,
49,
114,
26,
90,
27,63,142,
213,
22,114,
49,27,63,136,
7,
49,22,27,
22,
90,
9,
198,
198,155,
6,
124,
146,124,
198,
97,
126,
112,
2,
190,
54,
2,
198,
126,
126,
2,
190,
126,
2,
194,
15,203,
198,
146,
10,
1,
141,
141,
99,
170,
198,
146,
67,
41,
18,
12,
67,
141,174,
9,
141,
198,
53,
141,198,48,
3,
141,
69,
67,
67,
141,
22,
198,
141,
194,198,
45,
69,
45,
45,
190,
45,
45,
45,
45,
156,
40,
45,
91,
91,
45,
69,
45,
45,
45,
133,
91,
60,
137,
69,
45,
141,
45,
45,
69,
45,
132,
44,
69,
188,
44,141,
122,
188,
137,
15,122,
137,
188,
69,
67,122,
116,
188,
141,
141,
156,
141,
156,
156,
50,
156,103,
44,141,188,
44,141,
67,
122,
156,
183,
122,
126,
51,
168,
162,
126,
51,169,
69,
69,
69,
137,
69,
51,
126,
190,
126,
126,
137,
168,
69,
69,
126,
137,
168,
69,
126,
69,
69,
69,
69,
185,
185,
175,
138,
163,
142,68,
138,
183,
124,
185,
185,
40,
124,
183,
138,
124,
200,
185,
140,
183,
17,200,
183,
163,
192,
187,
185,
200,
183,
69,
140,
40,
69,70,
43,
70,
43,
2,19,
19,
43,
19,
185,
69,
185,
15,
127,
137,69,
185,
19,
43,
43,
20,
43,
69,
164,165,185,
69,
185,
183,
15,
43,
43,
183,
69,
183,
69,
13,
67,
177,
177,
126,
183,
183,
82,
82,
40,
183,
183,
13,
183,
67,
183,
183,
67,13,
94,
13,
183,
138,
64,
183,
82,
183,
69,
69,
69,
69,
156,
60,
147,
69,
156,
156,
60,
177,
156,
156,
60,
69,
156,
202,
156,
156,
147,
156,
156,
156,17,
156,
156,
156,
156,
156,
156,
183,
80,156,
183,
190,92,
157,
152,
77,
152,
167,
185,
152,
192,
185,
152,
190,
152,
150,
137,152,
152,
152,
150,
152,
152,
183,
150,
167,
190,
190,
150,
40,
185,
152,
102,
102,
119,
21,
103,
127,
137,152,
183,
183,
211,
102,
183,
183,
69,
32,
127,
103,
183,
51,
188,
183,
103,
69,
144,
103,
103,21,
127,
69,183,
102,
69,
169,
137,
190,
99,
190,
69,169,
173,19,
119,
137,
190,
198,
40,
155,
178,
137,
169,
155,
155,
171,
166,
173,155,
137,
155,
69,
113,
72,
155,
69,
169,
127,
13,33,106,154,
122,33,
91,47,
13,91,11,153,
13,91,153,
33,156,
15,111,125,153,
167,
153,
122,13,153,
153,
54,33,
15,13,33,187,111,47,153,
13,126,91,47,
13,91,33,106,161,
106,141,
153,
13,33,31,
47,15,154,153,
15,47,
153,
148,
33,153,
108,
13,
106,
125,47,91,153,
13,91,161,187,
132,91,106,199,47,153,
111,53,33,106,153,15,62,91,
69,
185,
172,
44,
69,
69,
31,
141,
40,
130,
142,
137,
44,
169,
142,
185,
69,
127,
140,
69,
69,
82,
185,
185,
141,
191,
141,
69,
165,
69,
190,
152,
172,
68,
19,
190,
172,
190,
152,
99,
55,
55,
190,55,
152,
152,
19,
55,
114,
152,
137,
55,
172,169,
114,190,
68,
172,
152,
152,
133,
186,
152,
192,
45,56,112,
56,
183,
65,56,
45,56,
114,
114,
192,
190,
56,
56,
56,
175,
56,
192,
56,
45,
112,
75,
45,65,56,
152,
167,
167,
45,
45,
56,
79,192,
167,
175,
0,
185,
31,0,
137,
169,
152,
91,162,
140,
40,
0,
31,
141,
0,
69,185,
150,
177,
137,
137,
169,
69,
152,
136,0,
147,169,
0,128,
141,
172,
40,
128,
137,150,
137,
138,
69,
69,
192,
183,
152,
144,
40,
40,
137,
40,
69,
150,
137,
183,
40,
82,
61,190,
150,
137,
137,
137,
137,
69,
13,
183,
69,
185,
152,
40,
0,
169,
47,17,0,
48,17,0,
31,0,
17,0,
0,
47,0,
17,0,128,
35,
127,
147,
17,0,
17,
0,
114,
0,
17,0,
17,0,
0,
17,0,
69,
3,
17,0,
17,0,
0,
45,
17,0,
47,17,0,
0,128,
70,
149,
183,
141,
91,
64,
7,
141,
141,
183,177,
141,
64,
183,
141,
156,188,
183,
183,
148,
141,
183,
162,
163,
183,
64,
149,
141,
183,
183,
64,
162,
198,148,
43,
35,
35,
3,
209,
69,
155,
6,
155,148,
6,
209,
43,
3,
9,
113,
155,
162,
155,198,
3,
6,155,
12,
178,
155,148,
155,
137,
18,
6,
120,
43,
186,
175,
182,
183,
143,
183,
141,156,
183,
82,
186,
13,
183,
82,
82,
143,
186,
182,
143,
183,
183,
160,
175,
183,
143,
141,
124,
13,
183,
13,
141,
141,
144,
13,
141,
125,
160,
143,
160,
186,
183,
183,
183,
183,
175,
61,13,
160,
141,
61,
82,
144,
175,
141,
13,
13,
160,
160,
61,
82,
141,
82,
137,141,
61,
160,
137,141,
183,
64,
183,
61,
192,
148,
160,
64,
183,
160,
144,
82,
64,
82,
183,
82,
64,
141,
183,
82,
137,
177,124,
198,
138,
160,
198,
13,
40,
13,
13,
40,
174,
70,
81,
183,
183,
141,
65,
13,
183,
156,
13,
82,
141,
175,
13,
174,
183,
138,
182,
70,
183,
183,
183,
13,
13,
120,
72,
69,
82,
140,
82,
140,
137,141,
50,
183,
23,
134,
53,137,141,
183,
183,
66,
137,141,
183,
69,
149,
141,
120,137,141,163,
175,
69,
185,
141,
120,141,
183,
114,141,
13,
46,13,
183,
141,
61,
183,
198,
183,
183,
183,
183,
183,
183,
114,
13,
183,
183,
183,
183,
183,
183,
13,
46,13,
183,
82,
149,
183,
183,
198,
183,
81,
137,
185,
137,
185,
185,
91,
69,
69,
185,
47,
142,
31,
69,
185,
185,
140,
165,
173,
137,
124,
185,
137,
140,
140,
69,
40,
150,
150,
168,
137,
54,
134,
185,
137,
148,
15,54,
185,
190,
15,
146,
185,
137,
192,
175,
185,
147,
54,
183,
186,
190,
172,
185,
54,
183,
54,
148,
183,
15,
15,
190,
152,
150,
114,
190,23,
152,
175,
114,
45,
150,
168,
114,
152,
73,
186,
186,
185,
148,
190,
190,23,
167,
190,
114,
190,
190,45,23,
114,
175,
114,
192,
138,
23,
150,
69,
157,
23,
183,
137,
40,
190,
69,
77,
40,
40,
183,
167,
152,
152,
82,
190,
137,
150,
150,
163,
183,
163,
168,
40,
137,
152,
111,
11,102,
153,
189,
17,46,
189,
106,
71,124,
153,
120,11,
18,
15,124,111,
11,
124,
18,
132,
195,
183,
11,
137,
183,
106,
111,106,
195,
153,
153,
200,
128,156,
144,
11,124,
40,
160,
91,
183,
61,
46,
46,
45,
40,
46,
190,
61,46,
46,
40,
19,13,
66,
69,
149,
190,
45,
44,
190,
46,141,
46,141,193,
69,
141,61,193,
124,
61,46,141,
69,
91,
183,
133,17,
70,
120,
17,
44,
133,
114,200,
52,
13,
173,
185,
69,
82,
183,
161,
183,
183,
183,
167,
133,
167,
190,
114,
185,
133,173,
173,
133,173,17,
44,
128,
183,
13,
134,
183,
183,
40,
65,
40,
183,
61,
125,
144,
65,
183,177,
183,
183,
13,
183,177,
182,
182,
69,
13,
183,177,
82,
13,
40,
69,
182,
183,177,
40,
41,188,47,
188,47,
19,188,
19,41,90,
184,188,
19,47,
47,
184,47,
19,47,
33,
90,
33,184,
114,
33,184,99,
26,
19,106,
65,184,47,
41,106,184,
188,90,
188,47,
26,
41,90,
41,90,
41,
33,47,
26,
184,114,47,
19,90,
19,41,
19,106,184,47,
94,170,
97,
30,
174,103,170,
112,
94,174,
30,
119,
53,
103,187,
16,
170,
16,
174,
50,
36,
103,
97,
30,
112,
16,
30,
79,
170,158,
94,174,103,
16,
16,
7,30,
15,
15,122,
155,54,
125,161,11,153,
69,
54,
15,
122,155,
31,11,153,
15,155,161,153,
153,
54,148,93,
52,
15,122,155,153,
54,153,
15,155,125,153,
15,190,153,
190,
54,11,
155,
153,
153,
153,
69,
54,
91,
15,54,148,
148,11,153,
122,54,153,
51,
51,
69,
57,
156,
156,
156,188,
52,
156,188,
112,
112,
44,188,
50,53,
156,
43,
54,
3,
16,
126,
197,
197,
9,23,
196,
197,
137,
147,168,
69,
16,
49,178,
69,
16,
197,
197,
155,
137,
9,
197,
3,
54,
197,
197,
197,
200,
44,
11,
11,
114,
136,
11,61,90,
11,
102,
165,
11,2,
65,76,
76,
120,
102,
144,
65,
90,
70,
183,
120,
65,
76,
70,
120,114,
136,
11,137,193,
70,
11,
102,
76,183,
11,114,
138,14,200,96,139,
139,
87,
126,
154,
138,124,96,107,200,
154,
61,
86,
200,
200,96,139,
99,
67,147,
207,
188,
154,96,
22,200,139,
155,97,
147,
67,
107,200,139,
193,96,139,
139,200,111,
96,
61,96,
155,154,
147,200,96,
200,
137,41,184,142,
124,141,
137,90,142,
137,142,
156,
41,103,156,
41,142,
41,
76,
188,
124,65,106,
124,19,41,
106,103,
124,
6,65,90,142,
156,41,103,
124,137,90,
188,
124,90,142,
156,103,
41,
142,
156,
103,156,188,90,
188,
6,
124,
90,
124,90,142,
90,
136,
120,
136,120,
136,120,
136,
136,
150,
136,
150,
136,
70,
136,120,
136,
136,
192,
136,
183,
183,
175,
114,136,
11,
136,
70,
185,
185,
114,120,
136,
136,
120,
183,
54,113,
97,99,
99,
113,
54,99,
99,
113,99,
99,54,113,
99,113,
68,
113,
69,
82,97,99,113,
82,99,
99,54,113,
113,
54,153,113,
99,
161,54,153,113,
82,99,
104,50,99,46,113,
54,
111,
82,99,
99,
99,113,
82,99,
54,
153,
13,99,
82,54,
69,
99,54,113,
99,54,
82,
69,
113,
113,
113,
69,
82,54,
108,
113,
116,
120,
113,
31,
128,
82,
82,113,
111,
110,
82,54,113,
209,
99,113,
113,
82,
113,
69,
111,
27,
136,
200,139,
204,
157,
73,
120,154,
30,
114,190,
9,23,
9,23,
27,
204,
53,
200,154,96,139,
200,107,
150,
70,
73,
139,
204,
136,
190,
154,
16,
154,
192,
16,
174,46,
124,
191,
40,
124,
183,
46,
165,124,
40,
183,
137,
144,
155,205,
124,
174,
46,
127,
124,
144,
46,
46,
124,
40,
174,
127,
183,
174,137,
124,
124,
124,
11,
154,
11,
11,
76,
136,
183,
11,
204,
183,
11,
11,
137,
11,136,
76,
136,
11,
11,
65,76,
201,
154,
154,
152,
136,
53,
11,136,
11,193,
207,
204,
155,154,67,
23,188,67,
200,
129,
186,67,
145,
96,
193,
46,193,
155,
193,206,
33,
96,
67,100,102,
155,193,186,
207,
193,
186,
207,
41,
207,
137,90,
193,
155,
206,
145,
155,193,186,
174,
41,
155,
43,113,
102,106,114,
113,
102,
102,
113,
208,
102,43,
102,
43,113,
102,
102,
70,
102,
7,
102,
102,113,
70,
208,
106,
102,113,
102,113,
113,
102,
7,113,
113,
102,
113,
102,114,7,43,
106,113,
99,
113,
82,
82,54,113,
99,
82,99,
113,
111,
82,99,
99,
82,
82,99,113,
82,99,
82,
99,113,
82,99,113,
82,
82,113,
157,113,
99,
82,113,
157,
82,99,113,
99,
113,
82,99,
82,113,
82,99,113,
82,54,
157,99,
137,
81,137,
198,
137,
183,
144,
198,
137,
183,
149,148,
148,
174,
198,
198,
183,
183,
137,
183,
137,
198,
64,
137,
82,
198,
64,
137,
137,
183,
84,
137,
77,156,153,111,
156,
156,
156,
156,
153,
77,156,153,
188,156,
209,
97,
156,153,15,
188,156,91,
15,156,47,
156,
156,
77,161,111,
156,
77,156,153,
178,
156,
47,153,
155,47,153,
156,161,153,
47,156,
153,
156,
156,
156,161,
95,
11,137,43,
102,136,43,
102,114,43,
102,
113,
11,
3,
102,
43,
137,
183,
114,43,
43,
43,
111,
43,
102,43,
43,113,
11,
102,
83,113,
43,
113,
114,43,
102,43,
134,
11,137,
11,43,
11,114,
201,
99,
67,122,155,
82,49,54,
113,
113,
67,113,
15,67,122,
99,54,
122,
82,141,113,
13,153,
209,
31,
99,113,
82,13,
82,67,122,
128,
67,122,155,
82,
49,
99,
44,
82,15,122,155,
113,
113,
15,61,122,155,
54,
128,
7,
