156,
93,
156,
0,1,2,3,4,42,43,13,104,28,107,
0,1,3,4,12,42,43,47,10,28,
0,42,112,
46,
198,
0,
46,
156,137,138,
156,138,
0,42,112,
156,
0,
156,138,
138,
156,
46,156,138,78,
0,3,4,42,43,
156,
184,
158,
0,1,2,3,4,42,43,13,26,104,28,107,
156,
128,
0,42,
0,1,2,3,6,7,42,43,13,104,28,107,
41,
0,1,2,3,4,12,42,43,13,16,104,127,28,107,131,105,
156,
156,41,
156,
1,
156,
1,
156,
1,
156,41,
156,
156,
156,106,
1,
156,
156,
156,41,
156,
41,
156,
156,
156,
1,
156,
156,
156,
1,
1,
156,
1,
156,
65,
82,97,41,146,
2,
41,146,78,
41,146,
41,
31,
41,78,
146,78,
198,
78,146,67,
146,198,148,78,
2,
148,
46,41,78,148,
41,198,73,
41,198,184,
78,146,
41,78,
41,
41,
70,15,146,78,
146,78,
78,
146,
41,
2,
46,
78,
2,
156,
156,137,138,
156,
156,
137,
156,
156,15,138,
137,138,
156,15,138,
156,138,
138,
3,
1,3,12,
156,
156,138,
156,138,
138,
156,138,
156,138,
3,
156,
3,
3,
46,138,
138,
156,138,
138,
46,
138,
156,27,
93,
4,
156,93,
161,
4,
93,138,
161,
156,124,
156,153,
50,93,
15,93,
161,
124,15,
1,4,
93,
161,153,
156,124,93,
15,93,
4,
124,
55,93,
93,
138,
4,
138,93,
93,
93,153,161,
4,
93,
15,93,
156,41,
41,31,161,91,158,
41,47,153,158,
113,
31,41,106,
31,156,158,
4,5,18,125,
155,184,
41,161,125,153,
41,125,161,158,
157,158,
41,153,54,91,
41,
41,157,153,
153,
44,141,
41,35,93,158,
141,
41,161,153,158,
41,93,158,
41,93,
93,158,
41,161,120,
47,
41,161,120,153,158,
41,120,157,158,
41,47,161,158,
41,91,161,
41,161,158,
41,161,153,
162,
6,112,34,
6,112,26,123,
41,31,170,
156,
31,158,170,
124,
124,155,146,
2,6,9,43,16,26,58,104,112,126,123,24,121,
2,5,6,13,16,26,112,105,123,
31,170,
2,6,7,43,16,104,112,34,
44,
2,6,7,16,104,106,27,30,34,123,
198,
31,158,170,
124,
44,124,155,
124,155,
156,161,
198,
2,6,26,112,126,
50,53,
103,
6,7,16,106,27,30,34,
0,1,2,3,4,5,6,12,42,43,13,16,26,104,112,127,28,139,18,105,
44,124,155,
4,5,6,7,42,112,106,16,30,34,
44,
6,7,43,104,106,16,27,30,
146,
0,1,2,3,4,6,7,42,43,13,16,104,112,28,18,105,34,24,
103,
7,
7,127,28,
103,
155,
70,
7,122,18,105,123,
7,27,34,24,38,79,
156,170,
53,124,155,146,
170,
0,1,2,3,4,5,6,7,12,42,43,13,16,21,26,104,112,127,28,139,59,105,34,24,
124,103,
103,
7,28,24,
7,
156,155,
0,1,2,6,7,42,43,13,16,104,112,105,34,24,
146,
156,
112,
0,1,2,3,4,6,7,42,43,44,13,26,58,104,112,28,18,59,
2,7,21,28,34,24,
146,198,
156,
103,
146,
103,
156,
150,
156,
128,93,
156,
41,
156,
156,78,
155,
93,
156,
156,
156,
7,
4,8,
156,73,
156,150,
156,
156,
156,
156,
156,
156,
150,
156,
156,
156,124,155,
156,
155,
6,
9,
9,
9,
9,
200,
9,
198,
68,198,
9,
198,
68,
198,
9,
9,
141,
146,
198,
9,
9,
9,
9,
198,
194,
198,
6,
9,
68,
9,
198,
10,
125,
193,149,
193,
10,20,
10,
125,
125,
97,
155,
10,20,
142,
51,10,
149,
125,
86,51,10,20,87,69,
10,
10,
10,
10,
156,
51,10,
10,
1,9,12,44,51,2,10,107,14,20,22,35,129,
10,
10,
10,
200,
12,51,69,10,20,86,35,107,
10,
12,107,11,22,
22,109,110,129,11,107,209,
148,27,
97,
15,
27,
97,116,
141,
156,153,
128,22,86,109,110,111,129,11,107,69,209,213,
27,
97,
141,
27,
148,153,
148,
156,141,
54,
156,141,32,
97,
97,116,
97,
15,54,
156,141,
27,
54,148,
141,
97,
97,116,
153,
156,
156,
156,106,
156,141,
156,143,
91,
156,
156,
156,57,
156,141,
156,32,
156,
156,
156,54,
156,141,
156,
156,
156,
156,
32,
156,
156,
141,
156,
156,141,
156,155,
156,
156,15,91,
156,
12,
13,
107,
156,
46,
128,
124,
13,26,
128,156,
70,
46,128,61,27,
156,
141,
13,
46,41,
128,
46,
19,76,
198,61,
46,
124,
13,
142,198,
13,
13,
46,
13,
13,
13,
124,
124,
50,51,53,16,14,114,
14,
56,127,14,149,40,
14,149,69,72,114,
14,
14,164,149,68,162,72,114,169,
14,125,183,164,70,53,69,72,169,64,68,165,71,178,66,
102,
15,
1,9,12,45,52,14,20,35,119,
9,12,44,51,10,14,20,159,
127,14,149,
15,
14,149,127,66,120,164,
14,67,178,
141,
141,198,
14,
14,
9,14,67,
14,168,149,164,40,69,145,66,72,
44,2,26,14,69,
13,
15,
164,14,64,69,
183,14,125,164,69,72,66,178,
48,
14,18,
65,48,
198,
45,52,15,69,18,20,23,88,35,72,119,
51,53,69,72,178,10,15,20,88,
15,67,69,20,88,35,72,
155,
44,86,26,50,51,53,72,10,15,88,45,
155,193,
155,200,
155,
50,52,69,72,15,23,88,45,
15,20,23,140,69,88,146,72,52,51,
15,
193,
156,
1,9,45,49,50,51,52,53,16,96,10,15,20,23,86,101,35,69,72,114,178,
44,86,130,16,50,51,53,66,69,72,87,117,178,15,20,23,88,146,45,
86,126,130,50,51,66,69,72,87,161,15,20,23,68,88,45,71,
69,72,178,15,20,88,23,
193,
44,26,126,130,69,72,178,15,23,
15,
193,
155,
15,20,23,69,88,45,72,178,
188,149,
130,51,66,69,72,87,15,20,88,45,86,165,
44,26,126,130,50,51,53,66,69,72,117,171,178,15,23,88,45,
90,
155,193,
12,44,51,52,26,130,69,72,178,10,15,20,86,
90,
155,
148,170,
155,
148,
124,
16,
16,
16,
16,
148,
16,
198,
198,170,
148,170,
16,
170,
16,
148,170,
16,
16,
155,
170,
15,174,170,
16,
41,
16,
16,
148,170,
170,
124,198,
141,146,198,
141,146,
141,146,
141,
198,170,
141,
141,146,
41,
141,50,146,
141,198,
141,
50,53,
198,
141,
141,146,
141,
2,9,16,126,17,23,147,178,130,
141,
5,6,141,193,
141,
141,198,
170,
1,9,49,16,58,126,17,19,23,159,30,147,197,178,130,
9,22,14,17,67,159,
82,141,
9,44,17,
198,33,76,
170,
2,9,44,21,126,22,14,17,159,197,
41,65,
18,
18,
18,
6,44,
18,
44,
18,
18,
18,
18,
18,
18,
18,
18,
191,
122,155,
6,
18,178,
6,155,
41,
6,
18,
6,
41,
18,
18,
148,
18,
18,
18,
1,3,12,45,50,51,52,2,16,10,107,69,178,19,20,23,35,
2,12,51,52,16,112,126,10,18,19,23,130,147,197,69,72,178,60,
19,
193,
155,
44,49,50,16,26,126,10,19,20,23,197,69,72,178,
44,51,10,19,197,72,
155,
19,
1,44,51,16,26,112,130,72,10,19,
198,
90,
53,193,
1,2,3,9,12,44,51,52,16,10,107,19,20,159,
155,193,
44,50,51,53,16,26,130,72,10,19,197,
90,
19,
12,51,2,26,19,20,35,72,178,
193,
44,53,16,26,130,69,72,161,10,19,23,68,197,71,
19,
90,
1,44,45,50,51,16,26,10,178,19,
19,197,
1,2,4,9,12,45,50,51,52,16,21,96,104,112,10,18,19,20,35,159,
90,
1,2,12,45,50,51,52,16,21,26,112,10,14,19,20,
155,
155,
91,149,
20,
124,149,
20,
20,
20,
20,
13,91,
149,
87,20,209,
149,
149,
149,
20,
20,
1,45,47,48,49,50,51,52,10,20,35,69,72,168,66,
149,
20,
20,
20,
20,
20,
91,
149,
149,
13,
20,
20,
20,
20,
46,
46,41,155,
15,61,
53,41,31,76,170,
23,106,
76,23,170,
76,
46,65,
21,
53,41,170,
46,76,
21,70,53,
46,41,
53,41,31,170,
21,
174,
46,53,
46,
46,
2,3,9,44,21,26,104,126,139,
31,170,
21,
53,41,
41,31,170,
41,
46,155,170,
170,
46,
41,78,
41,15,
141,
27,
97,197,
15,141,
9,10,22,86,69,209,
141,97,23,
15,116,
15,97,
141,116,
141,
9,12,10,22,69,
15,141,97,
141,
9,22,20,
122,153,
15,
22,86,9,14,
9,51,10,107,22,23,86,87,109,110,111,40,69,72,66,209,
68,
97,
9,22,86,
141,
15,141,
22,
82,
97,141,
141,
9,107,22,86,110,69,209,
124,141,116,65,
141,68,116,
23,
23,
23,
155,
23,
23,
23,
23,
141,
23,
23,
198,
23,
23,
23,
69,23,
23,
23,
155,
23,
69,23,
23,
69,23,
155,
54,
23,
23,
198,
148,
155,
116,
198,116,
116,184,
24,
198,116,
116,
44,174,116,
44,
24,
44,
184,
116,
198,29,116,
116,152,
159,
116,65,103,
29,48,
138,103,
132,53,
48,116,65,
44,116,184,
29,184,
132,60,
116,100,
40,
44,159,
103,
103,
40,
198,68,
116,
106,
25,
93,
25,
25,
155,
106,
116,
99,
25,
99,
25,
155,106,
48,116,
25,
25,119,
113,
25,
99,
25,
15,116,106,
25,
25,
8,116,
25,
155,
155,
25,
106,
26,
26,
26,
26,
26,
31,150,170,
31,170,
26,
170,
31,
150,
76,170,
170,
46,
26,
26,
26,
26,
26,
26,
26,
26,
150,151,
31,
26,
170,
26,
76,
31,170,
26,
97,
27,34,38,
132,103,170,
103,
35,103,
27,
132,103,199,
132,
116,
103,170,
103,
103,
27,26,
112,
184,
103,170,
97,
53,103,
106,27,34,24,
103,
198,
103,
116,
155,111,
184,
103,195,199,
184,132,
198,103,
103,
155,65,103,
156,41,
28,
27,
156,37,
28,
6,138,
156,
28,
28,
156,
44,156,137,
27,
156,
156,
156,116,
156,
28,
28,
156,
156,
156,137,
156,
156,
156,
48,156,
28,
108,156,27,
156,27,
28,
156,
188,136,
44,27,63,193,
27,49,136,
49,27,136,
136,142,
29,157,
27,136,
29,157,
50,27,136,90,
29,157,
84,
27,138,63,136,142,
90,
27,136,
49,19,27,136,
29,157,
29,157,
27,138,63,136,142,
157,29,
157,29,
26,125,29,157,
27,49,63,136,
136,
49,27,136,
29,157,
41,136,
29,157,
44,49,136,193,
114,27,63,136,90,
44,136,193,27,
174,
7,106,16,30,34,43,58,194,
16,30,
94,
7,106,16,30,34,194,
94,
30,
170,
94,158,
202,
174,170,158,
94,
148,170,37,
103,
30,
0,
7,
103,
30,
7,
30,
103,170,
30,
32,103,
0,
30,56,
16,30,146,130,
124,184,
0,
130,16,146,127,30,
20,31,35,119,
31,
1,9,45,49,50,51,52,53,16,20,23,31,99,100,101,69,72,114,169,178,117,96,
31,
101,
156,
156,
198,155,124,
49,
1,9,45,49,50,51,52,53,16,126,130,69,72,117,147,178,10,18,20,23,31,99,101,35,169,98,
1,9,45,49,50,52,53,16,69,72,117,147,178,67,23,31,99,101,169,119,
198,21,
141,198,
1,9,12,45,49,50,52,53,130,69,72,117,147,178,67,18,20,23,25,35,99,31,101,197,162,200,114,169,119,
122,155,156,
9,45,49,52,53,69,18,20,23,99,101,147,72,178,35,117,119,
156,
1,2,4,9,45,49,50,51,52,53,16,96,126,69,72,117,147,178,23,31,99,100,101,197,169,35,
141,
9,45,49,50,52,53,69,72,117,147,178,18,20,23,31,99,101,35,114,119,96,
49,
198,
31,
198,
13,
1,9,45,49,50,51,52,53,16,20,23,67,31,99,101,147,69,72,178,117,
198,
13,
13,
155,
12,112,34,123,24,36,119,
24,25,32,36,38,119,
138,
38,
24,
132,31,
116,
138,103,
137,23,
103,
103,
37,
24,25,32,36,38,
37,116,
44,116,
184,
40,138,103,
116,
46,103,
37,40,
26,112,25,39,123,200,24,32,
116,138,
159,116,138,
198,
187,
198,116,
198,111,
112,39,24,38,119,
24,
24,38,
103,199,
24,
29,116,
27,41,24,32,33,38,39,
44,
40,
132,
40,195,
132,40,
112,25,24,
44,48,
116,138,
37,132,
124,
38,
100,
27,25,24,36,38,119,
29,
103,
132,103,
38,
38,
38,
132,40,
38,
38,
27,41,34,39,123,24,32,33,38,119,
40,
68,
27,41,34,24,32,33,38,39,
31,103,107,
103,8,184,
198,195,
158,184,
198,
107,
198,158,184,
146,103,170,
170,184,
97,
170,107,
195,
34,
34,
31,107,158,
106,34,24,
34,
158,
107,184,
170,
97,158,184,
97,124,
184,
34,
198,
97,198,199,
184,
97,158,
97,
198,103,195,199,
7,17,156,
61,124,
124,
124,155,
156,
124,155,
156,
124,
156,
155,
122,17,156,
124,155,
122,155,
193,
122,156,
155,124,
124,122,155,
155,124,
156,177,
122,21,
156,
17,124,156,106,
156,
122,
122,106,156,
124,122,
122,156,
124,122,155,106,
122,156,
7,155,
153,167,
103,
97,48,
103,
47,
50,53,
40,
103,97,
7,106,27,34,36,
7,34,24,32,36,38,
161,91,
53,198,
103,
103,97,
97,
103,
34,36,
103,
112,24,32,36,38,
103,
103,
138,
15,71,
97,
103,97,
195,
195,
97,
187,
16,30,34,106,194,24,27,36,
37,79,82,183,85,
134,83,85,138,183,37,79,82,144,168,77,75,73,186,
37,
90,
37,79,82,85,
90,
37,82,183,85,
56,134,65,74,76,85,138,143,183,184,210,37,79,82,125,144,155,180,40,179,182,192,64,69,177,165,124,75,
114,
37,79,82,85,
61,
150,
114,
37,79,82,85,
142,
37,79,82,85,
37,183,
37,79,82,183,75,85,
37,79,82,144,183,85,
37,79,82,85,
37,
90,
37,79,82,85,75,
61,49,114,
37,
114,
37,
37,79,82,183,85,
37,
37,
35,
38,
44,124,155,
2,42,26,112,34,18,39,123,24,25,38,119,
27,38,
27,18,39,123,119,34,38,
132,
155,
6,112,27,34,24,38,
161,
124,155,
132,
112,
6,112,27,34,24,38,
116,
124,
156,
38,
124,
37,40,132,
146,
29,
184,
132,
156,
24,38,
27,25,34,24,38,119,
155,124,
7,27,34,38,
132,40,
39,
155,
124,116,
67,162,
155,162,
15,67,155,124,
67,124,
155,
155,124,
197,200,96,124,
15,67,155,124,116,
155,
20,31,
44,155,124,
124,116,
162,
17,
15,67,155,
71,
71,65,111,
96,116,
61,155,
155,
162,
61,
200,116,
112,18,39,24,119,
116,
112,18,39,
71,124,
156,103,
103,
40,69,
69,40,
103,
188,
9,
40,69,
156,188,
103,
40,69,166,
40,69,
69,40,
156,188,
46,47,156,
188,156,
32,39,
156,
103,
141,
156,103,
103,
156,103,
15,
103,
141,94,
69,40,
156,188,
9,
156,
124,
38,
198,
156,124,
27,41,39,24,32,33,34,38,
112,
112,24,38,
112,
38,
27,24,38,79,
103,
103,
155,124,
40,
27,41,42,34,24,32,33,38,112,
29,
24,38,
40,
38,
35,
124,199,
27,41,18,39,123,24,32,33,34,38,
124,
103,
38,
40,
27,
103,
156,
38,
2,42,43,13,104,
44,
41,
4,42,43,13,
46,
158,170,184,
41,
156,
158,
155,184,
42,43,13,112,26,
2,3,4,6,42,43,13,26,58,104,59,105,
184,
170,
2,42,43,13,26,104,105,
0,1,2,3,4,5,8,9,12,42,43,50,52,13,16,26,104,112,28,139,18,35,
53,
41,
41,158,
184,
42,43,13,
4,42,13,
42,13,
141,
42,112,
156,15,
15,
42,43,13,112,
2,3,4,6,42,43,44,13,16,26,58,104,112,28,59,105,24,
184,
41,146,76,
48,41,53,146,76,
124,
170,
93,
46,
156,198,
2,3,9,43,44,13,21,26,56,58,104,112,126,127,132,59,62,69,
48,
46,128,
46,53,65,76,
15,
0,1,12,42,43,13,26,104,
2,43,13,26,104,112,59,
124,
43,104,
41,
0,2,3,4,43,44,13,16,21,26,58,104,28,
76,
41,124,
2,43,13,21,26,58,104,28,59,105,
53,
0,1,42,43,13,16,26,112,
48,50,97,53,65,76,
124,
43,
76,
2,44,13,21,26,58,112,43,59,105,39,123,
76,
46,41,
193,
6,
76,
193,54,
99,
155,
44,
44,
91,149,
155,193,
46,76,
113,
41,
44,
82,193,149,54,
82,155,
33,41,
41,
6,193,
44,
6,149,
44,
82,
46,
6,155,193,
44,
193,
155,
193,
54,
21,
188,
153,
21,
188,
188,
6,54,
45,
153,
21,
21,
21,
153,
21,
21,
45,
188,
21,
21,
45,
45,
188,21,
153,167,
159,
45,
45,51,52,16,23,126,147,197,162,69,72,178,169,130,171,
188,21,
21,
159,
21,
46,162,95,
130,40,69,72,168,171,46,91,114,146,140,162,164,165,166,95,169,185,115,119,
1,12,46,50,51,52,53,97,35,130,146,147,72,178,119,168,92,160,95,
142,
45,46,130,69,137,91,146,172,162,95,169,35,
46,69,91,146,171,165,72,95,169,119,
142,
0,
0,
46,95,
0,128,
46,
46,
46,
46,
45,46,130,69,72,137,168,171,91,114,146,160,172,140,97,162,165,95,169,35,119,187,
46,95,
46,146,172,95,
19,
21,
46,95,
1,45,46,49,50,51,52,53,130,16,69,72,87,117,147,168,171,178,146,160,183,140,23,97,162,164,165,92,95,169,68,119,115,120,
46,91,114,146,171,140,69,162,72,92,95,169,176,178,115,119,
142,
173,
46,95,
159,
46,
46,91,146,171,140,69,164,72,92,95,169,115,185,
0,
47,
156,
2,47,51,127,10,28,190,
193,
47,
47,
193,
193,
47,
46,
156,
61,
47,
200,
47,
6,7,
46,
1,3,44,47,16,26,126,10,28,107,131,18,
156,
47,
61,
47,
47,10,
200,
44,
47,
61,
1,47,
47,10,
2,3,47,16,26,104,126,107,69,
41,158,
156,
48,140,97,
48,69,
45,46,48,52,97,160,172,168,72,95,
5,48,97,168,183,52,140,
48,
156,
125,161,
48,97,168,183,
48,97,140,162,
48,97,125,
45,48,97,160,125,168,
91,160,171,84,164,40,125,144,155,175,183,64,69,97,168,70,177,45,165,166,72,162,124,127,51,52,119,48,
183,
7,
141,
45,48,138,125,175,183,140,97,127,162,165,166,
45,48,51,52,168,97,5,112,116,195,
137,46,91,93,167,171,140,162,165,166,174,124,48,
141,
156,
41,
156,
21,
46,93,84,168,183,140,70,97,163,165,174,185,48,
46,91,93,160,171,138,84,125,168,175,183,140,69,70,87,97,162,163,165,166,174,177,72,60,192,95,48,
156,141,
41,141,
91,93,160,171,125,155,183,140,70,97,162,165,166,40,64,174,177,185,48,
49,
124,
198,
49,
49,
198,
198,21,
21,
49,
49,147,
49,
49,
198,
198,
49,178,
49,
49,147,
124,
49,147,
49,
49,
198,
49,
198,
21,
194,
49,147,178,
124,
21,
124,
130,50,51,
44,
50,51,53,130,
156,
141,103,
6,7,
156,103,188,90,
50,130,
50,
156,
50,51,53,130,
19,
12,44,50,51,52,53,2,126,127,18,23,130,147,69,72,178,200,168,66,169,120,209,119,
19,
50,
50,130,
50,130,
141,
50,
50,51,130,
19,
50,
6,
50,51,130,69,
50,51,130,69,
50,
103,
103,
130,50,51,
50,
156,
51,72,
21,
51,
51,69,
51,
51,
51,72,
51,69,
51,69,72,
51,
51,
51,
142,103,
13,
51,
15,13,
51,
156,
51,69,72,
153,
156,
51,
153,203,
51,
51,69,
130,51,72,
51,
51,
141,
188,103,
52,
52,
52,
156,
103,
57,188,
156,
188,
156,21,
156,
156,188,
156,188,
52,
188,
156,21,188,
52,
52,
156,
156,21,
7,156,
52,
156,
156,
156,
7,21,
52,
156,103,
156,
156,
122,
90,
90,142,
33,41,
155,
142,0,
137,141,15,122,155,
12,53,35,130,18,69,114,169,
90,142,48,
113,
41,33,
15,
122,
15,122,
122,90,142,
41,188,
15,122,90,
155,17,
17,
141,122,
124,137,155,48,
122,155,
15,67,122,142,
122,
41,
124,
122,
44,141,122,155,
141,15,67,122,
15,67,122,
174,
54,
7,
7,174,
54,
56,145,54,
145,54,56,
54,
54,
54,
174,
54,
54,
54,
54,
174,
54,
54,
198,
54,
174,198,
174,
198,
54,
54,
174,
54,
198,
174,
54,
145,54,55,57,
56,58,127,55,60,61,69,59,62,164,40,23,147,64,97,168,145,54,57,63,51,115,
12,55,97,18,57,54,145,
6,156,
55,
2,51,26,127,55,97,125,40,60,69,145,168,57,72,54,208,
127,55,57,69,145,54,209,
2,21,26,112,127,55,60,69,145,54,57,208,
143,
2,21,56,58,55,59,149,40,64,145,54,57,60,63,164,
55,
56,58,127,60,61,69,59,62,40,55,149,97,145,54,57,63,164,
2,45,52,21,26,127,55,97,145,54,57,
26,56,58,127,55,60,59,125,183,147,64,168,145,54,57,63,208,164,75,85,79,
1,3,43,45,50,51,52,13,16,26,56,10,55,18,145,54,57,
68,78,
155,
55,145,57,
73,
68,78,
55,
55,
78,
54,
2,12,47,127,55,145,54,57,
2,51,52,26,127,55,69,72,57,125,40,145,166,168,97,130,147,54,164,
78,
55,64,69,
55,143,144,183,205,40,64,97,145,54,56,57,60,166,177,
56,58,55,23,147,57,54,69,72,125,60,145,97,
198,
56,
56,
56,
5,128,198,94,
56,
56,
56,
56,
56,
198,
56,
128,198,
6,174,
56,
56,
56,
56,
128,
56,
128,
56,
56,
198,
56,
56,
6,102,
6,
94,102,
5,102,
73,
146,148,
107,69,145,54,57,
78,
145,54,57,
51,127,132,60,160,145,54,57,208,
174,
2,12,51,52,26,127,97,145,57,54,
12,47,127,55,97,145,54,57,178,
145,54,57,
68,
145,54,57,
57,54,
145,54,57,
198,
2,51,127,97,57,60,69,145,54,
26,112,60,69,147,145,54,57,
174,
198,174,
52,97,69,145,54,57,
41,
198,
145,54,57,
3,26,127,178,69,72,169,145,54,57,66,
2,12,43,44,52,13,16,21,26,56,58,104,127,59,62,105,57,54,145,
2,12,47,56,127,55,145,54,57,62,
78,146,
78,146,
155,
145,54,57,
41,155,78,
198,78,
78,181,
58,
41,15,
41,53,146,78,
146,
181,
41,
155,
41,
198,155,
124,15,41,
41,198,124,61,
58,
58,
198,
124,78,
146,33,
58,
124,
41,
58,
41,202,
58,
41,53,46,33,
58,
155,203,
202,203,
53,
46,76,
198,
53,46,
59,62,
198,76,124,
198,
53,198,33,76,124,
198,46,76,
56,59,62,
13,21,59,
53,41,146,
2,56,59,62,
41,
53,
76,
146,73,
2,13,21,59,62,
53,41,146,198,
2,3,42,43,44,13,21,26,56,104,112,127,59,62,105,
59,
2,21,59,62,
41,31,170,
41,53,
53,198,76,
46,53,
46,41,
53,
59,62,
128,
46,198,
15,156,188,
156,
60,69,
122,
15,156,
67,188,
122,
122,156,
67,156,188,
15,
15,122,156,188,
198,156,
15,156,
122,
156,
15,156,
122,156,
122,156,
60,69,
15,156,
60,
15,
198,156,
122,156,
122,156,
32,
15,122,
15,156,32,
60,69,
156,122,
127,60,61,40,168,115,
61,60,115,119,
33,
6,139,32,39,
6,
127,60,61,69,40,168,166,
60,61,69,
127,60,61,69,40,168,115,
32,39,
2,112,127,18,69,40,60,61,115,166,168,140,
44,
137,
127,60,61,40,168,166,
44,
116,159,
60,61,69,
32,39,
156,32,
127,60,61,40,168,115,
32,39,
32,39,
32,39,
32,
127,69,40,61,168,60,119,115,
127,60,61,69,40,168,
26,112,126,127,18,69,178,140,40,119,168,60,61,115,
44,
137,
127,60,61,69,40,168,
174,
62,
198,
62,
62,
62,
62,
62,
62,
62,
62,
7,
62,
62,
62,
62,
62,
62,
62,
62,69,
62,
62,
198,
62,
7,
128,198,
62,
6,
62,
62,
62,
63,
102,146,
63,
102,
102,
63,
7,
146,
63,
63,
63,
63,64,
102,
102,146,
102,
7,102,
102,
43,
102,146,
7,73,
102,
146,
102,
63,
102,
102,
102,
63,
102,200,
102,
102,
32,39,
102,43,
113,
102,
102,32,
102,
102,
200,
43,113,
102,
43,
32,39,
102,
102,
153,
153,
102,
64,
7,102,
153,113,
64,
32,39,
7,
153,7,
102,7,
102,
102,
7,
43,
65,64,
137,
11,137,97,
137,
137,
134,65,
11,97,
65,74,76,183,64,
53,
11,137,97,
11,
137,
11,137,
65,74,64,
137,
11,137,
65,64,
11,2,
11,
11,
137,2,
11,137,
65,64,
137,193,61,
11,
137,
137,
11,137,97,
11,137,
137,
51,66,
17,21,
17,48,193,
142,
17,
66,
193,202,
103,17,48,
66,
156,
188,
66,
17,
48,
188,
193,
66,
66,
66,
193,
53,197,71,72,132,178,87,115,119,66,130,209,
48,156,
66,
17,
130,16,66,72,87,124,161,178,197,84,140,23,71,165,68,126,169,
103,
21,17,193,202,
202,203,
181,
66,
67,
103,
126,67,69,20,45,72,169,35,119,178,
126,19,23,67,45,69,72,162,178,
18,23,51,49,50,53,147,69,72,162,178,45,52,140,171,130,67,
1,9,12,45,50,52,53,16,18,19,20,23,35,130,67,126,146,147,197,69,71,72,162,178,200,114,119,92,95,169,
141,
130,51,52,69,72,147,18,67,71,
16,9,18,23,114,146,67,49,50,147,44,69,72,45,52,169,51,60,
13,
1,45,26,126,19,23,67,69,72,95,68,178,
44,13,
13,
16,126,23,67,45,178,
9,16,19,23,114,146,140,69,67,30,45,72,169,178,
198,
0,
126,130,51,66,69,72,87,147,171,178,46,146,68,140,23,164,165,166,67,95,169,209,
0,
0,156,188,
1,45,49,50,51,52,132,60,67,69,16,18,114,146,147,162,178,144,40,168,166,169,127,115,66,
48,
44,9,126,127,130,40,50,51,66,69,72,147,161,171,178,18,23,146,164,67,68,162,35,166,169,165,119,115,
67,
150,
67,114,146,45,169,35,178,119,
1,12,49,50,51,52,130,66,69,72,178,23,67,
67,
13,
16,146,67,126,178,
68,
68,
68,
68,
193,
46,200,
90,
68,
68,
46,
68,
68,
68,
68,
90,
46,
156,
68,
156,
193,
68,
90,
156,
165,68,
68,
46,
90,
68,
90,
68,
155,
155,141,161,
69,
69,
124,
69,
155,
143,155,69,
155,
155,156,
20,202,
161,
69,
69,
69,
156,
124,155,
69,
155,202,
156,
155,156,
15,155,
155,
69,
155,15,
69,
155,15,202,
69,
155,15,
202,
70,
70,
70,
70,165,
136,99,
19,
28,55,19,
136,
136,
102,7,
136,
99,
70,
136,
28,136,
136,90,
136,
90,
136,7,
70,
70,
70,
70,
28,
102,28,
70,
136,
70,
90,
102,
71,
17,
71,
71,
188,17,
71,
17,
17,
120,17,
71,
71,
71,
140,71,
71,
71,
188,17,
71,
71,
71,
71,
71,
67,
71,
188,
17,
71,
17,
71,
188,
71,
72,
94,
69,72,
72,
156,
69,72,
156,
156,
51,69,72,178,
69,72,
69,72,
156,
72,
72,
72,
69,72,
72,
156,
141,156,
72,
72,
72,
72,
72,
156,
156,
156,
156,
156,
69,72,
114,
99,154,
83,85,73,
114,
83,85,73,
134,83,85,82,73,56,
82,73,85,
19,99,
114,
114,
99,13,
114,
114,
114,
78,81,134,192,138,143,173,175,183,184,210,37,79,82,125,144,151,155,168,180,205,179,181,182,150,77,73,80,187,
73,
114,
78,74,83,85,73,
114,
124,
114,
114,
83,85,73,
114,
73,
114,
114,
83,85,73,
73,
114,
137,
74,76,183,
134,74,76,
137,
11,
74,76,
137,
74,76,
11,
11,
134,74,76,
137,
11,137,
74,76,183,
134,74,76,
74,76,
134,74,76,
137,
148,
11,
137,
74,76,
74,
74,76,
74,76,183,
137,
11,
11,
11,137,
74,76,83,75,73,78,
136,
148,106,
106,154,
106,154,
106,154,
106,154,
75,
155,106,
75,
155,154,
148,106,154,
136,124,154,
106,
75,
136,106,
106,
106,
53,106,
154,
148,53,154,
188,106,151,
19,53,154,
154,
154,
106,154,
106,154,
106,151,154,
106,
28,136,151,154,
53,106,154,
137,
11,148,
11,198,
137,
114,
134,74,76,
137,
134,74,76,
134,74,76,
137,
11,
134,74,76,183,
133,78,134,74,76,84,138,183,79,82,125,144,168,75,73,165,80,
134,74,76,
65,76,125,82,72,212,64,74,84,177,183,133,134,165,168,140,157,138,150,167,186,201,
102,
11,
148,
11,137,
137,
114,
148,193,
78,134,74,76,83,85,138,183,37,79,82,144,64,56,75,73,
11,
11,
74,76,
11,137,
53,
137,
141,
114,
77,81,80,78,
77,80,
114,
114,
184,90,
23,
77,80,
90,
114,
90,
183,77,
173,77,80,79,
23,
78,81,77,80,79,
114,142,
90,142,
78,81,79,77,80,
114,
77,
114,
183,77,
47,
184,142,
142,
77,
114,142,
114,
77,80,79,
77,
78,
78,81,85,79,82,77,73,80,
78,
79,78,
78,
79,78,
78,
79,78,
79,183,78,
79,78,
79,78,
78,
175,183,78,
114,
78,134,74,76,138,143,160,183,79,82,144,64,177,165,80,
188,
134,78,
114,
114,
79,78,
114,
114,
78,
183,78,79,
79,78,
78,79,
114,
78,
114,
183,78,
79,
79,
41,107,158,
79,
79,
79,
41,31,107,
79,
79,
79,
79,
79,
79,
0,
79,
41,107,
79,
79,
79,
41,
79,
141,
79,
79,
79,
79,
114,141,
79,
79,
53,
114,
168,40,183,72,53,70,193,64,164,80,175,
183,80,
114,
13,
80,
69,78,81,134,157,192,201,84,173,175,183,150,153,167,172,125,77,164,185,80,186,187,79,70,
0,
141,99,
99,
80,
0,13,
11,0,
114,
114,
80,
80,
183,80,
80,
99,13,
183,80,
80,
183,80,
80,
11,148,90,
141,
15,0,
201,173,167,80,
183,80,
114,
90,
143,184,
191,
114,188,
78,81,172,152,
81,80,
40,78,81,134,201,143,173,175,183,184,210,167,79,144,205,182,75,80,185,
81,
191,
81,
11,
184,
11,136,
184,190,
81,80,
81,183,79,
114,
133,78,81,134,84,85,137,138,143,183,150,167,79,82,77,75,165,73,80,
81,80,
81,
191,106,
81,80,
191,
81,80,
188,
11,136,
114,188,
190,
136,
78,81,134,143,173,175,183,184,210,150,167,79,144,182,64,77,80,187,
79,82,
82,
79,82,183,
82,
79,82,
82,
82,
141,
138,79,82,192,
79,82,
141,
141,
61,
82,
61,
141,
82,
82,
46,
82,
82,
82,
138,82,
82,
82,
82,
141,
82,
82,
82,
7,11,
83,
83,
83,
83,
83,
83,
83,79,75,
83,85,
83,
83,
83,
83,
83,
83,85,
83,
83,85,
188,103,154,
7,
11,114,
83,85,
134,74,76,83,79,75,112,73,121,
83,
82,83,73,85,
112,83,79,75,73,
7,
11,114,
83,
83,
83,85,
84,
13,
84,
17,200,
84,
84,
84,
84,
84,
84,183,
84,
13,
13,
84,
84,183,
84,183,
211,
200,
43,
200,13,
84,
84,
84,
13,
84,
84,
13,
84,
84,
13,
83,85,73,
79,82,85,
82,85,79,
85,
141,
85,
141,
141,53,
141,
79,82,183,85,
141,
120,
141,
141,
141,
141,
141,120,
141,
79,82,183,85,
141,
141,
69,82,85,184,40,143,144,155,165,168,177,183,125,210,64,84,181,182,180,79,138,186,192,151,205,175,179,
79,82,183,85,
141,
141,
120,141,
79,82,85,
188,163,
141,150,
141,
86,
193,
86,
86,
86,
54,
86,
54,
86,
86,
54,
86,
86,
86,
86,
86,
54,
86,
54,
86,
54,
54,
54,
86,
86,
149,
86,69,
86,
193,54,
86,
87,
87,
17,
87,
87,140,69,
87,
87,
87,
188,67,
87,
87,
87,
103,
17,
103,
87,
103,
87,
87,
87,
87,
87,
87,
87,
87,69,
87,
87,
87,
103,
87,
88,
52,130,87,86,88,35,
49,50,53,18,87,88,119,66,
133,
49,52,87,20,88,35,
17,
133,
88,
18,87,88,178,
67,
133,
17,
49,52,53,88,
69,88,66,
133,
88,
71,87,68,88,
87,88,71,68,
87,124,161,138,84,140,70,142,165,191,88,64,
188,
26,51,53,66,72,161,125,183,140,70,71,165,68,88,
133,
17,90,
133,
87,88,
88,
88,
133,
188,
130,69,72,87,168,71,68,88,119,197,
191,0,
188,191,0,
0,128,
89,
31,
0,
91,146,95,89,
0,
191,
45,146,69,97,165,95,89,
191,0,
0,128,
0,
0,
137,91,146,95,165,89,
191,
161,
89,
31,0,
146,165,95,89,
91,146,95,79,89,
91,146,95,89,
191,
191,
0,
137,91,146,95,165,89,
161,0,
128,
146,95,89,
31,
45,46,28,97,91,160,138,125,183,190,69,165,72,92,124,95,89,90,
45,91,190,90,
45,91,95,90,
91,95,90,
91,95,90,
91,
200,
31,
91,95,89,90,
90,
91,95,90,
91,95,90,
91,95,90,
91,95,90,
156,
45,91,95,190,90,
91,95,90,
91,95,90,
95,90,
45,91,190,95,90,
45,91,95,190,90,
45,91,146,95,190,90,89,
91,95,89,90,
91,95,90,
45,46,91,146,72,95,190,90,89,
91,95,90,
91,95,90,
45,91,95,190,90,
45,190,91,90,
45,91,95,90,
0,
91,
0,
0,
0,
91,
91,146,162,185,
91,
91,
0,
0,
0,
0,
31,
46,91,146,95,169,162,
0,106,
0,
0,
91,
128,
0,
91,
0,
0,
31,0,
191,0,128,
45,46,52,137,91,93,114,146,160,171,172,40,145,69,72,92,95,166,169,174,176,165,168,177,162,97,185,127,211,119,
91,
31,0,
0,128,
21,128,
159,
68,
45,46,49,50,51,52,53,23,146,147,18,69,72,162,178,200,35,91,99,114,140,115,118,119,168,165,171,92,97,160,95,169,130,164,185,
21,111,
21,188,
92,
92,
21,
159,
146,92,95,
12,45,46,52,130,69,72,147,168,178,114,146,18,92,95,169,119,
146,92,95,
92,45,
45,46,49,50,53,67,137,91,114,146,164,72,92,95,169,176,35,119,99,168,178,102,
159,
146,45,92,95,
161,
46,146,92,95,
0,21,
45,46,49,52,53,69,18,114,146,72,162,178,92,95,166,169,115,118,119,168,164,
146,92,
45,146,92,95,
0,
159,
45,46,49,53,130,69,72,117,178,91,114,146,172,92,95,169,162,25,119,
45,92,
46,92,95,
21,
45,92,
93,
93,
141,
93,
93,171,165,
93,
93,165,
93,
141,
93,
93,171,
93,171,
93,
93,94,
141,
60,69,93,171,138,79,143,168,175,183,140,127,165,166,40,192,51,64,72,211,
141,
93,140,165,166,
60,
171,174,93,
93,
93,171,185,
93,
93,
93,
93,174,185,
191,
93,
142,
93,
56,
191,
56,
56,
94,
94,142,
94,
56,
94,
0,
91,94,79,183,
79,94,
94,79,183,81,
137,91,93,94,165,95,
94,
94,
41,107,158,170,
93,94,
137,91,93,94,150,153,167,172,173,77,152,175,81,80,201,95,78,79,
17,56,
56,191,
137,91,93,94,183,165,95,
0,
130,171,91,93,94,146,160,183,140,165,166,177,
56,
94,
0,
56,112,94,79,82,125,75,85,
56,
95,
191,
95,
95,
142,
95,
95,
95,
95,
95,
142,
95,
95,
128,
31,
148,0,
95,
128,
95,
0,
142,
95,
95,
31,
82,
95,
31,
128,31,
95,
161,
128,125,153,
128,
125,
159,125,161,
125,
128,125,93,
128,
6,128,125,
156,159,
153,161,
96,
128,
125,
106,125,
156,
128,161,
106,161,153,
1,9,12,96,35,178,119,
128,48,156,
161,153,
128,
156,
156,
6,128,125,
128,
125,
125,153,
125,
156,
82,
141,
97,
47,
21,
13,
97,
188,
97,
97,
21,
97,
97,
141,
97,
21,
97,
47,13,
141,21,
156,
97,
21,
21,
168,183,97,
141,47,13,
21,141,
97,
97,
97,
156,21,
141,
98,
153,167,
155,193,
21,
98,
21,
198,181,
72,98,
45,51,52,53,130,69,72,168,98,
45,51,52,162,98,
153,167,
1,4,12,45,49,50,51,52,53,130,16,66,69,72,117,147,168,178,26,98,200,
1,45,49,50,51,53,16,10,18,87,35,130,147,72,178,200,168,66,98,
98,
153,
1,45,49,50,51,52,53,130,16,60,69,72,117,147,178,211,10,18,19,20,23,98,
72,98,
153,167,
155,21,
1,49,50,51,52,53,16,127,147,69,72,178,98,130,
193,153,
153,
153,
153,167,
98,
98,
156,
98,
153,
193,91,
9,16,96,51,114,49,50,72,99,52,98,
1,9,12,45,49,52,53,130,69,72,117,147,178,67,18,20,23,35,99,101,162,114,119,
198,
155,
9,51,53,18,23,99,126,147,197,69,72,162,178,35,60,119,168,130,107,
1,45,49,50,51,52,53,16,69,72,117,147,178,114,18,99,101,23,169,35,119,96,
190,
1,45,49,50,51,52,53,20,31,99,100,101,16,23,126,146,147,197,18,69,72,162,178,35,169,168,66,117,
9,45,49,50,52,53,69,16,20,23,31,99,101,147,72,114,169,162,35,178,119,117,
1,9,45,49,50,51,52,53,130,16,69,72,117,147,178,18,23,31,99,100,101,197,114,169,35,119,
9,45,49,52,53,69,72,117,147,178,67,18,20,23,31,99,101,35,114,169,119,96,
9,45,51,52,16,69,72,147,178,18,23,99,96,
54,
99,
198,
1,45,49,50,51,52,53,16,69,72,117,147,178,31,99,100,101,23,18,114,35,169,96,
1,9,45,49,50,51,52,53,130,16,69,72,117,147,178,10,18,20,23,31,99,100,101,126,169,
1,9,53,16,69,72,147,178,20,23,114,99,119,
128,
15,53,67,69,170,20,31,99,101,49,146,45,72,114,35,52,25,117,118,119,178,66,
9,16,126,127,40,51,69,72,147,168,178,18,23,99,162,166,119,
9,45,49,50,52,53,130,69,72,117,178,67,20,23,99,101,114,35,119,200,
198,
198,
1,9,45,49,50,51,52,53,130,16,69,72,117,147,178,18,20,23,31,99,100,101,126,197,162,35,
188,
1,45,49,50,51,52,53,16,96,69,72,178,10,99,101,
198,
9,45,49,50,52,53,96,132,15,67,69,20,23,88,99,101,147,72,114,35,178,119,
96,15,67,12,25,35,99,20,31,101,49,114,119,178,
1,9,45,49,50,52,53,16,69,72,117,147,178,18,20,23,99,100,101,35,96,
1,9,12,52,96,15,18,20,23,35,99,101,72,178,119,117,
198,
2,16,96,50,51,52,53,69,72,117,147,178,18,23,31,99,100,101,49,45,114,98,
193,
1,9,45,49,50,51,52,53,130,16,69,72,117,178,10,18,23,31,99,100,101,126,114,
1,9,45,49,50,51,52,53,69,16,18,20,23,99,100,101,147,72,178,35,169,119,117,96,
1,9,44,45,49,50,51,52,53,69,16,18,20,23,99,100,101,126,147,72,162,178,35,114,169,117,
1,9,45,49,50,51,52,53,16,69,72,117,147,178,10,20,23,99,100,101,114,169,96,
198,155,
198,
1,45,49,50,51,52,53,16,126,130,69,72,117,147,178,139,18,20,99,100,101,23,169,
130,16,50,51,52,53,69,72,117,147,178,9,18,20,23,99,100,101,49,126,162,45,169,
1,9,45,49,50,51,52,16,69,72,117,147,178,10,18,20,23,99,100,101,169,
9,10,15,20,51,87,88,99,100,101,49,50,45,52,72,168,69,66,178,
1,9,45,49,50,51,52,53,16,69,72,117,147,178,10,18,20,23,99,100,101,35,
155,
155,
49,
1,45,49,50,52,53,16,69,72,117,147,178,18,20,99,100,101,23,35,114,169,96,
194,
51,10,15,31,99,100,101,16,23,49,50,53,147,45,69,114,72,52,66,103,
1,9,45,49,50,51,52,53,16,96,69,18,20,23,99,100,101,147,72,178,114,117,
1,9,45,49,50,52,16,69,18,20,23,31,99,100,101,147,72,178,35,117,
1,2,9,45,49,50,51,52,53,16,96,126,69,72,117,178,18,20,23,31,99,100,101,162,
1,9,45,49,50,51,52,53,130,16,69,72,147,178,10,18,20,23,99,100,101,197,35,169,
1,9,45,49,50,51,52,53,16,18,23,31,99,100,101,126,69,72,178,169,35,117,
198,
1,9,45,49,50,51,52,53,16,69,72,117,147,178,18,23,31,99,100,101,114,35,96,
1,9,45,49,50,51,52,53,69,16,10,18,20,23,99,100,101,147,72,178,35,169,117,96,
48,
125,
96,101,
101,
9,45,49,52,96,69,72,147,178,18,20,23,31,101,197,162,35,119,
1,12,45,49,50,51,52,53,130,66,69,72,87,117,147,168,178,132,10,18,23,86,140,160,164,166,101,146,110,185,118,209,
125,
96,101,
128,153,
101,
141,
156,
125,
101,
49,52,69,23,86,87,101,35,72,178,119,168,
130,50,51,52,53,60,66,69,72,87,117,147,168,178,10,140,166,101,49,146,18,45,185,98,
130,50,51,52,53,66,69,72,117,178,10,23,140,164,101,49,169,45,
96,126,23,101,
125,
153,
1,45,49,51,52,53,67,31,101,114,66,
101,
2,16,96,126,72,178,15,31,99,100,101,23,49,103,
159,
50,51,52,53,18,86,87,101,69,72,132,35,147,60,118,119,168,40,211,130,66,209,
101,
96,23,101,147,52,72,178,119,130,
5,128,
101,
49,50,52,53,96,18,23,101,147,69,72,132,178,35,114,119,130,164,
153,167,
13,161,
21,54,
124,
16,50,52,53,69,72,117,147,178,67,9,18,20,23,31,99,101,49,35,45,114,119,169,96,
1,12,45,49,50,51,52,53,35,99,69,72,92,119,178,102,96,
153,
21,153,
54,
130,50,53,69,72,117,147,178,67,18,23,31,99,101,49,162,200,45,114,35,119,
119,31,
45,
1,45,46,47,49,50,51,52,53,130,69,72,168,146,92,99,35,101,119,165,97,102,
54,
21,
99,49,
21,
31,
21,
45,49,52,15,67,20,31,99,101,35,114,119,102,96,
54,
45,
1,12,45,49,50,52,96,67,10,25,35,99,20,101,178,
21,
1,45,49,52,72,99,92,102,
1,12,45,46,49,52,35,99,20,72,114,178,168,170,95,92,102,
68,161,
15,31,99,100,101,49,147,45,52,103,96,
54,110,
101,
101,
1,9,45,49,50,51,52,53,16,69,72,117,147,178,132,67,18,20,23,99,100,101,169,98,96,
198,
153,
101,
155,
17,
1,9,45,49,50,51,52,53,16,69,72,117,147,178,10,18,23,31,99,100,101,169,96,
15,31,99,100,101,16,23,49,50,53,45,178,52,103,96,
125,
101,
155,193,
15,20,31,99,100,101,16,23,49,45,52,72,178,92,102,117,103,96,
15,20,88,99,100,101,49,45,52,72,51,103,
101,
4,42,
101,
101,
15,31,99,100,101,16,49,50,35,45,52,169,72,178,103,
99,
54,
101,
101,
54,
101,
54,155,193,
9,15,20,51,86,87,88,99,100,101,53,45,52,72,69,178,66,103,
141,
65,
142,
15,
46,156,70,
104,
104,
15,
104,112,
104,112,
46,
104,
15,
65,
41,65,
104,
41,76,
104,
41,124,
198,
46,
104,112,
104,70,142,
46,156,70,
104,
104,112,
104,
70,
46,
156,70,
31,170,
105,
158,184,
31,170,120,10,
105,
105,
97,139,
97,
105,
105,
105,
105,
105,
41,31,76,170,
31,170,
105,
19,
105,
31,
105,
105,
31,170,158,
31,
105,
105,
105,
31,170,
31,170,120,158,
105,
120,
103,
106,
50,53,
106,34,
106,
106,
106,
106,
103,170,
16,106,
106,
16,106,
53,
50,53,
146,
103,
7,16,106,112,30,34,
50,53,
106,
106,
106,
7,43,16,106,30,
106,26,34,24,
106,
50,53,
50,53,
50,53,
106,
106,
7,43,16,106,30,
155,27,
156,124,27,161,141,
161,
27,
107,
148,27,
27,
67,122,155,
137,153,167,
27,116,
155,54,
148,153,
156,27,
49,141,27,153,
153,167,
156,116,
27,153,
107,
27,
27,
67,155,116,
153,
49,27,
153,
153,167,
122,156,
122,155,
153,
27,
27,
54,
82,
82,13,99,54,
124,
124,
54,
82,116,
141,
128,136,108,35,135,119,
136,108,132,135,35,170,12,20,25,119,195,
97,
124,
128,136,12,108,132,135,35,213,119,
116,
136,135,35,108,170,20,118,119,
54,116,
136,12,108,35,135,119,
122,155,124,148,
155,
136,135,35,108,170,
27,
13,
97,116,
116,
148,
54,
97,116,
82,97,
136,12,132,108,135,35,25,119,
82,
197,
82,
82,99,148,
82,141,113,
141,113,
97,
99,54,
82,99,
54,148,
82,
82,99,97,
50,141,
99,97,148,
54,197,
82,
54,
99,
54,
22,109,110,129,11,107,132,
99,54,
82,
141,102,113,
99,
13,99,116,
99,54,148,
54,
82,113,
54,
82,99,54,
141,155,156,
155,116,
124,97,155,15,
155,15,
97,
110,
155,
124,
15,155,97,
128,22,109,110,111,136,129,107,132,12,51,69,18,209,
110,69,209,
155,
128,22,86,109,110,111,202,203,129,11,107,130,51,60,69,147,168,211,132,12,18,23,209,
155,116,
141,
155,14,
141,124,
14,
155,
124,20,14,
124,
110,107,
155,
124,155,
97,
161,
155,
110,107,132,
99,
128,22,109,110,111,136,202,203,129,107,132,130,51,53,60,69,213,12,18,23,209,
113,
54,113,
111,
2,107,12,109,111,129,202,203,
82,113,
99,116,
111,
65,
82,113,
128,44,86,110,111,202,203,107,69,209,
86,111,51,23,87,69,147,209,
86,111,120,69,209,
102,
82,99,
111,
86,111,69,209,
86,111,120,69,209,
13,54,113,
102,54,
86,110,111,107,132,60,69,51,23,209,
102,
86,111,69,132,23,209,
54,
102,
113,
111,
113,
54,99,113,
43,
116,
150,158,154,
44,
31,200,150,
112,
103,
154,
199,
41,107,158,
112,
198,
103,
154,
29,158,
41,107,158,
112,
41,107,158,170,
112,
112,
112,
154,
112,
150,
150,
162,158,
112,
112,
112,
112,
154,
112,
13,
122,156,
113,
113,
19,
13,
126,106,
142,
113,
142,
77,
113,
106,
13,
142,
156,
113,
113,
111,
111,106,
113,
13,
156,
106,
142,132,
113,
13,106,
7,106,17,159,
106,
126,111,
0,106,
117,
0,71,106,
1,45,52,16,72,117,147,178,114,23,92,169,
0,
0,
0,
0,
0,
71,0,106,
71,
0,
0,
0,128,
0,
0,106,
71,0,
0,
0,
0,
0,
46,69,91,114,146,160,140,23,127,166,72,92,95,169,176,40,
0,
0,
0,
71,0,
0,
0,128,
71,0,106,
0,
15,
115,
15,
19,
0,
115,119,
156,32,
19,
44,116,
117,
15,
44,48,32,
48,116,
115,119,
115,
99,15,
115,
48,
115,
115,
115,119,
115,119,
99,106,
32,
115,
115,119,
115,119,
32,
15,99,
115,119,
41,159,
41,31,
4,48,52,97,5,112,116,
31,153,
41,
46,41,
41,31,
44,41,161,
21,
31,47,41,
44,41,54,
155,161,
41,
41,31,
1,4,5,8,45,48,97,116,
41,
41,
41,
141,
156,
41,155,161,
1,4,26,112,116,139,18,178,
41,
11,132,
41,
156,41,158,
41,
155,91,
1,5,52,112,116,139,18,178,
44,
190,
117,178,18,
18,72,178,117,
69,117,178,18,
141,
44,45,49,50,52,53,16,18,23,126,147,197,69,71,72,162,178,114,140,35,60,171,169,117,130,
155,
69,117,178,18,
117,178,18,
18,178,117,
49,18,23,72,178,117,
44,137,
117,178,18,
117,178,18,
18,178,117,
41,33,
69,117,178,18,
137,
124,
18,178,117,
200,
117,178,
117,178,18,
190,
137,
18,178,117,
1,12,45,49,50,51,52,53,16,18,23,126,147,197,69,72,178,140,60,169,117,
49,72,117,178,18,
9,49,130,16,66,69,72,87,117,147,178,18,23,139,126,197,169,196,
190,
124,155,106,
60,69,23,115,118,209,
155,
118,119,
13,
106,
115,118,119,
15,43,
137,
118,119,
156,
155,106,
141,155,
124,
117,
155,
128,111,120,202,203,40,53,60,69,178,140,70,127,164,166,149,169,118,119,115,209,
178,115,118,119,
69,18,118,209,
155,181,106,
124,
155,
155,
120,69,119,118,
155,
155,
118,119,
69,60,115,118,209,
69,178,115,118,119,
156,
156,188,
119,
156,
156,
119,
119,
156,
198,
119,
116,
119,
119,
119,
188,
156,
156,
156,188,
119,
119,
119,
156,188,
119,
119,
99,71,
156,188,
156,
119,
156,
119,
120,
120,
43,
120,
120,
120,
120,
120,
102,43,
120,
120,
120,
120,
43,
43,
102,
120,
44,
120,
43,
120,
102,43,
65,43,
43,
120,
113,
120,
120,
120,
120,
121,
121,
121,
90,
198,
121,
154,86,
53,55,
121,
41,
121,
154,86,106,
41,
121,
106,
155,184,
154,86,
154,
121,
154,
155,184,
198,
121,
154,
154,
121,
121,
154,
106,
184,154,86,
41,107,158,170,
41,
53,
31,170,
65,76,
53,56,
1,42,43,13,112,
31,170,
31,39,158,170,
170,
158,
53,31,170,
53,31,170,
155,35,184,170,
41,31,158,170,
124,155,158,
56,
41,170,
53,170,
150,
5,6,112,122,18,105,79,
53,
53,184,
2,6,42,43,44,13,16,21,26,58,104,112,122,18,59,105,39,123,24,119,
31,184,170,
53,
53,158,
128,
41,158,
158,
76,
123,
123,
123,
71,76,
123,
123,
76,
123,
123,
123,
76,
123,
141,
123,
123,
123,
123,
141,65,
65,
123,
146,76,
142,70,
123,
123,
123,
123,
123,
123,
146,
124,
84,165,124,
137,
137,
137,67,
124,
78,114,
124,
84,165,124,
17,
17,
84,165,124,197,
125,183,184,82,165,124,
17,13,
165,124,
138,84,125,155,183,184,192,165,124,
81,137,
84,165,124,
124,
137,46,
17,156,
17,
137,
84,124,
137,13,
124,
165,124,
137,67,
46,13,
137,156,
7,19,
125,
125,
125,183,
125,183,
183,125,
125,183,
192,125,
125,
125,
120,
7,19,
125,
125,
125,183,
7,
125,
114,
192,125,
183,125,
125,
125,
125,183,
183,125,
7,19,
125,183,
192,125,183,165,
125,
125,183,
125,
146,
128,146,198,
128,
103,
2,3,9,44,21,26,104,112,126,
124,190,
146,
198,190,
146,
44,9,16,56,58,126,107,130,60,69,72,147,18,23,162,119,
146,
146,
126,
126,
126,
126,
128,
126,
198,
16,126,23,147,197,
124,
190,
23,126,
5,198,
126,
130,23,126,
156,141,188,
2,126,
155,
198,
127,
127,
156,
156,
32,
156,
156,
156,
127,
127,
156,
156,
156,
127,
156,
156,
156,
156,
127,
156,
156,
127,
127,
127,32,39,
127,
156,
127,
127,
127,
156,
82,
2,128,69,
128,107,69,72,147,60,
103,
128,
54,113,
112,128,107,132,18,51,110,69,60,209,
128,
82,99,
128,22,44,2,112,126,107,130,51,60,69,72,147,18,23,166,115,
128,
54,
82,
128,
113,
82,54,
128,
128,22,44,129,107,2,112,130,51,60,69,72,147,18,
128,
113,
128,
54,
2,44,112,128,107,132,22,51,69,60,129,
82,
128,
7,
128,
116,
82,113,
128,86,111,120,203,127,69,23,25,209,
129,
82,
7,97,
82,
97,149,
82,54,148,
129,
68,88,
1,2,3,12,51,128,10,107,132,11,108,22,86,109,110,111,202,203,129,69,18,209,
129,
97,
129,
97,
97,
82,106,
106,
106,
97,116,
16,106,
82,97,
129,
82,
97,
109,129,
129,
82,97,
7,
82,
129,
82,106,149,
156,103,
156,188,
156,
156,
103,156,
188,156,103,
77,156,
156,103,
188,156,
156,188,
156,
156,103,
156,
156,
103,156,
156,
156,188,
188,156,
156,
156,
156,
77,156,
156,103,
156,
156,
130,
156,
156,103,
188,
156,
27,137,138,
27,137,
3,12,
137,138,
27,137,
137,
3,4,52,26,28,107,131,
3,112,28,107,131,
49,27,138,
3,28,107,131,
51,16,126,28,107,131,
55,27,137,116,
27,138,
1,2,3,12,43,44,16,104,126,10,28,107,131,22,23,86,109,129,197,178,
49,27,137,138,
52,16,26,126,28,107,131,197,178,
156,
138,191,116,
55,156,
3,28,107,131,
27,138,
16,126,28,107,131,
138,149,
27,137,191,
49,137,138,
138,
27,137,138,191,
27,
156,
49,27,138,
2,112,12,18,69,132,
17,
132,
155,17,
132,69,18,147,
48,57,17,
17,
17,
17,
155,
61,
122,155,124,161,17,
155,
122,
155,116,
15,67,155,
15,17,49,0,
155,
14,
155,17,
17,49,0,
17,
67,122,
17,
17,57,147,0,
132,
17,
15,155,17,
3,12,44,112,132,18,69,
122,
133,134,
133,
136,
133,134,201,
136,
134,
11,
133,134,201,
11,148,
133,201,
11,148,136,
11,136,
11,83,
133,134,201,173,183,80,
11,136,
11,
11,136,
11,
11,136,
83,
133,134,201,80,
148,
133,
11,136,
11,
134,
136,
11,
11,
136,
11,90,
11,
134,
11,22,
90,
90,
11,
90,
134,
90,
90,
90,
102,90,
11,
114,
134,
134,
11,
134,
102,
134,
11,
11,
90,
134,
134,
11,
134,
11,
102,
124,33,
135,
135,
122,
41,153,
112,35,135,
112,35,135,
135,
124,
122,
135,
61,122,155,13,126,
126,
122,155,124,
135,
126,
2,112,35,135,
122,
13,
112,35,135,
124,97,
112,135,
135,
124,
135,
135,
187,
135,
97,
135,
116,
15,122,155,125,
155,141,
2,12,112,132,136,35,135,213,119,
156,206,
51,35,136,135,213,
82,141,
141,0,
82,15,122,155,14,
141,
155,
14,
136,51,69,12,132,35,
61,122,200,
120,15,122,155,
3,136,107,132,69,135,35,18,213,112,
15,122,
156,15,99,201,206,
155,
0,
156,
136,132,213,
15,122,155,
155,48,
112,136,
97,155,124,
122,155,97,
156,
82,54,
82,15,122,
137,185,
137,185,
137,
137,150,167,185,
137,185,
69,72,91,140,146,40,165,166,171,174,177,183,52,97,160,137,93,150,167,
137,150,167,
47,
137,
137,
137,146,150,160,171,185,
137,146,150,
137,
137,
137,146,171,
137,
137,150,
137,
137,167,
137,
47,
137,150,185,
137,171,150,160,
47,
137,
137,185,
137,
137,
45,72,137,168,171,91,93,94,146,150,160,167,143,140,97,162,165,166,174,177,185,
137,185,
13,
156,
138,183,
156,
141,13,
141,13,
13,
138,183,
138,
156,
141,
188,
156,
138,
156,
13,
156,
138,
138,
13,
138,168,
156,
53,
141,
138,168,
138,
138,
156,
156,
138,125,
41,
139,
41,
41,31,158,
41,
41,
41,159,
41,
161,
41,
41,
41,17,
46,
41,158,
41,161,
139,
139,
41,
41,
23,
41,170,
41,170,
41,159,158,
41,
41,170,
139,
41,170,
41,170,158,
41,
41,
67,
67,
173,133,
133,
173,133,67,
133,
173,133,
32,39,
140,
32,39,
140,
67,
69,140,
140,
133,173,
133,
54,133,173,
140,69,
140,166,
54,153,
133,
173,133,
133,156,
54,133,173,67,
111,67,
140,
133,67,
133,
140,
133,156,
43,
46,200,
138,82,84,125,155,168,175,183,184,205,140,70,71,93,142,163,165,166,141,191,94,177,72,68,185,73,124,
84,141,142,191,70,71,163,124,
84,70,142,163,141,191,64,68,72,124,
17,
23,69,72,140,178,51,149,165,168,177,183,184,66,125,64,164,70,84,141,138,175,
84,141,
120,17,
141,68,23,69,72,114,140,178,51,166,168,70,115,164,84,209,163,
43,
84,165,
94,160,138,84,161,168,190,141,142,191,70,64,87,177,163,165,166,71,68,124,
84,
126,130,40,51,60,66,69,72,141,147,161,168,211,132,192,114,146,138,84,125,143,175,183,184,140,23,97,162,164,165,166,169,68,177,148,185,119,
43,
94,84,70,71,87,142,163,166,141,191,124,64,
84,141,164,
43,
84,70,71,142,163,141,191,72,124,
127,40,51,69,72,82,141,147,168,171,132,138,84,125,143,144,183,184,140,23,93,97,162,164,165,166,68,192,146,177,148,120,157,185,115,119,209,
192,114,138,84,125,143,144,168,175,180,183,184,140,69,162,164,165,141,40,149,64,177,72,169,60,185,124,211,
84,141,
127,68,162,69,72,140,147,40,51,60,143,144,145,149,165,168,171,177,183,184,97,125,130,70,132,64,164,210,84,181,182,124,82,141,180,185,192,138,205,175,
84,125,168,183,141,164,165,
191,
13,
84,125,183,140,69,70,93,142,163,164,165,141,191,68,72,185,192,124,64,
138,79,84,125,183,141,142,191,70,94,192,163,69,165,124,73,
84,141,164,
13,
138,84,168,140,70,71,87,142,160,163,165,166,141,191,94,68,64,124,
84,125,168,183,184,141,142,164,191,68,70,94,162,87,69,177,163,165,166,71,72,124,
84,
165,
136,
133,173,
84,70,71,142,163,141,191,94,64,
84,
192,138,82,84,125,155,161,168,183,205,70,93,142,163,164,165,94,185,
84,70,71,142,163,141,191,94,64,124,
94,138,84,161,168,190,140,70,71,97,142,163,165,166,141,191,68,64,72,124,
84,
136,
155,165,166,177,183,184,140,70,64,84,125,191,71,142,163,
140,72,124,70,60,69,115,164,168,210,149,64,84,125,143,144,148,177,181,182,183,184,191,68,71,165,82,166,171,180,185,142,192,138,175,179,
94,160,138,84,168,190,140,70,87,142,163,141,191,68,72,124,
157,192,138,82,84,125,143,144,155,168,175,183,184,140,70,97,142,164,165,166,191,149,181,182,64,148,208,65,177,72,68,
91,93,94,79,183,142,165,
84,
138,84,161,168,190,140,70,71,142,163,165,166,141,191,94,68,64,72,124,
94,84,70,142,163,165,
94,138,84,168,140,70,71,142,163,165,141,191,68,64,124,
84,70,142,191,64,
93,94,160,138,84,168,140,70,71,87,142,163,165,166,141,191,64,177,68,185,124,
94,138,84,168,190,140,70,71,97,142,163,165,166,141,191,72,68,124,
138,84,168,140,70,71,142,163,165,141,191,94,68,64,72,124,
17,
17,43,
183,142,165,
143,
143,
143,
143,
143,
143,
13,
141,
143,
143,183,
143,
143,
53,
114,
141,
143,
143,
143,
143,
143,
143,
143,168,
143,
143,
143,
143,
114,141,13,
143,
143,
13,
156,153,91,
156,47,
156,
168,144,
156,
156,
47,156,
156,
156,
156,120,
156,
156,
203,
156,153,
156,
188,47,156,
156,
47,156,
156,
156,
144,168,183,
144,
156,
156,
156,
47,
156,141,
144,183,
47,
144,183,182,
145,
198,
145,
7,202,
145,
203,
7,
78,
15,20,
145,
69,145,
202,
56,58,145,54,
145,
78,
73,
40,69,145,
198,
15,
56,145,54,
69,145,
155,
7,
145,
7,
73,78,
198,15,
20,
58,60,69,145,
202,
0,
0,
0,15,
0,
0,128,
31,
191,
146,
0,
0,
0,7,
0,7,
0,
146,
0,
0,
146,
19,0,
146,
0,128,
0,31,
146,
0,
155,
0,
0,128,
0,
0,
0,
0,
155,198,78,
155,
147,
198,
147,23,
69,147,
147,
147,
147,
147,
148,
156,202,
147,
147,
147,
147,
147,
155,
147,
198,
147,178,
147,
147,
147,
78,181,
147,
147,
159,
124,155,148,
148,
102,188,
148,
156,31,
148,
43,31,
188,
188,43,
7,
43,
156,102,
156,188,
156,188,43,31,
188,
114,31,
156,
156,188,
156,188,31,
31,
102,99,
77,7,31,
102,43,
188,7,
102,
156,
188,43,
188,
156,31,
102,99,77,80,
148,212,149,69,168,63,70,208,120,119,
114,43,
113,
43,
102,43,
141,102,7,
43,
141,102,43,
149,
43,
102,174,43,
7,
43,113,
141,102,43,113,
102,113,
43,
102,43,
102,43,113,
102,65,43,
174,43,
43,113,50,
43,
149,
102,43,
7,
102,
102,
43,
102,
113,
102,43,
43,
137,150,167,172,
137,150,167,172,185,186,
137,150,167,172,186,
141,
137,150,167,172,185,
137,150,167,172,
136,
137,150,167,172,175,186,
137,46,91,93,146,150,160,167,171,172,162,165,175,192,95,169,174,185,186,
192,137,150,153,167,172,173,168,175,77,152,80,186,187,119,
44,
150,167,
69,168,137,130,56,150,167,172,186,119,175,
137,150,167,172,69,127,165,143,40,144,175,181,183,82,168,177,186,119,
137,150,153,167,172,69,152,186,187,119,
137,150,167,172,
136,193,
137,150,167,172,69,84,144,175,192,56,186,119,
193,210,
137,150,167,186,
150,167,
137,150,167,185,
150,167,185,
137,150,
137,150,186,
136,
137,150,167,172,
78,81,192,137,150,153,167,172,173,84,77,175,75,168,73,80,186,187,79,
137,150,167,175,186,
137,150,167,172,69,165,143,175,77,177,187,119,
94,
138,79,82,125,143,144,151,155,168,180,183,184,205,210,179,181,182,
130,69,82,161,168,138,79,84,125,143,144,151,155,175,180,183,184,205,210,164,179,181,182,192,85,187,75,
61,
137,
138,79,82,125,143,144,151,155,168,180,183,184,205,210,179,181,182,
138,79,82,125,143,144,151,155,168,175,180,183,184,205,210,179,181,
192,138,37,82,84,125,143,144,151,168,175,180,183,184,205,210,149,40,55,160,179,181,182,64,69,97,146,72,166,171,23,51,162,148,164,165,60,127,115,211,
138,79,82,125,143,144,151,168,180,183,184,205,210,179,181,182,
192,160,138,79,82,125,143,144,151,155,168,175,180,183,184,205,210,40,179,181,182,64,97,72,166,70,177,163,165,68,124,60,127,211,
138,82,143,144,151,168,175,180,183,184,205,210,179,181,182,192,69,
138,82,143,144,151,168,175,180,183,184,205,210,179,181,182,69,
138,79,82,125,143,144,151,155,168,180,183,184,205,210,179,181,182,
174,
138,82,143,144,151,155,168,180,183,184,205,210,179,181,182,
183,
141,
192,138,82,143,144,151,180,183,184,210,40,179,181,182,64,165,
137,
138,82,143,144,151,155,168,175,180,183,184,205,210,179,181,182,
138,82,143,144,151,168,180,183,184,205,210,179,181,182,69,
138,82,143,144,151,155,180,183,184,205,210,179,181,182,
183,
138,79,82,125,143,144,151,155,168,183,184,205,210,179,181,182,
183,
138,82,143,144,151,168,180,183,184,205,210,179,181,182,
61,
192,160,171,138,82,125,143,144,151,155,168,175,180,183,184,190,205,210,140,70,97,163,164,165,149,40,179,181,182,64,60,72,148,208,177,68,124,51,211,
138,82,143,144,151,168,175,180,183,184,205,210,40,179,181,182,192,97,
183,
65,
48,19,
106,154,
55,
17,56,
172,
190,
150,167,186,
136,
81,192,201,137,93,94,153,79,82,175,
191,
136,106,154,
172,
155,
192,137,94,150,153,167,172,173,138,79,125,143,155,175,180,183,184,40,77,80,186,187,119,
106,154,
19,
150,167,186,
136,56,
191,
155,106,154,
133,
150,167,175,186,
134,192,201,84,137,138,143,160,175,183,184,150,167,125,155,205,140,70,127,163,165,188,124,185,186,
190,
201,137,46,94,150,153,160,167,171,173,162,175,77,152,174,80,185,186,187,95,
191,
82,137,91,93,94,150,153,167,172,173,138,79,84,125,175,183,70,192,77,185,186,201,95,
190,191,
81,153,79,
81,192,201,137,93,146,150,153,167,172,173,70,165,175,77,185,80,186,79,
137,183,153,79,165,
137,150,153,167,172,201,
190,191,
81,192,201,137,150,153,167,172,173,79,84,143,155,175,180,183,77,70,177,165,185,80,186,
137,81,93,153,79,
191,
81,201,137,91,93,94,146,150,153,167,172,79,84,143,155,168,175,183,70,163,164,165,185,80,186,56,
81,137,93,94,153,79,165,95,
137,93,146,150,153,167,172,173,79,175,152,157,28,185,186,201,
78,81,192,201,137,150,153,167,172,173,70,165,175,168,77,185,80,79,
190,
137,153,
192,201,137,150,153,167,172,173,138,79,82,84,125,143,168,175,180,183,184,77,75,163,164,185,80,187,
137,171,81,201,150,153,160,167,172,173,175,77,152,174,165,185,80,186,79,
137,93,94,146,150,153,167,172,168,183,165,185,186,
153,
63,136,
37,
81,192,201,137,93,94,146,150,153,167,172,173,138,79,125,143,175,70,163,164,165,77,75,185,80,186,187,
81,134,192,201,84,137,173,175,150,153,167,172,79,168,70,165,77,75,185,80,186,
130,137,91,93,94,146,150,153,167,172,173,79,143,175,163,164,165,77,75,185,80,186,187,201,56,
130,69,137,168,78,81,192,201,150,153,167,172,173,79,175,70,165,77,185,80,186,
81,192,137,150,153,167,172,173,138,79,82,175,183,163,164,165,77,152,75,185,85,80,186,187,
191,
137,153,79,
191,
44,51,10,87,23,126,146,147,18,69,72,132,178,140,118,119,168,40,60,115,144,166,120,164,209,154,
1,9,51,53,126,18,23,107,110,146,147,69,72,132,178,87,140,118,40,60,144,166,171,66,130,120,164,209,154,
122,
122,
65,
23,51,130,147,69,178,60,154,
22,86,109,110,129,107,132,53,69,154,51,10,20,23,147,126,178,66,72,40,209,
61,54,
122,
65,
23,51,147,69,140,60,130,154,
69,
122,
9,12,51,53,18,23,107,110,111,69,72,126,132,178,87,202,147,40,60,115,144,166,146,120,164,203,209,154,
193,
200,99,
51,23,111,130,147,69,178,128,40,145,154,
122,
193,
69,
61,67,
128,22,44,86,109,110,111,203,129,107,20,23,147,69,87,72,154,66,209,
86,
122,
86,
122,
193,
86,
86,
44,132,154,
155,183,
143,155,183,184,
192,138,79,82,84,125,143,144,151,155,168,175,180,183,184,205,210,69,70,163,164,179,181,182,80,56,
155,
138,143,144,151,155,168,180,183,184,205,210,179,181,182,192,
37,
155,168,183,
43,
138,143,144,151,155,168,183,184,205,210,179,181,182,
114,
155,183,
114,
155,183,
155,183,
138,155,183,205,
143,155,183,184,
125,155,
155,168,183,
125,155,183,
155,
138,82,143,144,151,155,168,175,180,183,184,205,210,179,181,182,192,
114,
155,183,
138,155,183,205,
82,184,69,143,144,155,165,168,183,91,146,125,70,56,164,210,84,181,182,180,185,192,80,79,138,205,175,179,151,
155,183,
155,183,
143,155,
143,155,183,184,
155,183,
134,156,198,201,206,204,
156,157,198,201,206,64,70,
201,
136,
156,198,201,206,204,199,
90,
11,136,
201,
156,198,201,206,199,204,
133,134,156,157,192,198,201,206,65,173,167,168,70,64,80,
28,136,
156,198,201,206,204,
154,
156,198,201,206,204,199,
134,156,192,198,201,206,65,150,125,70,64,
156,133,157,201,70,
136,
11,120,
154,
84,136,
11,154,
133,134,156,157,192,198,201,206,173,150,167,70,80,
154,
11,
11,136,
11,136,2,
134,156,157,192,198,201,206,65,74,76,84,138,143,175,183,184,125,155,180,182,64,70,177,165,80,
11,120,
190,
136,
188,
136,
49,90,
27,90,
27,136,90,
22,27,49,
136,
90,
136,
22,90,
157,
157,
136,
136,
157,
157,
63,184,90,
27,
49,
114,
26,
90,
27,63,142,
136,213,
22,114,
49,27,63,136,
7,
49,22,27,
22,
90,
2,126,
198,
198,155,
6,
124,
146,124,
198,
97,
2,126,
126,
126,
190,
54,
2,126,
198,
126,
126,
126,
190,
126,
2,126,
194,
15,203,
198,
146,
2,9,43,44,16,21,26,56,58,126,127,28,59,
1,9,16,58,126,130,147,17,23,159,197,
141,
141,
22,44,9,51,2,16,21,26,10,14,17,20,23,159,72,
170,
198,
146,
9,14,17,67,159,
41,
9,43,49,130,16,69,178,197,18,19,23,159,30,58,
9,
16,14,17,67,159,72,
141,174,
1,2,3,9,44,21,26,126,127,22,17,18,23,
141,
198,
53,
141,198,48,
2,9,43,16,26,58,126,17,19,23,130,159,30,147,197,178,
141,
2,9,16,58,126,17,19,23,159,197,178,130,
9,14,17,67,159,
9,44,14,17,67,159,72,
141,
1,2,9,44,126,22,14,17,20,23,159,197,154,
198,
141,
194,198,
160,
160,
160,
160,
160,
160,
160,
160,
160,
156,
160,
160,
160,
160,
160,
160,
160,
160,
160,
133,
160,
160,
160,
160,
160,
141,
160,
160,
69,160,
160,
130,161,183,
44,
130,51,66,161,
188,
44,141,
122,
188,
137,
15,122,
137,
188,
72,161,
67,122,
116,
188,
141,
141,
156,
141,
156,
156,
161,
156,103,
44,141,188,
44,141,
67,
122,
156,
53,197,51,60,165,168,68,140,72,130,161,70,64,84,191,119,
122,
162,
162,
162,
162,
162,
162,
162,
162,
69,162,
162,
162,
162,
162,
190,
162,
162,
162,
162,
162,
162,
162,
162,
162,
162,
162,
162,
162,
162,
162,
162,
163,
163,
163,
163,
142,68,
163,
163,
163,
163,
163,
163,
163,
163,
163,
163,
200,
163,
163,
163,
17,200,
163,
163,
163,
163,
163,
200,
163,
163,
163,
163,
164,
43,
164,
43,
2,19,
19,
43,
19,
69,72,164,
69,164,
164,
15,
164,
164,
164,
19,
43,
43,
20,
43,
69,164,
164,
69,164,
164,
164,
15,
43,
43,
164,
69,164,
165,
165,
13,
67,
165,
165,
165,183,
165,
165,
165,
165,
165,
183,165,
165,
13,
165,
67,
165,
165,
67,13,
165,
13,
165,183,
140,165,
165,
165,183,
165,
165,
165,
165,
69,166,
140,166,
156,
69,166,
166,
69,166,
156,
156,
166,
40,69,166,
156,
156,
166,
166,
156,
202,
156,
156,
166,
156,
156,
156,17,
156,
156,
156,
156,
156,
156,
166,
80,156,
167,
190,92,
167,
150,167,186,
167,175,185,186,
167,175,186,
167,175,186,
201,167,175,183,186,
167,186,
201,167,168,186,
167,185,
167,183,186,
190,
183,167,186,
167,175,186,
167,186,
167,185,186,
167,186,
167,
167,175,185,186,
167,
167,183,186,
167,186,
167,
190,
190,
167,168,175,
167,
167,185,186,
167,
102,
102,
168,
21,
103,
168,
168,
168,
168,
168,
102,
168,
168,
168,
32,39,
168,
103,
168,
168,
188,
168,
103,
168,
168,
103,
103,21,
168,
168,
102,
168,
169,115,
169,
155,190,
99,
155,190,
169,
173,19,
169,
169,
155,190,
198,
169,
155,
169,
169,
169,
155,
155,
169,
127,35,52,130,60,115,119,168,40,69,144,165,166,211,72,160,95,169,164,157,
173,155,
169,
155,
169,
113,
169,
155,
178,169,
169,
127,60,113,114,115,118,119,120,40,69,165,166,168,211,46,72,146,160,95,162,169,178,70,164,148,175,
13,33,106,154,
122,33,
47,
13,91,11,153,
13,91,153,
33,156,
15,111,125,153,
167,
153,
122,13,153,
153,
54,33,
15,13,33,187,111,47,153,
13,126,47,
13,91,33,106,161,
106,141,
153,
13,33,31,
47,15,154,153,
15,47,
153,
148,
33,153,
170,
13,
106,
125,47,153,
13,91,161,187,
132,106,199,47,153,
111,53,33,106,153,15,62,91,
171,
146,171,
171,
44,
171,185,
171,
31,
141,
171,
171,
142,
171,185,
44,
171,
142,
171,
171,185,
72,171,
171,
69,171,
171,162,
171,
171,
171,185,
141,
191,
141,
69,171,
171,162,164,
69,72,171,
190,
172,
172,
68,
19,
190,
172,
190,
137,150,153,167,172,186,
99,
55,
55,
190,55,
172,
172,
19,
55,
114,
172,
172,
55,
172,
114,190,
68,
172,
172,
172,
133,
172,
172,
173,
45,56,112,
56,
192,173,
65,56,
45,56,
114,
114,
173,
190,
56,
56,
56,
138,192,173,
56,
173,
56,
45,
192,173,138,79,
192,79,173,
45,65,56,
173,
173,
192,173,
45,
45,
56,
173,192,
173,
167,173,192,80,201,
0,
46,137,91,146,160,171,172,97,162,164,165,72,95,169,174,185,187,
31,0,
137,93,171,174,185,
93,140,165,166,174,185,
137,171,174,185,
46,93,140,162,165,166,174,95,
160,174,185,
171,174,183,
0,
31,
141,
0,
185,
174,185,
140,70,93,165,166,171,174,177,185,
174,
137,93,150,160,167,171,174,185,
130,40,69,72,124,137,171,46,91,93,94,150,160,167,140,70,84,162,163,165,166,45,177,64,174,175,169,185,183,95,89,
93,171,140,165,166,174,95,
93,171,174,185,
136,0,
130,40,72,124,137,168,171,178,46,91,93,94,114,167,140,70,97,162,164,165,166,45,177,64,174,169,119,185,192,183,115,95,
0,128,
141,
93,174,185,
137,46,91,93,94,150,160,167,171,172,173,138,84,125,143,155,168,175,183,140,69,70,97,162,164,165,166,40,192,77,174,177,45,72,169,60,185,124,80,201,95,73,
128,
93,171,174,185,
137,93,171,174,185,
168,175,
175,
175,
175,
175,183,
175,
175,183,
175,
168,175,
168,175,
168,175,183,
175,
175,
175,
175,
175,
168,175,183,
61,190,
175,
175,
175,
175,
168,175,
168,175,
13,
175,
168,175,
175,
175,183,
175,
0,
91,146,92,95,176,
47,17,0,
48,17,0,
31,0,
17,0,
0,
47,0,
17,0,128,
46,51,53,120,130,60,69,72,147,168,171,178,91,114,146,140,23,127,166,18,92,95,169,176,35,115,119,185,
69,46,91,114,146,92,95,169,176,
46,91,162,92,95,176,
17,0,
17,
0,
176,
0,
17,0,
17,0,
0,
17,0,
130,51,69,72,168,178,46,91,114,146,140,68,45,92,169,176,119,
46,50,51,16,126,130,40,69,72,147,168,178,91,146,140,23,162,166,19,30,92,95,169,176,115,119,
17,0,
17,0,
0,
45,46,127,60,69,72,147,178,91,114,146,160,140,23,162,166,18,92,95,169,176,115,119,
17,0,
47,17,0,
0,128,
183,177,
177,
183,177,
141,
183,177,
177,
7,
141,
141,
177,
141,
177,
183,177,
141,
156,188,
183,177,
177,
177,
141,
183,177,
177,
163,
149,40,51,69,115,127,143,144,145,165,166,168,177,183,184,140,72,97,125,70,193,148,64,84,182,82,164,157,192,138,160,
40,64,177,183,
183,177,
141,
183,165,40,177,124,
183,177,
177,165,
177,
198,148,
178,
178,
178,
178,
178,
69,178,23,
155,
6,
155,148,
6,
178,
178,
178,
178,
113,
155,
178,
155,198,
178,
6,155,
178,
178,
155,148,
155,
137,
69,147,178,
6,
178,
178,
138,143,180,183,179,181,182,
138,143,175,180,183,179,181,182,
138,143,175,180,183,179,181,182,
138,125,143,180,183,184,179,182,192,64,124,
143,180,183,179,181,182,192,
192,138,143,180,183,179,182,165,
141,156,
192,138,143,180,183,179,181,182,165,
138,143,168,175,180,183,179,181,182,
138,143,180,183,179,182,
13,
138,143,144,180,183,184,179,182,
138,143,168,175,180,183,179,182,192,
138,143,168,175,180,183,179,181,182,
192,138,143,175,180,183,179,181,182,
192,138,143,180,183,179,181,182,
138,143,144,155,168,175,180,183,184,210,179,181,182,
138,143,175,180,183,179,181,182,192,
138,143,180,183,179,181,182,
192,138,143,180,183,179,181,182,
138,143,175,180,183,179,181,182,
192,138,143,180,183,179,181,182,
138,143,180,183,179,182,
138,143,175,180,183,184,210,179,181,182,
141,
192,138,143,180,183,179,182,165,
13,
192,138,143,144,180,183,179,181,182,
13,
141,
141,
192,138,143,180,183,179,181,182,
13,
141,
138,125,143,175,180,183,184,210,40,149,179,181,192,64,124,
138,143,175,180,183,179,181,182,
138,143,155,175,180,183,184,210,179,181,182,
192,138,143,175,180,183,179,181,182,
138,125,143,180,183,179,182,
143,179,180,182,183,192,
138,143,180,183,179,181,182,
138,84,143,180,183,179,181,182,
138,143,180,183,179,181,182,
138,143,180,183,179,181,182,
61,13,
192,138,143,175,180,183,179,181,182,
141,
61,
192,138,125,143,175,180,183,179,181,182,
138,125,143,175,180,183,179,181,192,
143,175,180,183,179,182,192,
141,
13,
13,
138,143,175,180,183,179,182,
138,143,175,180,183,179,181,182,
61,
138,143,144,155,168,175,180,183,184,210,179,181,182,192,
141,
143,168,175,180,183,179,182,
137,141,
61,
138,143,144,151,180,183,184,205,210,40,149,179,181,182,192,64,
137,141,
183,181,182,
144,183,184,210,181,182,
192,138,79,82,125,143,144,151,155,168,175,180,183,184,190,205,210,164,149,40,160,179,181,182,64,97,72,166,148,70,208,177,163,165,60,124,51,80,
61,
183,181,182,
192,138,79,82,84,125,143,144,151,155,168,175,180,183,184,205,210,179,181,182,69,70,163,165,56,
144,183,184,210,181,182,
144,183,181,182,64,
144,183,184,210,181,182,
192,143,180,183,179,181,182,
138,143,144,151,168,180,183,184,205,210,179,181,182,
138,143,168,175,180,183,179,181,182,192,
144,183,184,210,181,182,
138,143,175,180,183,179,181,182,
183,181,182,
192,138,82,143,144,151,168,175,180,183,179,181,182,
183,181,182,
141,
168,183,
138,82,143,144,151,168,175,180,183,184,205,210,40,179,181,182,192,69,97,
137,
138,82,143,144,151,180,183,184,205,210,179,181,182,165,
198,
138,79,125,143,175,180,183,179,181,
138,82,143,151,155,175,180,183,184,205,210,179,181,182,
198,
13,
138,143,168,175,183,182,
13,
13,
143,168,183,182,
174,
183,182,
81,
138,143,144,183,184,40,182,64,165,127,
183,182,
141,
182,
13,
182,
156,
13,
168,175,182,
141,
138,143,183,182,
13,
174,
143,183,182,
183,182,
143,168,182,
183,182,
183,182,
144,183,182,
183,182,
13,
13,
120,
183,
183,
183,
183,
183,
183,
137,141,
183,
183,
183,
183,
53,137,141,
183,
183,
183,
137,141,
183,
183,
183,
141,
120,137,141,163,
183,
183,
183,
141,
120,141,
183,
114,141,
13,
46,13,
183,184,210,
141,
61,
183,184,210,64,177,
198,
183,184,
183,184,
183,184,
183,184,210,64,
183,184,
183,184,64,
114,
13,
183,184,210,
183,184,210,64,
82,144,155,183,184,205,210,181,182,192,64,
183,184,
183,184,
143,183,184,210,40,64,
13,
46,13,
183,184,
183,184,
183,184,
183,184,177,
183,184,
198,
183,184,
81,
185,
185,
185,
160,185,
185,
160,165,185,
160,185,
185,
185,
47,
142,
31,
185,
185,
185,
185,
185,
185,
185,
185,
185,
185,
185,
185,
185,
183,185,
185,
185,
185,
185,
54,
183,186,
186,
186,
148,
15,54,
186,
190,
15,
186,
186,
186,
167,186,
186,
186,
186,
54,
186,
183,167,186,
190,
186,
186,
54,
186,
54,
148,
186,
15,
15,
190,
150,167,173,175,186,187,
201,167,173,168,175,186,187,
114,
190,23,
192,137,138,143,175,183,150,167,172,37,82,144,180,205,165,40,177,77,186,187,
167,186,187,
114,
45,
167,173,175,183,77,186,187,
167,186,187,
114,
167,173,77,175,185,186,187,
192,137,143,175,150,167,172,69,168,77,165,164,185,186,187,
167,183,77,186,187,
167,77,186,187,
160,167,172,70,163,164,125,77,168,185,186,187,
148,
190,
190,23,
167,77,186,187,
190,
114,
190,
190,45,23,
114,
167,77,186,187,
114,
167,173,175,183,77,80,186,187,
183,
23,
175,
183,
133,81,134,192,201,137,160,173,175,150,153,167,172,168,163,77,75,188,185,80,186,187,
23,
124,168,134,84,138,160,175,183,167,125,155,205,140,70,163,164,165,188,177,185,187,
183,
183,
190,
168,183,
167,175,186,
168,175,
130,40,124,137,168,201,150,160,167,173,79,143,144,175,183,70,163,164,165,182,77,75,188,68,185,80,186,187,
167,183,186,
167,186,
168,175,
167,175,168,185,186,
183,
190,
167,185,186,
167,186,
167,186,
201,175,163,188,
201,167,183,186,
201,163,188,
150,167,173,168,175,188,163,185,186,187,
130,40,60,82,137,168,171,157,201,93,150,160,167,172,173,138,79,84,143,144,175,183,140,70,127,162,163,164,165,174,75,188,177,68,185,186,187,
167,
167,175,186,
111,
11,102,
153,
189,
17,46,
189,
106,
71,124,
153,
120,11,
189,
15,124,111,
11,
124,
189,
189,
26,112,127,18,25,39,123,200,24,119,189,
51,52,139,168,189,
11,
137,
189,
106,
111,106,
168,178,119,189,
153,
153,
200,
128,156,
178,189,
11,124,
183,190,177,124,
190,160,165,68,72,124,
130,72,124,171,91,93,146,160,138,143,155,183,190,205,140,23,71,127,162,165,166,174,177,185,
130,40,72,82,87,124,161,171,93,94,160,84,125,183,184,190,205,140,70,71,97,127,163,164,165,166,64,174,157,177,68,185,
61,
46,
46,
160,190,
190,124,
46,
190,
61,46,
46,
177,183,190,124,
19,13,
190,68,72,124,
51,52,69,72,124,171,68,161,190,130,71,
149,69,72,140,148,82,184,40,60,143,144,155,165,166,168,171,177,183,68,97,146,160,190,164,210,70,208,64,84,125,181,182,71,124,180,192,80,79,138,163,119,205,175,179,151,
190,
160,190,
130,51,72,87,124,161,168,167,84,125,155,183,190,140,70,71,163,165,166,64,26,177,68,186,193,
190,
46,141,
46,141,193,
51,72,124,168,171,211,91,93,160,140,71,97,127,162,165,144,155,183,205,64,68,174,177,190,
141,61,193,
165,
61,46,141,
91,93,160,171,138,143,155,183,190,205,140,23,71,87,127,162,165,166,68,72,177,185,124,174,
68,162,69,72,91,140,51,127,165,166,168,171,174,177,183,97,160,161,190,124,87,64,71,93,138,205,186,
134,84,138,160,175,183,125,205,140,70,163,164,165,191,64,177,124,187,
133,17,
84,140,70,71,142,165,191,64,
120,
17,
191,
133,
114,200,
160,161,140,69,71,97,164,166,191,68,40,72,185,
13,
173,
157,84,138,175,183,82,125,168,205,140,69,70,163,164,165,191,72,124,
160,144,168,140,191,40,185,
160,138,82,84,125,161,168,183,184,205,140,69,70,97,127,163,164,165,191,68,40,72,177,185,124,197,
183,168,140,70,164,191,40,185,197,
191,
191,
191,
138,160,175,183,125,168,140,163,164,191,167,185,
167,173,
133,
167,173,
140,70,84,87,97,163,165,191,190,72,68,124,168,
114,
40,164,191,
133,173,
173,
133,173,17,
44,
26,130,72,161,125,71,164,191,149,63,
192,183,
13,
192,183,
192,
192,183,
192,183,
192,183,
192,183,
192,183,
61,
183,192,
192,183,
192,
192,183,
192,
192,183,
13,
192,183,
192,183,
192,183,
192,183,
13,
192,183,
192,183,
13,
192,183,
192,183,
192,183,
192,183,
192,183,
41,188,47,
188,47,
19,188,
19,41,90,
184,188,
19,47,
47,
184,47,
19,47,
33,
90,
33,184,
114,
33,184,99,
193,
19,106,
65,184,47,
41,106,184,
188,90,
188,47,
134,157,193,70,
41,90,
41,90,
41,
33,47,
193,
184,114,47,
19,90,
19,41,
19,106,184,47,
94,170,
97,
7,106,16,30,34,194,24,
174,103,170,
7,112,106,16,27,30,34,194,24,
94,174,
7,106,16,30,34,194,
16,30,
106,16,30,83,
103,187,
7,16,106,30,34,43,194,
170,
106,16,
174,
50,53,
106,112,16,27,30,34,194,
103,
97,
7,106,16,30,34,194,83,
106,18,16,30,34,194,123,24,
7,106,16,30,34,194,
7,106,16,30,34,194,
79,
170,158,
94,174,103,
16,106,
7,16,106,30,34,43,194,
106,
15,
15,122,
155,54,
125,161,11,153,
195,
54,
15,
122,155,
31,11,153,
15,155,161,153,
153,
54,148,93,
195,
15,122,155,153,
54,153,
15,155,125,153,
15,190,153,
190,
54,11,
155,
153,
153,
153,
195,
54,
91,153,167,93,
15,54,148,
148,11,153,
122,54,153,
195,
101,
52,
56,57,
156,
156,
156,188,
52,
156,188,
52,
1,43,45,49,50,51,52,53,130,16,66,69,178,13,112,26,35,200,196,
44,188,
1,12,49,50,52,53,16,69,72,117,10,101,98,196,96,
156,
197,
54,
197,
197,
197,
197,
197,
197,
197,
197,
137,
197,
197,71,
197,
197,
197,
197,
197,
197,
155,
137,
197,
197,
197,
54,
197,
197,
197,
200,
197,
11,
11,
114,
136,
11,61,90,
11,
102,
198,201,
11,2,
133,134,156,192,198,201,206,65,173,125,64,70,80,
134,157,192,198,201,65,125,69,70,64,
120,
102,
134,157,192,198,201,125,70,64,80,
198,201,
90,
198,201,
201,
120,
134,156,198,201,206,
133,134,156,198,201,206,65,74,76,64,
198,201,
120,114,
136,
11,137,193,
198,201,
11,
102,
133,134,156,157,192,198,201,206,65,173,167,125,168,70,64,
11,114,
138,14,200,96,139,
139,
134,204,199,
126,
154,
138,124,96,107,200,
154,
61,
86,
200,
200,96,139,
99,100,
67,147,
199,
188,
154,96,
22,200,139,
155,97,
147,
67,
107,200,139,
193,96,139,
139,200,111,
96,
61,96,
155,154,
147,200,96,
200,
137,41,184,142,
124,141,
137,90,142,
137,142,
156,
41,103,156,
41,142,
41,
41,33,65,76,
188,
124,65,106,
124,19,41,
106,103,
124,
6,65,90,142,
156,41,103,
124,137,90,
188,
124,90,142,
156,103,
41,
142,
156,
103,156,188,90,
188,
6,
124,
90,
124,90,142,
90,
136,
120,
136,120,
136,120,
136,
136,
201,167,
136,
201,
136,
201,167,
136,120,
136,
136,
167,173,168,201,
136,
201,
201,
201,
114,136,
11,
136,
201,
167,201,
201,
114,120,
136,
136,
120,
201,
54,113,
97,99,
99,
113,
54,99,
99,
113,99,
99,54,113,
99,113,
68,
113,
128,111,202,203,69,209,
82,97,99,113,
82,99,
99,54,113,
113,
54,153,113,
99,
161,54,153,113,
82,99,
104,50,99,46,113,
54,
111,202,203,
82,99,
99,
99,113,
82,99,
54,
153,167,
13,99,
82,54,
86,111,120,203,53,69,209,
99,54,113,
99,54,
82,
111,203,
113,
113,
113,
111,203,
82,54,
22,109,111,202,203,129,11,107,2,12,69,
113,
116,
111,203,
113,
99,101,
128,22,109,110,111,202,203,129,107,2,132,69,209,
82,
82,113,
111,203,
111,202,203,
82,54,113,
128,22,44,109,110,111,136,202,203,129,11,107,132,60,69,213,12,18,209,
99,113,
113,
82,
113,
111,203,
111,203,
106,
136,
200,139,
204,
204,
204,
120,154,
204,
114,190,
204,
204,
204,
204,
204,
200,154,96,139,
200,107,
150,157,
198,201,
204,
139,
156,198,201,206,199,204,
136,
190,
154,
204,
154,
199,
106,204,
174,46,
205,
205,69,127,
205,127,
205,
82,183,184,205,
46,
205,69,127,
205,
144,205,127,
137,
40,144,205,127,
144,205,40,
183,205,127,
174,
46,
205,127,
82,183,184,205,69,127,
205,127,
46,
46,
82,183,184,205,69,127,
144,205,69,127,
174,
127,60,138,82,143,144,168,183,184,205,210,164,149,40,160,182,64,97,51,177,148,165,72,68,211,
132,60,69,160,171,138,82,125,143,144,151,168,175,180,183,184,205,210,140,70,97,127,163,164,165,149,40,179,181,182,192,64,147,51,177,65,72,68,115,211,119,
174,137,
205,69,127,
205,
205,
11,
154,
11,
11,
134,156,192,198,201,206,65,62,64,70,
136,
201,
11,
156,198,201,206,204,
201,
11,
11,
137,
11,136,
134,201,125,
136,
11,
11,
201,
156,198,201,206,
154,
154,
133,134,156,192,198,201,206,65,173,125,64,80,
136,
53,
11,136,
11,193,
156,157,198,201,206,
156,198,201,206,204,199,
155,154,67,
23,188,67,
200,
129,
186,67,
145,
96,
193,
46,193,
155,
193,206,
41,33,
96,
67,100,102,
155,193,186,
207,
193,
186,
207,
41,
207,
137,90,
193,
155,
156,206,
145,
155,193,186,
174,
41,
155,
43,113,
102,106,114,
113,
102,
102,
113,
208,
102,43,
102,
43,113,
102,
102,
208,
102,
7,
102,
102,113,
208,
208,
106,
102,113,
102,113,
113,
102,
7,113,
113,
102,
113,
102,114,7,43,
106,113,
99,
113,
82,
82,54,113,
99,
82,99,
113,
209,
82,99,
99,
82,
82,99,113,
82,99,
82,
99,113,
82,99,113,
82,
82,113,
157,113,
99,
82,113,
157,
82,99,113,
99,
113,
82,99,
82,113,
82,99,113,
82,54,
157,99,
137,
81,137,
198,
137,
144,183,184,210,182,64,
144,183,184,210,181,64,
198,
137,
183,184,210,64,177,
183,184,210,64,
183,184,210,64,127,
174,
198,
198,
183,184,210,64,177,
144,183,184,210,182,64,
137,
155,183,184,210,64,
137,
198,
144,183,184,210,182,64,177,
137,
138,82,143,144,151,168,180,183,184,210,40,179,181,182,192,64,
198,
144,183,184,210,182,64,177,
137,
137,
144,183,184,210,182,64,
127,125,143,155,183,184,210,149,164,40,64,148,208,177,
137,
77,156,153,111,
156,
156,
156,
156,
153,167,
77,156,153,
188,156,
51,52,130,40,60,69,72,82,147,168,171,211,91,138,144,175,183,164,182,97,166,162,177,165,127,
162,140,51,127,144,168,183,211,97,64,
156,153,15,
188,156,91,
15,156,47,
156,
156,
77,161,111,
156,
77,156,153,
168,
156,
47,153,
155,47,153,
156,161,153,
47,156,
153,
156,
156,
156,161,
51,52,130,69,147,168,211,125,144,183,64,97,162,
11,137,43,
102,136,43,
102,114,43,
102,
113,
11,
127,149,120,63,64,148,208,212,
102,
43,
137,
212,64,
114,43,
43,
43,
120,183,212,149,64,63,208,
43,
102,43,
43,113,
11,
102,
83,113,
43,
113,
114,43,
102,43,
212,
11,137,
11,43,
11,114,
201,212,
102,99,
67,122,155,
82,49,54,
113,
113,
67,113,
15,67,122,
99,54,
122,
82,141,113,
13,153,
22,86,111,107,14,209,213,
99,
99,113,
82,13,
82,67,122,
128,22,44,109,110,111,202,203,129,107,213,209,
67,122,155,
82,
49,
99,
128,44,86,136,129,107,132,60,69,213,
82,15,122,155,
113,
113,
15,61,122,155,
54,
128,22,44,109,111,202,203,2,107,129,213,
7,
