4,
6,
6,
66,
6,
328,
6,
6,
6,
415,
43,
78,
43,
438,
8,
236,
66,
66,
6,
236,
125,
6,
6,
6,
6,
6,
6,
6,
6,
6,
66,
8,
8,
356,
178,
8,
8,
84,
8,
240,
133,
8,
179,
8,
181,
8,
63,62,55,362,
11,
181,
84,
187,
84,
8,
187,
179,
8,
9,66,
26,236,
43,236,
17,
245,257,
245,257,283,
8,
20,
14,
245,257,283,
125,
8,
245,257,
8,
8,
168,
245,257,
245,257,
8,
245,257,
63,362,
47,
47,
168,
8,43,
236,
236,
133,
17,
8,
14,
165,80,
8,
245,257,283,
245,257,283,
8,
8,
9,133,
20,
9,133,
13,
245,257,283,
8,43,
245,257,
8,
63,362,
245,257,283,
245,257,
8,
17,
143,
245,257,283,
133,
43,
84,180,
9,133,
181,
187,
8,
84,
17,
257,
8,
8,
245,257,283,
61,
187,
83,
181,
61,
84,
8,
72,
66,
8,
8,
84,
8,
8,
125,
43,
39,
39,
164,
29,
8,
438,
47,
8,9,
8,
8,
178,
125,
125,
125,
121,
135,
116,
135,
47,
125,
135,
116,
125,138,
38,118,
196,
121,
125,
47,
38,118,135,
132,
132,
135,
34,
125,
139,
139,
47,
116,
125,
132,
43,
143,
8,
9,358,
11,
180,
43,
9,
43,
178,
47,
43,
43,
43,
43,
8,
43,
43,
43,
8,
78,
63,62,362,
8,
187,
8,
43,
187,
43,
43,
223,
356,
43,
78,
8,
311,
311,
47,
47,
46,
62,
236,
47,
46,
47,
46,
125,
46,
311,
46,
116,
312,
312,
311,
47,
47,
311,
311,
47,
39,
438,
43,
39,
164,
181,
39,
84,
4,
9,
181,
8,
39,
63,362,
8,179,
236,
61,
39,
63,362,
62,
8,83,
8,
125,
236,
47,
8,
63,62,362,
66,
80,
66,
43,
438,179,
29,
66,
47,
66,
55,
236,
8,
63,62,362,
39,
47,
356,
8,
84,
8,90,
143,
356,
283,
8,
66,
178,
78,
39,
63,62,362,
8,83,
4,
66,
133,
438,
66,
8,
245,257,
8,
8,
63,62,362,
4,
8,
47,
47,
8,
164,
66,438,
17,
245,257,283,
8,
84,
245,257,
84,
8,
385,
8,
223,
8,
62,
8,
84,
283,
125,
83,
29,
47,
356,
223,
8,
72,
179,
223,
29,
62,
8,
8,
59,
47,
84,
63,362,
356,
72,
47,
8,
29,
63,62,55,362,
61,178,
164,
8,
47,
29,
223,
179,
78,
78,
78,
78,
78,
311,
78,
47,
311,
312,
66,
8,
168,
43,
77,
78,
78,
8,
8,
78,
47,
236,
168,
47,
8,
245,257,
8,
67,
39,
63,31,62,362,
43,
39,
125,133,
8,
8,
133,
236,
8,
62,
55,
8,
8,
8,43,
187,
8,
84,
43,
179,356,
84,
47,
257,
356,
8,
84,
43,
43,
43,
62,
39,
331,
236,178,
181,
245,257,283,
43,
84,
331,
280,
8,
8,
39,
63,362,
8,
63,362,
43,
179,356,164,
356,
133,
63,362,
164,
331,
8,
63,31,62,362,
8,
8,
59,
66,
47,
55,
179,
63,362,
8,
63,62,
66,438,
8,
63,362,
61,
8,
63,362,
4,
61,
66,
8,
8,43,
84,
63,362,
43,
47,
47,
84,
61,
220,
84,
84,
39,
8,
8,
17,
8,
181,
179,356,
8,
181,
74,
178,
55,
179,
17,
356,
17,
8,
8,83,
8,
63,62,362,
43,
8,257,
43,
8,
26,236,
63,62,362,
8,
61,
8,
196,
84,
43,
8,43,
4,
80,
66,
66,385,
125,
125,
236,178,
236,
47,
47,
356,
223,
47,
187,
8,
63,362,
61,
164,
8,
8,
47,
168,
63,362,
8,
77,
125,
135,
125,
125,
38,118,
121,
38,118,
8,
84,
8,26,236,
236,
47,
62,
39,
283,
9,
125,
236,
125,
38,118,
125,
8,
181,29,
125,
84,
125,
438,
132,
116,
312,
125,
135,
125,
121,
116,
6,
132,
125,
125,
125,
125,138,
125,138,
38,118,
139,
139,
125,
8,
125,
379,
121,
38,118,
8,
11,
84,180,
11,
165,
125,
78,
125,
125,
125,
47,
116,
236,
236,
8,
312,
125,
139,
116,
125,
116,
125,
312,
125,
38,118,
116,
196,
116,
125,
125,
125,
135,
125,
38,118,
47,
125,
312,
337,
132,
135,
132,
38,118,
125,
125,
379,
34,
312,
47,
135,
8,
29,
125,
356,
245,257,283,
356,
223,
17,
8,
125,
78,
125,
135,
312,
236,
125,
125,
125,
121,
125,
125,
38,118,
121,
43,
132,
116,
8,
125,
356,
125,
116,
135,
116,
139,
38,118,
66,
8,
63,62,55,362,
43,
179,356,
47,236,
236,
196,
223,
66,
84,
179,356,
8,
61,
84,
8,
61,
84,
84,
181,
8,
84,
39,
181,
43,
132,
38,118,
125,138,
125,
125,
116,
181,
125,
139,
132,
125,
38,118,135,
132,
125,
38,118,
132,
132,
312,
125,
135,
132,
132,
38,118,
116,
125,
132,
125,
125,138,
38,118,
125,
121,
38,118,
132,
132,
116,
38,118,135,
38,118,135,
135,
116,
125,
125,
125,
125,
125,
116,
125,
38,118,135,
125,
125,138,
125,
125,179,
116,
151,
8,
38,118,135,
116,
132,
132,
38,118,
121,
125,
121,
8,
125,
125,
116,
38,118,
8,
125,
116,
337,
125,
125,
125,
121,
121,
132,
116,
116,
43,
8,
8,
181,
165,
77,
257,
8,
181,
29,
125,
77,
83,
8,
168,
8,
9,
165,80,
77,
62,
236,
55,
165,
8,
66,
165,80,
8,
8,
168,
47,
47,
47,
245,257,
164,
168,
83,
168,
8,
223,
63,62,55,362,
63,62,362,
63,62,362,
8,
168,
187,
62,
62,
43,63,29,362,
8,
179,
168,
8,
8,
39,
165,178,
47,
43,84,
187,
47,
168,
168,
8,
168,
39,
187,
245,257,
8,
8,
178,
84,
356,
179,356,
164,
39,
356,
83,
61,
356,
8,43,
29,
39,
39,
4,
66,
438,
8,
63,62,362,
187,
143,
187,
181,
187,
181,
356,
438,
356,
62,358,
236,
8,
8,
66,
61,
43,
39,
181,
356,
8,
245,257,
8,
356,
8,179,
178,
8,
63,62,362,
178,
8,
47,
8,
143,
8,
84,
62,
66,
39,
4,
66,
59,
187,
187,
43,
43,
84,
84,
84,
8,
84,
125,
125,
38,118,
125,
245,257,
8,
8,
240,179,
17,
9,
13,
236,
8,
165,80,
8,43,
84,
8,
17,
47,
14,
13,
17,
194,
8,
26,236,
236,
125,
356,
8,
8,
8,
125,
39,
125,
11,72,178,
26,236,
8,
116,
47,
125,
84,
223,
39,
61,
84,180,
180,
178,
257,
178,
61,
125,
84,
84,
356,
8,
6,
6,
6,
6,
6,
6,
6,
6,
6,
6,
438,
8,
223,
179,356,
62,
84,
8,
8,
47,
63,62,362,
43,
84,
8,
47,
43,
63,
8,
8,
8,
47,
47,
62,
66,
4,
6,
8,
63,62,362,
356,
8,
11,72,178,
187,
84,
29,
17,
179,236,
61,
66,
62,83,
257,283,
63,62,362,
223,
236,
164,
47,
47,
236,
8,
63,
8,
63,362,
63,62,362,
83,
165,178,
257,
121,
121,
121,
121,
121,
121,
216,
121,
121,
216,
181,
8,
438,
236,
8,
187,
9,
181,
8,
4,
11,178,
223,
63,62,362,
63,62,362,
63,62,362,
63,
84,
8,
223,
438,
4,
61,
223,
223,
223,
223,
223,
62,
245,257,
178,
61,
257,
223,
6,
6,
6,
6,
5,
6,
6,
6,
6,
6,
6,
63,62,55,362,
62,
8,
29,
143,
63,181,362,
47,
245,257,
8,
8,
236,
178,
8,
39,
66,438,
84,
8,
187,
47,
133,
47,
164,
245,257,
43,
356,
43,
29,
8,
83,
63,
257,
8,
62,358,
61,
43,
181,
236,
43,
179,
39,
236,
8,90,
133,
47,
61,
29,
179,356,
63,165,62,362,
187,
4,
8,
8,66,179,236,
8,
63,62,55,362,
63,362,
47,
8,
236,
187,
143,
438,
8,
181,236,
9,
236,
47,
438,
133,
63,362,
29,
80,
438,
8,
84,
245,257,283,
8,
245,257,
4,
47,
47,
66,
62,
43,
43,
187,
236,
17,
43,
196,
236,
178,
236,
8,
179,
125,
121,
38,118,
311,
77,
59,
47,
8,
356,
8,
8,
168,
83,
72,
62,
8,
47,
236,
8,63,240,59,362,
236,
178,
47,
26,236,
223,
17,
8,
178,
62,
4,
62,
245,257,
4,
43,
178,
66,
179,
9,
133,
26,236,
8,
63,362,
8,
8,
47,
47,
8,
66,
125,
61,
43,
61,
178,
178,
178,
8,
245,257,
47,
245,257,283,
13,
43,
8,
47,
8,
133,
240,179,
133,
283,
13,
164,
8,
47,
39,
17,
20,
62,
8,
39,
223,
29,
8,
66,
29,
66,
8,
47,
178,
438,
164,
223,
43,
356,
187,
223,
84,
39,
39,
179,356,
84,
90,
116,
135,
125,
66,438,
116,
125,
125,138,
125,
116,
280,
88,
179,
179,
66,
13,
257,
8,
245,257,283,
17,
196,
257,
133,
17,
257,
58,
245,257,
356,
8,
17,
39,
257,
356,
84,
143,
39,
8,
63,362,
8,
196,
66,
133,
63,362,
63,362,
63,62,55,
61,
179,356,
125,
132,
125,
38,118,
312,
133,
84,
90,
84,
26,236,
236,
83,
84,
236,
179,
39,
179,
181,
8,
257,
8,
8,
39,
181,236,
236,
245,257,
133,
61,
257,
26,236,
58,
47,
125,
47,
58,
8,
181,
62,
43,
8,
84,
196,
8,
356,
61,
61,
8,
133,
356,
8,
8,
8,
47,
43,
196,
118,
8,
356,
66,
179,
63,362,
438,
66,
66,
8,
47,
8,
66,
125,
223,
223,
133,
257,
8,
29,
47,
223,
63,362,
125,
223,
8,
61,11,178,
164,
8,
125,
29,
438,
8,
125,
311,
47,
311,
311,
312,
312,
78,
312,
8,
379,
151,
313,
312,
125,
312,
312,
125,
6,
38,118,
116,
139,
135,
125,
245,257,283,
8,
29,
133,
8,
179,356,
179,356,
179,
8,
179,356,
151,
216,
116,
181,
125,
132,
379,
125,
135,
125,
8,
125,
38,118,
236,
62,358,
187,
43,
8,43,
187,
187,
43,
43,63,362,
78,
8,
9,
8,
83,
29,
180,
181,
8,
84,
61,
8,
8,
39,
181,
6,
6,
6,
328,
6,
6,
6,
4,
6,
6,
6,
415,
6,
6,
6,
6,
6,
6,
1,6,
6,
6,
6,
1,230,
194,
29,
179,356,
8,
125,
125,
63,362,
11,
8,
63,66,133,362,
8,
8,
245,257,283,
311,
125,
312,
312,
135,
125,
379,
379,
379,
38,118,
8,
78,
47,
379,
379,
125,
379,
312,
379,
47,
63,362,
8,90,
66,
236,
8,
125,
8,
181,
133,
8,356,
179,356,
29,
135,
125,
121,
125,
379,
38,118,
312,
216,
312,
8,
6,
6,
6,
6,
6,
4,
6,
6,
6,
6,
6,
6,
6,
6,
4,
6,
6,
58,
58,
58,
58,
58,
58,
61,
47,
43,
66,
84,
257,
63,362,
236,
83,
178,
62,358,
179,
61,
9,
133,
179,
8,
84,
164,
164,
133,
84,
356,
179,356,
245,257,283,
181,
181,
356,
356,
8,90,
8,
43,
29,
8,
88,331,
84,
143,
84,
180,
178,
187,
181,
11,
90,
8,
438,179,
62,
223,
63,362,
8,
164,
164,
223,
438,
29,
8,
8,
62,358,
43,
29,
8,
356,
245,257,
63,62,362,
84,
223,
63,
62,
8,
133,
6,
6,
6,
1,415,
6,
164,
168,
9,133,
223,
62,
77,
8,
236,
8,
58,
58,
8,
125,
125,138,
38,118,
179,
223,
43,
8,
385,
47,
8,
178,
8,
66,
47,
63,362,
223,
8,179,
179,
178,
58,
132,
132,
139,
337,
379,
139,
379,
38,118,
84,
8,
63,62,
66,179,236,
8,
17,
43,
8,
43,
63,362,
13,
20,
257,
385,
438,
4,
116,
63,
29,
9,
236,
223,
223,
47,
311,
47,
379,
47,
135,
38,118,
132,
125,
8,
8,
312,
135,
59,
47,
179,
47,
133,
8,43,
8,
143,
181,
143,
61,
61,
8,
8,
47,
13,
8,
8,
245,257,283,
125,
8,
257,
125,
179,
311,
132,
125,
8,
2,66,438,
6,
6,
6,
6,
6,
4,139,
6,
6,
6,
6,
6,
6,
6,
6,
6,
6,
6,
132,
6,
6,
6,
139,
125,138,
125,
38,118,
312,
135,
125,
125,
132,
125,138,
125,
132,
121,
139,
312,
385,
8,
125,
8,
196,
62,
63,362,
9,
11,178,
8,
72,71,
356,
245,257,
63,181,362,
8,
187,
66,
43,
63,362,
312,
39,
8,
8,
187,
8,
8,
187,
236,
43,
6,
4,
6,
6,
6,
43,
63,62,362,
8,
168,
8,
9,62,
245,257,
8,
356,
168,
164,
168,
236,
8,
8,
168,
61,
63,362,
63,362,
47,
236,
164,
58,
47,
63,362,
63,62,362,
84,
178,
84,
88,
8,
181,29,
8,
179,356,
181,
8,9,
43,
9,133,
181,
180,
356,
178,
61,
47,
84,
181,
223,
66,
8,
72,
61,
223,
8,
133,
84,
8,
43,
8,
62,179,356,
236,
8,83,
47,
62,
8,
78,
125,138,
78,
311,
125,
29,
125,
133,
125,
438,
358,
236,
4,
245,257,
8,
179,356,
84,
179,
356,
121,
59,
187,
39,
8,
4,
84,180,
196,
29,
8,
125,
84,
236,
178,
8,
257,
356,
43,
8,
8,
143,
39,
8,
8,
196,
8,
8,
170,
356,
84,
143,
356,
356,
356,
8,
187,
66,
13,
245,257,283,
20,
6,
6,
6,
6,
6,
17,
8,
8,
39,
8,
61,
356,
356,
29,
125,
178,
143,
72,
178,
84,
84,
84,
84,
180,
295,
84,
8,43,
84,
179,
66,
178,
62,
77,
43,
84,
178,
178,
84,
72,
257,
43,
38,118,
116,
116,
125,
121,
38,118,
38,118,
34,
38,118,407,
312,
38,118,135,
125,
125,138,
216,
125,
379,
38,118,135,
125,
38,118,
125,138,
8,
331,
74,
26,236,
47,
29,
133,
63,362,
178,
90,
170,
61,
63,
8,
78,
311,
125,138,
236,
312,
4,
4,
1,
4,
245,257,283,
8,
13,
125,
8,
72,71,
8,
29,
187,
181,
181,
181,
63,181,362,
187,
181,
181,
63,181,362,
236,
125,
116,
132,
379,
8,236,
78,
125,
46,
311,
223,
178,
280,
121,
8,
29,
181,
178,
178,
8,
125,
107,
125,
356,
168,
11,
63,362,
223,
116,
8,
125,
132,
38,118,135,
125,
116,
132,
8,
62,
61,
245,257,
187,
187,
143,
125,
132,
125,138,
77,
164,
29,
121,
216,
121,
121,
121,
245,257,
125,
132,
125,
132,
132,
