4,9,63,358,
301,
1,330,
63,
4,9,63,358,
4,9,63,358,
5,
63,
4,9,63,358,
330,
107,
107,
47,
107,
107,
181,240,59,104,
107,
107,
107,
26,262,
107,
4,9,63,358,
63,
4,9,63,358,
4,9,63,358,
4,9,63,358,
0,
0,
0,
0,
4,9,63,358,
4,
4,
4,
4,
240,
4,
4,
4,
240,
82,
240,59,104,
53,
8,
4,
4,
4,
181,59,104,
240,
107,
107,
107,
181,59,104,
107,
61,
240,59,104,
107,
240,
82,
47,
82,
4,
181,59,104,
8,82,
4,
71,
71,
71,
4,
71,
240,
240,
9,358,
240,
46,
71,
240,
8,
47,
63,
71,
47,
46,
82,
4,
82,
51,
8,
4,
8,
46,
47,
47,
240,
240,
4,63,51,
240,
82,
4,
4,
4,
4,
181,59,104,
142,
4,
8,
181,59,104,
71,
71,
71,
8,
4,
181,59,104,
240,
4,
4,
107,
4,
107,
107,
240,
4,
240,
107,
107,
4,63,
181,59,104,
71,
240,
107,
107,
107,
107,
4,
4,
4,
4,
240,
4,
72,
181,59,104,
52,
82,
52,
240,
4,
4,
4,
148,
116,
135,
116,
123,
135,
373,
164,
353,391,
38,254,317,
59,104,
116,
353,
353,391,
116,
116,
156,
373,
116,
135,
373,
38,254,317,
116,
353,391,
116,
116,
82,
116,
116,
107,
240,
240,
181,59,104,
107,
82,
8,
61,
65,
52,
391,
353,
107,
181,59,104,
107,
107,
107,
63,
142,
240,59,104,
43,59,104,391,
107,
107,
4,63,
351,
61,
9,63,59,104,358,
4,63,
240,
4,63,
240,59,104,
181,59,104,
391,
107,
9,353,358,
59,104,
65,
8,
59,104,
8,
107,
47,
46,
47,
43,59,104,
51,
351,391,
134,
59,104,
43,59,104,
43,59,104,
43,59,104,
43,59,104,
43,59,104,
43,59,104,
43,59,104,
107,
8,
53,
53,
8,
82,
65,
107,
353,
4,
107,
107,
53,353,
82,
353,
353,
52,
47,
4,63,
107,
4,63,
53,
53,
82,
107,
8,
52,
4,
63,72,
164,
63,
82,
52,
8,
181,59,104,
141,
52,
63,
107,
240,
240,
351,
107,
107,
82,
65,
4,
51,
107,
240,
181,59,104,
53,
52,53,
240,
59,104,
353,
181,59,104,
181,59,104,
4,
8,
52,
4,
4,
4,
53,
82,
4,
82,
181,59,104,
65,
82,
181,59,104,
240,
240,
65,
8,
82,
53,
240,
107,
107,
4,
4,
353,
61,
181,59,104,
82,
181,59,104,
353,
353,
53,
8,
82,
8,
8,
82,
53,
47,
141,
141,
141,
141,
181,59,104,
8,
8,
52,
82,
181,59,104,
181,59,104,
47,
47,
181,59,104,
53,
8,
53,
107,
8,
8,
82,
8,
8,
116,
43,59,104,
43,59,104,
391,
391,
130,
59,104,
43,59,104,
43,59,104,
43,59,104,
8,
181,59,104,
82,
391,
391,
107,59,104,
59,104,
59,104,
59,104,
59,104,
51,
46,
82,
181,59,104,
53,
52,
4,
71,
8,
4,
107,
181,59,104,
240,
240,
63,
107,
47,
353,
181,59,104,
80,
353,
82,
82,
4,
4,
240,
240,59,104,
240,59,104,
240,59,104,
59,104,
71,
4,
4,
4,
4,
9,63,59,104,358,
4,
4,
4,
240,59,104,
4,
4,
80,
8,
82,
353,
82,
63,
240,71,
351,
65,
240,
4,
4,
4,
4,
240,
63,
71,
181,59,104,
71,
4,
107,
107,
107,
240,
47,
240,
4,
53,
240,
107,
63,72,
107,
53,
53,
82,
107,
107,
61,
240,
107,
107,
47,
64,
107,
107,
181,59,104,
4,
61,
61,
61,
181,59,104,
240,
181,59,104,
353,
353,
82,
181,59,104,
8,82,
107,
107,
240,
240,
107,
181,59,104,
8,
82,
8,82,
82,
82,
82,
8,82,
240,
181,59,104,
107,
4,
240,
4,
4,
61,
181,59,104,
4,
107,
71,
107,
8,
53,
53,
373,
53,
64,
107,
46,
46,
52,53,
53,
52,53,
8,
52,53,
4,
52,
80,
4,
4,
4,
59,104,
4,
51,
181,59,104,
4,
132,
135,
38,254,317,
116,
123,
116,
353,
181,59,104,
4,
240,59,104,
52,
80,
65,
262,
4,
4,
82,
82,
38,254,317,
82,
38,254,317,
71,
8,
123,391,
82,
123,
148,
132,
116,130,
59,104,
135,
8,82,
116,
391,
82,
59,104,
132,
116,
82,
38,254,317,
353,
123,
391,
116,
8,
353,391,
8,
123,116,
116,
134,
38,254,317,
71,
240,
71,
8,
71,
353,391,
391,
119,135,
116,
116,
47,
391,
71,
80,
181,59,104,
59,104,
82,
63,
116,
135,
116,
148,
373,
132,
353,
116,
240,71,
8,
82,
8,
116,
148,
71,
148,
116,
353,
116,
59,104,
116,
148,
116,
351,
38,254,317,
353,391,
116,
353,
59,104,
353,391,
132,
4,
71,
71,
240,71,
240,
4,
9,358,
4,
123,391,
123,
82,
353,391,
116,
132,
38,254,317,
116,
116,
82,
148,
82,
116,
116,
116,
123,
391,
52,
8,
82,
353,
240,71,
116,
116,
82,
116,
123,
52,65,
4,
65,
8,
4,
63,
47,
52,
82,
52,53,
240,
4,
4,
4,
59,104,
4,
61,
4,
142,
4,
4,
8,
240,
52,53,
43,59,104,
134,
123,
116,
353,391,
116,
116,
240,71,
116,
116,
130,135,
116,
123,
132,
116,
353,
132,
38,254,317,
43,59,104,
148,
119,
148,
132,
135,
116,
135,
132,
353,391,
38,254,317,
116,
353,391,
116,
134,
116,
148,
116,
123,
116,
353,391,
116,
116,
116,
240,
38,254,317,
353,391,
71,
116,
116,
71,
353,
38,254,317,
63,
135,
135,
38,130,254,317,
116,
353,
116,
78,
116,
135,
135,
116,
116,
116,
116,
82,
116,
116,
116,
148,
123,
123,
353,391,
116,
135,
135,
116,
353,391,
82,
240,
4,
181,59,104,
181,59,104,
4,
82,
240,
64,
240,
82,
82,
391,
47,
51,
4,
8,
4,
181,59,104,
4,
4,
107,
4,63,
4,
240,
240,
181,59,104,
63,
4,
8,
46,
181,59,104,
181,59,104,
240,
134,
4,
63,
8,
53,
4,
47,
63,
63,
51,
82,
52,
8,
4,
52,
141,
72,
72,
4,
47,
107,
181,59,104,
181,59,104,
240,
107,
181,59,104,
63,
181,59,104,
181,59,104,
51,
240,
4,
43,59,104,
61,
240,
181,59,104,
262,82,
276,
4,
4,
107,
8,
82,
52,
52,
181,59,104,
47,
240,
71,
53,
141,
52,
52,
52,53,
4,
240,59,104,
240,59,104,
142,
4,
181,59,104,
107,
181,59,104,
107,
181,59,104,
47,
240,59,104,
107,
107,
61,
43,59,104,391,
82,
61,
4,
8,
240,
107,
107,
107,
240,
181,59,104,
107,
107,
240,
181,59,104,
4,
240,
4,
4,
61,
107,
107,
240,
107,
107,
4,
61,
240,
181,59,104,
181,59,104,
107,
181,59,104,
181,59,104,
107,
116,
135,
116,
116,
4,
181,59,104,
46,
47,
46,
46,
4,
47,
82,
240,
71,
142,
181,59,104,
71,
47,
8,82,
82,
82,
82,
181,59,71,104,
240,59,104,
80,
59,104,
71,
80,
71,
82,
123,
4,
82,
8,
4,
8,
59,64,71,104,
181,59,104,
116,
71,
240,
240,
61,
82,
4,
71,
4,
107,
4,63,
353,
71,
82,
82,
71,
4,9,63,358,
63,
0,
5,
0,
0,
4,9,63,358,
186,
4,9,63,358,
82,
82,
9,358,
8,
8,
240,59,104,
181,59,104,
4,
82,
47,
181,59,104,
8,
353,
4,
181,59,104,
4,
82,
240,
8,
181,59,104,
181,59,104,
181,59,104,
4,
8,
63,
26,262,
4,
4,
4,
4,
80,
4,
240,59,104,
82,
47,
47,
63,
82,
4,
82,
4,
82,
181,59,104,
264,315,
47,
8,
47,
71,
4,
181,59,104,
353,
4,
4,
4,
82,
353,
116,
116,
391,
65,353,
38,254,317,
123,
38,254,317,
353,
65,353,
240,59,104,
4,
8,
65,
4,
52,
4,
4,
107,
53,
65,
4,
107,
53,
353,
4,
53,
53,
4,9,63,358,
4,9,63,358,
52,53,
391,
107,
52,
4,
240,
107,
82,
240,
65,
80,
141,
53,
0,
0,
4,9,63,358,
4,9,63,358,
402,
0,
0,
0,
5,
0,
0,
107,
240,59,104,
240,
4,
353,
181,59,104,
8,262,
240,
47,
4,63,
181,59,104,
107,
240,
64,65,
353,
53,
4,9,52,63,53,358,
107,
181,59,104,
240,
47,
240,
61,
391,
240,
240,
181,59,104,
240,
240,
181,59,104,
181,59,104,
65,
52,53,
82,
107,
4,
107,
107,
107,
64,
181,59,104,
107,
181,59,104,
47,
80,
4,
107,
240,59,104,
53,
4,
144,
4,63,
240,
65,
80,
46,
353,
181,59,104,
4,63,
53,
4,
53,
181,59,104,
240,
181,59,104,
240,
240,
181,59,104,
52,53,
51,
240,
181,59,104,
4,
240,59,104,
8,
8,
8,
107,
47,
47,
107,
8,
4,
52,
4,
107,
107,
4,
240,
71,
71,
71,
240,59,104,
71,
116,
135,
116,
353,391,
82,
240,59,104,
52,
181,59,104,
65,
181,59,104,
63,
63,
47,
82,
4,
8,
47,
8,
53,
52,
4,
47,
51,
53,
63,
181,59,104,
8,
82,
8,
240,
8,
82,
8,
351,
240,
353,
181,59,104,
107,
116,
107,
8,
8,
8,
8,
8,
4,
71,
71,
181,59,104,
4,
61,
82,
4,
8,
181,59,104,
181,59,104,
181,59,104,
240,
82,
8,
181,59,104,
240,
64,
240,
8,
8,
8,82,
8,
8,
240,
47,
8,
46,
8,82,
107,
82,
181,59,104,
82,
4,
142,
61,
4,
52,
391,
181,59,104,
169,
4,
240,
4,63,
8,
240,
53,
8,
52,53,
53,
351,
240,
240,
96,
119,
116,
116,
240,
123,
116,
38,254,317,
82,
116,
82,
59,104,
8,
8,
4,63,
8,
8,
8,
4,
8,82,
8,
82,
8,
240,
71,
82,
82,
8,
8,
8,82,
134,
47,
82,
116,
240,59,104,
4,
61,
82,
71,
51,
107,
51,
107,
4,
107,
4,63,
107,
353,391,
132,
116,
82,
132,
107,
59,104,
4,
240,
4,
53,
107,
240,
107,
107,
240,
4,
107,
61,
107,
4,
80,
52,
4,
46,
181,59,104,
8,82,
82,
8,
4,
181,59,104,
46,
82,
82,
96,
4,
4,
240,
4,
164,
61,
240,
4,
4,
61,
240,
4,
61,
4,
4,
107,
61,
181,59,104,
107,
8,82,
8,
8,82,
8,
91,
63,
353,
4,9,63,358,
353,
116,
353,
116,
351,
4,9,63,358,
8,
8,
8,
82,
8,
8,
8,
8,
8,
8,
8,
8,
82,
82,
8,
8,
82,
8,
8,
4,
59,104,
96,
71,
43,59,104,
43,59,104,
43,59,104,
78,310,
71,
183,
373,
71,
43,59,104,
312,
312,
353,391,
78,
49,
123,
373,
373,
353,
116,
132,
148,
8,82,
71,
8,
82,
8,
8,
4,
4,
8,
82,
353,391,
353,
353,
82,
130,
116,
59,104,
116,
116,
353,391,
353,391,
353,391,
135,
181,59,104,
181,59,104,
240,59,104,
4,
4,
240,
240,59,104,
43,59,104,
4,63,
43,59,104,
4,
4,
4,
4,
4,
240,
53,
240,
53,
82,
4,
82,
61,
64,
5,
0,
0,
4,9,63,358,
63,
63,
141,
63,
4,9,63,358,
4,9,63,358,
63,
330,
1,330,
0,
47,
63,
4,9,63,358,
0,
47,
4,9,63,358,
0,
4,9,63,358,
63,
142,
181,59,104,
82,
71,
71,
240,
9,358,
107,
240,59,104,
240,59,104,
240,
4,
61,
164,
135,
373,
132,
116,
38,254,317,
373,
38,254,317,
353,
353,391,
353,
59,104,
373,
135,156,
59,104,
59,104,
38,254,317,
59,104,
116,
353,
4,
64,
240,
4,
4,
8,
240,
4,
4,
80,
82,
8,
116,
8,
38,254,317,
116,
116,
116,
132,
123,
132,
135,
5,
330,
0,
386,
0,
386,
63,
5,
63,
385,
116,
5,
63,
63,
0,
0,
91,
4,
82,
8,82,
4,
8,
4,
240,
80,
4,
4,
107,
181,59,104,
4,63,
4,63,
4,
4,
181,59,104,
53,
82,
53,
181,59,104,
4,
181,59,71,104,
181,59,104,
64,
4,
4,
240,59,104,
240,
4,
4,
4,
61,
4,
4,
59,104,
61,
4,
4,
240,
240,
61,
240,59,104,
240,
240,
181,59,104,
181,59,104,
4,
53,
240,59,104,
63,
82,
8,
8,
63,
4,
53,
3,
80,
52,
63,
61,
4,
181,59,104,
4,
8,
181,59,104,
4,
4,
4,
4,
82,
240,
8,
82,
8,
5,
63,
0,
330,
63,
240,59,104,
4,
240,
8,
240,
391,
240,
82,
63,
8,
9,52,63,358,
240,
240,71,
373,
373,
240,71,
53,
53,
53,
107,
53,
61,
4,
4,
8,
53,
82,
51,
8,
52,
8,
8,
132,
116,
116,
135,
164,
38,254,317,
373,
148,
8,
240,
65,
4,63,
65,
240,
59,104,
59,104,
63,
107,
240,
181,59,104,
181,59,104,
353,
8,53,
4,9,63,358,
4,9,63,358,
353,
52,
134,
4,9,63,358,
353,
52,53,
43,59,104,
65,
181,59,104,
240,
353,391,
116,
353,
78,
148,
164,
373,
49,
123,
47,
47,
8,
181,59,104,
181,59,104,
240,
4,
4,
240,59,104,
107,
4,63,
61,
4,63,
4,
71,
240,
181,59,104,
4,
240,
240,
107,
240,
240,
8,
59,104,
148,
353,391,
130,
353,
4,9,63,358,
5,
38,254,317,
148,
59,104,
38,254,317,
4,9,63,358,
373,
1,330,
63,
4,9,63,358,
0,
0,
4,9,63,358,
386,
0,
38,254,317,
116,
373,
59,104,
59,104,
116,
38,254,317,
135,
353,
132,
59,
116,
148,
353,391,
135,
148,
123,
116,
116,
148,
80,
4,
353,
80,
9,358,
4,
4,
240,59,104,
4,
240,
240,
240,
240,
107,
240,
240,
8,
8,82,
65,
43,59,104,
240,59,104,
107,
240,59,104,
107,
107,
4,
181,59,104,
181,59,104,
4,52,53,
4,9,63,358,
63,
5,
4,9,63,358,
63,
181,59,104,
4,
4,
164,
4,
4,
82,
181,59,104,
142,
8,262,
72,
353,
46,
46,
181,59,104,
4,
4,
8,
8,82,
8,82,
47,
82,
47,
47,
72,
107,
53,
9,358,
107,
107,
107,
4,
107,
80,
240,
240,59,104,
107,
4,
4,
107,
107,
4,
4,63,
107,
181,59,104,
181,59,104,
63,
107,
107,
4,
53,
353,
181,59,104,
240,
240,
240,
240,
240,
107,
107,
181,59,104,
107,
53,
71,
59,104,
38,
107,59,104,
164,
71,
142,
82,
82,
240,
240,
4,
181,59,104,
8,
107,
4,
4,
240,
240,
4,
353,391,
107,
107,
107,
107,
107,
82,
123,391,
71,
8,
82,
4,
80,
61,
8,
63,
240,59,104,
4,
4,
4,
4,
4,
4,
4,
240,59,104,
240,
4,
4,
4,
4,
4,
4,
4,
4,
4,
107,
107,
134,
240,59,104,
181,59,104,
63,
63,
141,
0,
5,
8,
8,
8,
47,
82,
240,
82,
8,
8,
82,
53,
53,
64,
59,104,
240,59,104,
240,
240,59,104,
240,
4,
61,
64,
61,
240,
65,
240,
63,
4,
63,64,
53,
4,
8,
4,
4,
52,
53,
134,
353,391,
353,391,
116,
240,71,
116,
116,
148,
82,
116,
123,
135,
353,391,
116,
38,254,317,
8,82,
116,
135,
38,254,317,
116,
8,
8,
4,
240,
4,
353,
4,
64,
107,
4,
4,
9,358,
80,144,
53,
65,
53,
82,
65,
116,
116,
63,
63,
47,
63,
8,
181,59,104,
8,
8,
82,
8,
8,
71,
240,
107,
107,
107,
61,
107,
107,
107,
240,
107,
116,
135,
59,104,
148,
391,
391,
59,104,
43,59,104,
391,
4,
4,
240,
116,
4,63,
52,53,
4,
240,
4,
107,
373,
107,
107,
53,
61,
8,
63,
82,
116,
148,
148,
116,
116,
135,
116,
353,
52,
4,
80,144,
4,
4,
181,59,104,
181,59,104,
353,391,
82,
353,391,
52,53,
240,
82,
148,
65,353,
4,63,391,134,
116,
130,
52,
116,
132,
116,
391,116,
391,
