0,197,199,
0,
0,197,198,
0,
0,1,197,199,
0,
0,
0,
0,
0,
0,197,198,
0,
0,
0,
0,
0,
0,29,
0,
0,
0,
0,
0,
0,
0,
0,
0,
0,
0,
0,
1,
1,
1,
1,
1,
1,
1,
1,
1,
0,1,
1,
1,
1,
0,1,199,
1,
1,
1,
0,
1,
1,
1,
1,
1,
1,
1,
1,
1,
1,
1,
1,
0,1,2,
2,
1,2,
3,
2,
2,3,5,176,
2,3,5,
2,3,5,
2,3,5,
0,1,2,
2,
2,5,
2,5,
2,5,
2,
1,2,3,5,
3,5,
1,2,4,6,5,7,
5,176,
5,
2,
2,
2,
2,198,5,
2,3,5,
2,3,5,176,
2,
0,1,2,3,5,
0,2,
2,3,5,
2,3,5,176,156,
3,
3,
3,
2,3,5,176,
3,
3,
3,
3,176,149,154,155,173,177,174,
3,
3,
2,3,5,
3,
3,
3,176,149,
3,
3,
3,
2,3,5,
3,
3,
3,
3,
3,
3,2,5,176,
3,176,
3,176,
3,
3,
3,
4,6,
4,6,
4,5,
4,6,5,
4,6,
4,
4,6,
4,
4,
4,
4,
4,6,5,7,
4,6,5,
4,
4,
4,
4,
4,
2,4,6,5,
4,
4,
4,6,7,
4,
4,
4,
4,
4,5,
4,
4,
4,
78,
5,159,
5,159,
0,1,2,199,3,4,6,5,78,
5,
5,
5,
2,3,4,6,5,78,
5,
5,
5,176,156,
5,8,
5,
5,
5,
4,6,5,
5,
5,
5,159,
5,
2,5,
2,3,5,
5,
5,8,
2,3,5,176,10,11,175,
5,
5,
0,2,80,3,5,78,77,75,
5,
5,78,
1,4,6,
6,
6,
6,
6,
4,6,7,
6,
6,
6,
6,
6,
6,
6,
6,
6,
6,
6,9,
6,
6,
6,7,
6,
6,
6,
4,6,
6,
6,
4,6,
6,
6,
6,
7,
7,8,9,10,
7,
7,9,
7,
7,9,
7,9,
7,8,9,
4,6,7,104,
7,9,
6,7,
7,9,
7,9,10,
7,9,10,
162,7,9,10,104,
7,
6,7,
7,
7,9,
5,7,
7,9,
6,7,9,
7,9,10,
5,7,
7,8,9,
7,
7,9,
1,4,6,7,8,9,
8,
8,
8,
8,
8,
8,
8,
8,
8,
8,
7,8,9,
8,
8,
8,
8,
8,
8,
8,
8,
8,
8,
8,
8,
8,
8,
8,
8,
8,
8,
8,
7,9,
9,
9,
9,
9,
9,10,
9,
9,
9,
9,
9,
9,
9,
9,
7,9,
9,
9,
9,
7,9,
9,
9,
9,
9,
7,9,
9,
9,
9,
9,10,
9,
9,
10,
7,9,10,104,
10,
10,
126,10,
10,
10,104,
126,10,
10,
10,
6,7,8,9,10,
10,
10,
10,104,
10,
10,
126,10,
126,10,
10,
10,
10,
10,
10,
10,
10,
10,
10,
10,
10,
11,
6,10,11,12,
11,
10,11,12,
11,
9,11,
13,14,
11,
11,13,14,
13,14,
11,13,14,
11,
11,
11,13,14,
11,
11,
11,14,
11,
11,
11,
11,
11,
11,
11,
11,
11,
11,
1,4,6,10,11,12,13,14,15,16,17,18,19,
11,
11,
126,9,10,12,13,
9,11,
9,10,12,13,14,
13,14,
13,14,
10,11,12,13,14,
12,
10,12,13,
9,
12,124,
11,
126,10,13,14,12,124,
12,124,
10,11,12,13,14,
9,10,12,
126,9,10,12,13,14,124,
0,1,3,4,6,20,9,10,115,11,12,13,14,17,18,19,112,114,113,116,
13,14,15,16,17,
126,10,12,124,
12,
13,14,15,16,17,
13,14,15,16,17,
10,13,104,11,14,12,15,16,25,
13,14,15,16,17,
13,104,14,15,16,
11,12,
13,14,
16,17,
16,17,
1,20,13,14,15,16,17,
1,4,6,13,14,
16,17,
13,14,
10,13,
13,14,
12,
10,13,
13,14,15,16,
13,14,
11,12,13,14,16,17,
7,9,10,11,12,13,14,42,124,
13,
10,12,13,
14,
10,13,104,
14,
13,14,
11,13,14,
13,14,15,16,17,
9,11,12,13,14,
14,
14,
11,13,14,
10,12,13,14,
12,
14,15,16,17,
9,11,13,14,42,
12,13,14,
6,11,12,13,14,
13,
13,14,
14,
14,
1,4,6,20,10,11,12,13,14,17,
14,
11,12,13,14,15,16,17,
13,14,15,50,47,
10,11,12,13,14,
14,15,16,17,
12,13,14,
14,
12,13,14,
14,
14,
13,14,
20,17,18,19,
15,
13,14,15,16,
20,18,
14,15,16,17,
15,16,17,18,19,
6,11,12,13,104,14,15,16,
16,17,18,19,20,
16,
15,16,17,
14,
20,14,15,16,17,18,19,
1,13,14,15,16,17,18,
20,15,16,17,18,19,
16,
20,18,
13,14,15,16,17,
1,20,13,14,15,16,17,18,
1,15,16,17,18,
1,14,15,16,17,18,19,
13,14,15,16,17,18,
1,20,15,16,17,18,19,
15,
13,14,15,16,17,
16,17,
1,15,16,17,18,19,
14,15,16,17,
15,16,17,
14,
13,104,14,15,16,25,
20,16,17,18,19,
16,17,
13,14,15,16,17,
16,17,18,19,25,
20,18,
15,16,17,18,19,20,
20,17,18,19,
16,17,18,19,20,112,113,114,
20,16,17,18,19,
16,17,
20,16,17,25,
16,17,18,19,20,
16,17,
20,16,17,18,19,
16,17,
16,17,
16,17,18,19,20,
19,
20,16,17,18,19,112,
15,16,17,
16,17,18,19,20,
19,
16,17,18,19,20,
20,16,17,18,19,22,
16,17,18,19,
1,20,16,17,18,19,
18,20,
16,17,
20,16,17,18,19,
20,17,18,19,
17,
17,
17,18,19,20,
17,
20,17,18,19,195,
17,18,19,20,
17,
20,17,18,19,
17,
17,
16,17,18,19,22,25,
15,16,17,18,19,20,
17,195,
20,16,17,18,19,112,23,
15,16,17,18,
17,
16,17,18,19,20,195,112,
17,
17,18,19,20,
17,
19,
17,
17,
17,18,20,19,
20,
17,
17,
17,
17,
20,17,18,19,
20,17,18,19,22,
20,18,22,
20,
16,17,18,19,22,25,
18,20,22,25,
20,18,
17,18,20,19,
17,18,19,20,22,109,
20,
20,18,22,
20,17,18,19,
16,17,18,19,20,
20,18,
20,143,142,145,18,23,148,26,149,
20,18,112,
18,20,
18,20,
18,20,
20,18,21,22,23,145,
20,17,18,19,
20,17,18,19,
18,19,20,
18,20,
18,20,
20,18,
17,18,19,20,
20,16,17,18,19,22,25,113,
20,18,
18,20,
19,
17,18,19,20,
17,
19,
19,
19,
19,
16,17,18,19,20,
20,16,17,18,19,22,
19,
19,
19,
19,
19,
17,18,20,19,
19,
1,20,17,18,19,
19,112,
17,18,20,19,
17,18,19,20,25,
17,18,19,20,25,113,
19,
19,
19,20,22,112,
19,
19,112,
19,109,
20,17,18,19,
19,112,25,
17,
20,
20,
20,
20,
20,
20,
20,
20,
20,
20,
20,
20,
20,
20,
20,
20,
20,
20,
20,
20,
20,
20,
20,
20,
20,
20,
20,
145,20,148,
20,
20,
19,20,21,22,23,24,25,27,113,
21,23,26,
20,19,
22,
21,23,
21,23,24,
21,23,
20,21,22,
20,19,
20,21,22,23,
21,
21,23,
21,22,23,
20,18,21,22,23,
20,21,22,23,26,24,25,
21,23,26,24,
21,26,23,24,27,
21,
20,21,22,23,
20,149,21,23,148,26,24,151,
149,20,21,23,26,24,27,29,
20,16,19,21,22,23,26,24,25,
19,20,21,22,23,
21,23,
21,23,
18,20,21,22,23,
20,21,22,23,
21,
21,23,
21,
20,19,22,112,23,24,25,
20,22,23,148,24,25,149,146,147,
22,23,24,25,
22,
22,23,24,25,
22,25,
16,17,18,19,20,21,22,23,24,25,27,113,
25,
22,
23,
23,24,
23,24,
22,23,24,25,
25,
22,23,26,24,25,151,
22,23,24,25,
22,23,24,25,
22,23,24,25,
22,23,
22,23,24,25,
22,23,24,25,113,
145,22,23,24,25,
20,19,21,22,23,26,24,25,
22,23,24,25,
22,23,24,25,
23,
22,
22,23,24,25,
19,22,
22,23,
23,26,
23,
23,
23,
23,
22,23,24,25,
20,23,148,
20,23,
23,
23,
23,
23,
23,24,
20,23,
23,
23,
23,
28,149,146,19,22,23,148,24,25,27,104,113,154,147,109,
23,
22,112,23,24,25,27,113,109,
23,
23,
20,
20,19,23,
23,
22,23,24,25,
25,
23,
28,25,27,
25,
142,22,23,26,24,25,
25,
22,23,24,25,
28,19,22,23,24,25,27,
28,24,25,27,
28,23,24,25,27,
25,
142,21,22,23,26,24,25,27,29,
23,24,
28,22,23,24,25,27,
23,24,25,27,
23,24,25,
28,22,23,24,25,27,
22,23,24,25,113,
25,
25,
25,
25,
28,23,22,24,25,27,
28,23,24,25,27,
28,22,23,24,25,27,
26,24,25,
28,142,26,24,25,27,29,
26,24,25,
28,22,23,24,25,27,113,
23,26,24,
23,22,24,25,
28,24,25,27,
25,113,
25,
25,
25,113,
25,
25,
25,
25,
25,
25,
25,
25,
25,
25,113,
25,
25,104,
25,
25,
25,
22,25,
25,
25,
25,
25,
25,
28,25,27,
115,146,19,22,25,113,109,
8,28,146,109,25,27,
25,
25,
26,
26,
149,148,26,
26,
26,
26,
26,
26,
26,
8,30,26,
26,
26,
26,
26,
26,
26,
26,
26,
149,26,
26,
149,148,151,26,
26,27,
26,
26,30,
26,
26,
26,
26,
26,
26,
27,
23,24,27,
27,
28,25,27,
27,
27,
23,24,27,
29,26,27,
30,27,29,
27,
27,
27,
27,
28,27,
27,
27,
28,25,27,
25,27,
27,
23,24,27,
28,27,
27,
28,27,
149,27,29,
27,29,
29,28,27,
24,27,
28,27,
28,24,25,27,
27,
28,
8,28,
28,
28,25,27,
28,
25,
142,28,
28,
28,
28,113,
8,28,142,148,27,29,31,
28,
28,
28,
28,
28,23,25,27,104,113,154,
28,25,27,
28,
25,
28,
28,23,
28,
28,27,
28,25,27,
28,27,
28,25,27,113,
28,
28,25,
28,149,109,
28,142,25,
29,
29,28,27,
151,25,8,28,27,29,30,
29,
29,177,
30,28,26,27,29,
29,26,27,
29,27,
29,30,27,
29,
29,30,27,
29,
29,
29,26,27,
27,29,
29,
29,27,
29,
29,
27,29,
29,
29,
30,28,27,29,
149,27,29,
29,
30,
30,
149,27,29,
30,
30,
30,
30,31,
30,31,
28,30,31,
30,
30,31,
30,
30,28,27,29,31,
149,30,
30,
30,
28,30,
30,27,29,
30,
30,
30,
30,8,28,25,27,29,
30,
30,
30,
30,
30,
28,30,31,
30,
30,
30,
30,
30,
31,
31,
31,
30,31,
31,
31,
31,
31,
31,
31,
31,
30,31,32,
31,
31,
31,
31,
31,
30,31,
31,32,
31,
31,
31,
31,
31,
31,
31,
30,31,
31,
31,
31,
30,31,32,33,34,
30,31,32,
32,33,34,
30,31,32,
30,31,32,33,34,
30,31,32,33,34,
30,31,32,33,34,
30,31,32,
30,31,32,33,34,
32,
30,31,32,33,34,
30,31,32,33,34,
30,31,32,
30,31,32,33,34,
30,31,32,33,34,
31,32,
30,31,32,33,34,
30,31,32,33,34,
30,31,32,33,34,
30,31,32,33,34,
32,33,34,
30,31,32,33,34,
30,31,32,
30,31,32,33,34,35,37,185,
30,31,32,33,34,35,
30,31,32,33,34,
30,181,31,32,
30,31,32,33,34,
30,31,32,
31,32,
32,33,34,
35,
32,33,34,35,37,
32,33,34,35,37,
178,33,34,35,37,38,
178,32,33,34,35,37,
35,
32,33,34,35,
35,
35,
32,33,34,35,37,
32,33,34,35,37,
35,
35,
32,33,34,35,
32,33,34,
32,33,34,35,37,
35,
32,33,34,35,37,
32,33,34,35,37,
35,
35,
35,
38,32,33,34,35,37,
35,
35,
178,35,72,
178,32,33,34,35,37,
35,
32,33,34,35,37,
38,178,32,33,34,35,37,
32,33,34,35,37,
35,
35,
32,33,34,
35,
38,33,34,35,37,
35,
35,
35,
38,32,33,34,35,36,37,
154,31,30,32,33,34,
32,33,34,
35,
32,33,34,35,36,37,
35,
30,31,32,33,34,
35,
178,35,
30,31,32,33,34,
35,
32,33,34,
32,33,34,
35,
32,33,34,35,37,
31,32,33,34,
33,34,
33,34,
149,32,33,34,35,37,
35,
35,
178,35,
35,
178,35,
178,35,
35,
35,
150,38,32,33,34,35,36,37,39,40,
35,
35,
34,35,
35,
35,
35,
35,
178,35,
35,
155,32,33,34,35,37,
152,32,33,34,35,
35,
38,34,35,37,
35,
35,
38,33,34,35,36,37,178,
35,
178,35,
35,
35,178,
35,
32,33,34,35,
38,37,
38,37,
38,37,
38,37,40,
38,37,39,40,
38,34,35,37,
37,38,
38,37,39,40,41,
38,36,37,39,40,41,
38,
39,41,
178,33,34,35,
37,
38,37,
152,178,38,32,33,34,35,37,
38,
38,37,
37,
38,36,37,39,40,
32,33,34,35,37,
38,35,36,37,39,40,
38,
38,37,39,40,41,
37,38,39,40,41,
37,
38,35,37,
38,34,35,37,
38,
38,37,
152,38,178,32,33,34,35,37,
37,38,
38,35,37,
38,37,
35,
38,34,35,37,40,
38,33,34,35,37,
38,37,39,40,41,
38,178,34,35,37,
38,34,35,37,
35,
178,33,34,35,37,38,
150,38,34,35,36,37,
33,34,35,37,38,
35,36,37,38,
38,33,34,35,37,178,
38,35,37,40,
38,178,34,35,37,39,40,41,42,
38,35,37,
38,
38,33,34,35,37,
38,32,33,34,35,37,
38,35,37,
38,178,34,35,37,
152,38,35,37,
37,38,
38,
150,38,
38,
37,38,
38,35,37,
38,35,37,
38,178,34,35,37,
38,37,39,40,41,
150,38,35,37,39,40,41,
38,34,35,37,
38,
38,
38,37,
38,
38,35,37,
38,34,35,36,37,
150,38,
38,
38,
38,37,
38,
37,38,
38,37,39,40,41,
38,36,37,39,40,41,
38,37,
38,
42,36,37,38,39,40,41,
38,35,37,
37,38,
35,36,37,38,39,40,
38,37,39,40,41,
38,37,39,40,41,
38,37,39,40,41,
42,38,37,39,40,41,
38,154,36,37,39,40,41,
38,36,37,39,40,41,
38,37,39,40,41,
42,38,37,39,40,41,
39,41,
38,37,39,40,41,
38,37,39,40,41,
38,36,37,39,40,41,
38,
38,36,37,39,40,
38,37,39,40,41,
37,38,39,40,41,
38,37,39,40,41,
38,37,39,40,41,
38,
38,37,39,40,41,
38,36,37,39,40,41,
38,36,37,39,40,41,
38,37,39,40,41,
37,38,39,40,
38,37,39,40,41,106,
38,36,37,39,40,41,
38,36,37,39,40,41,
38,39,40,41,
38,35,37,39,40,41,
40,
40,
40,
40,
40,41,
40,
40,
38,37,39,40,41,
39,41,
40,
39,41,
40,
40,41,
42,36,37,38,39,40,41,175,
40,
40,
40,
40,
40,
40,
40,
40,
42,38,37,39,40,41,124,185,
40,
40,
40,
38,37,39,40,41,43,
40,
40,
40,106,
42,39,41,44,
42,39,41,43,
42,
42,39,41,44,
42,39,41,44,
41,
39,41,
41,43,44,
39,41,
42,39,41,44,
42,
39,41,
39,41,43,
42,37,38,39,40,41,43,
39,41,
44,
39,41,43,
39,41,
41,43,44,
39,41,
39,41,
39,41,
39,41,
39,41,
42,44,
39,41,43,
42,39,41,44,
39,41,
42,
42,39,40,41,43,44,
42,
42,
42,
42,
42,
42,
42,
42,
42,
42,
42,
42,
42,
42,
42,
42,
42,
42,
42,
42,
42,
42,
42,
42,
42,
42,
42,
42,
42,
42,
37,38,39,40,41,43,
40,41,43,
43,
41,43,
43,
43,44,46,
42,40,41,43,44,46,
141,42,39,41,43,44,46,
39,41,43,
41,
42,39,41,43,44,
43,
43,
39,40,41,43,
40,41,43,
43,
41,43,
41,43,
39,40,41,43,
43,
42,39,41,43,44,
41,43,
37,38,39,40,41,43,
43,
41,43,
43,
42,39,41,43,44,
42,39,41,43,44,
43,
41,
42,39,41,44,
42,44,45,
42,
42,39,41,44,
42,44,45,
44,
42,44,
42,44,
176,42,44,45,
42,44,
42,44,
42,44,
42,39,41,44,
42,44,
42,
42,44,
42,41,44,45,
42,41,44,45,
42,44,45,
42,44,
42,
42,44,45,
42,
42,44,45,
42,41,44,
42,39,41,44,
42,39,41,44,
42,44,45,
44,
42,44,45,
197,45,196,
45,
42,45,
45,
45,
48,176,42,47,43,44,45,46,
45,
42,44,45,
48,45,46,
45,
45,
45,
197,45,196,
48,45,
44,45,46,48,
45,
48,45,46,
176,42,44,45,
42,44,45,
45,
45,
45,
45,
42,44,45,
45,46,48,
45,
42,44,45,46,48,
45,
1,2,197,45,196,
45,
45,46,47,48,
46,48,
48,44,50,46,47,
48,45,46,47,
3,48,42,47,43,44,45,57,46,
47,46,
3,48,45,46,47,
46,47,
48,46,47,
46,
45,46,47,48,
48,50,44,45,46,47,49,52,
42,44,45,46,
47,46,
48,47,50,46,
48,45,46,
45,46,
48,43,44,46,47,50,123,
42,43,44,45,46,47,48,
48,46,
45,
46,48,
48,47,46,
3,48,42,43,44,45,57,46,
45,
46,47,
48,46,47,
11,42,43,44,45,57,46,47,48,
46,48,
44,46,
44,
48,44,46,47,50,
47,44,46,
47,
123,
47,
45,
47,123,
124,43,185,47,123,
47,
47,
124,123,
126,124,43,185,123,121,122,
47,
47,
47,
48,44,46,47,50,
47,123,
48,46,47,
47,
46,47,
47,43,123,
124,43,185,47,123,
48,
48,
48,
48,
48,
48,
48,
48,
48,
48,
48,
48,
48,
48,
48,
48,
48,
48,
48,
48,
47,46,48,50,
48,
48,
48,91,
48,91,
48,
48,
48,
48,
48,
50,49,
50,49,
49,50,
49,50,
49,50,
49,50,
49,50,
50,49,
50,49,
49,50,52,
50,49,52,
50,49,
49,50,52,
49,50,52,
49,50,52,
49,50,
50,49,
48,50,46,47,49,
49,50,52,
49,50,
49,50,51,52,
52,50,49,
50,46,48,47,49,
50,49,52,
50,49,
49,
49,50,52,
49,50,
49,50,
49,50,
47,
48,47,46,49,50,
49,50,
50,
48,
170,48,50,46,47,49,
48,50,46,47,49,
50,
48,46,47,49,50,
48,
48,50,47,49,
48,
47,
48,
170,50,
50,
50,
50,
48,
50,
50,
48,50,46,47,49,
3,170,48,50,47,49,
50,
48,50,47,
48,46,47,49,50,
48,50,47,
48,50,46,47,
48,46,47,50,
170,50,49,
51,
178,51,
51,
178,51,
178,51,
51,
51,
178,175,51,
178,51,175,
51,
178,51,
51,
178,51,175,
178,51,
51,
178,51,72,
51,
51,
51,49,52,
51,
51,
178,51,
178,51,
51,
178,51,
51,
51,
49,
51,
178,51,
82,52,
52,
53,
58,169,52,53,54,55,82,56,
52,82,
52,53,
52,
52,53,
52,
50,
82,52,
52,
58,82,59,52,53,54,55,56,61,62,63,64,
58,52,53,
58,52,54,55,
82,52,61,
49,50,52,
52,
52,
52,53,
52,
52,
52,
82,52,54,55,
52,53,56,
52,
52,
52,53,
169,52,
82,52,54,55,
53,
52,53,
53,
53,
67,53,118,
53,
53,
53,118,
53,
53,118,
53,
53,
53,
53,
126,52,53,56,
52,53,56,
53,
53,
118,
52,53,56,
53,118,116,117,
53,
53,
52,53,
52,53,
53,
53,
53,
53,
53,
58,82,53,54,55,56,57,61,
56,
52,
58,59,52,54,55,56,60,187,
58,82,59,52,54,55,56,
58,82,52,53,54,55,56,
52,
56,
82,53,54,55,
56,
58,53,54,55,59,
58,144,82,59,52,54,55,57,61,62,
58,82,59,53,54,55,56,
56,
58,52,53,54,55,56,
58,53,54,55,82,56,
53,
58,52,53,54,55,56,
52,53,54,55,
56,
58,
58,
52,56,
58,59,52,53,54,55,56,
53,54,55,
126,52,53,54,55,
58,82,53,54,55,56,57,61,
58,56,
56,
58,53,54,55,
56,
58,
58,
58,53,56,
58,82,52,55,56,
58,82,52,55,56,61,
58,
58,55,56,61,
57,52,54,55,61,79,
58,55,56,
58,55,56,61,
58,
58,
58,55,56,61,
82,
58,59,
58,82,52,55,56,
58,82,52,53,54,55,56,
82,52,53,54,55,
58,55,56,59,
11,57,52,54,55,
58,
58,11,59,52,54,55,56,61,62,
42,82,57,54,55,59,60,61,
56,
56,
58,
56,
56,
58,155,59,56,61,62,
56,
56,
56,
56,
59,53,56,
56,
58,
56,
56,
56,
126,56,
56,
58,59,56,
58,59,55,56,
56,
56,
56,
58,59,55,56,
53,56,
56,
56,
56,
56,
56,
57,
57,
57,
57,
57,
57,
57,54,55,
57,
57,
57,
57,
57,
57,
57,
57,
57,
57,
57,
57,
57,
57,
57,
57,
57,
57,
57,
57,
59,57,60,
57,
57,
58,59,
58,
58,
58,59,
58,
58,
146,58,
58,
58,
58,
58,
58,82,59,52,55,56,61,
58,
144,58,82,57,52,53,54,55,59,61,62,
58,
58,82,61,
58,
58,82,59,
58,82,52,
58,82,
58,
58,82,52,54,55,56,59,61,
58,
58,52,
58,
58,144,
58,
58,
58,59,
58,
58,59,
59,
59,
59,57,
58,59,61,62,
55,59,
59,
59,60,
59,58,61,62,
59,
58,59,61,62,
58,59,
59,
59,
59,
59,
59,58,61,62,
59,
59,
59,
59,
59,61,62,
59,
59,57,61,
59,
58,59,61,62,
58,59,
59,
59,
59,
60,71,
60,71,
60,
60,
60,
60,
60,
60,
60,
60,
60,
60,
60,
60,
60,
60,
60,
60,
60,
60,
60,
60,
60,
60,
60,71,
60,
60,
60,
60,
60,
63,60,61,62,
82,61,
61,62,
57,61,62,
82,61,
61,
82,63,60,61,62,64,
61,
61,
61,
61,
60,63,82,61,62,64,
61,
82,61,
60,61,62,63,
82,
82,61,
82,61,
63,60,61,62,
60,63,61,62,
60,61,62,63,64,
58,82,61,
58,55,82,57,59,61,62,
82,61,
61,
58,82,54,55,59,61,62,64,
61,
60,61,
82,60,61,62,63,64,
63,
60,61,62,63,
61,62,63,64,65,
61,62,
63,61,62,
61,62,
60,63,61,62,
60,63,61,62,
61,62,
60,61,62,63,71,
61,62,63,
60,63,61,62,
61,
61,62,
61,62,
63,60,61,62,64,
60,61,62,63,
60,63,61,62,
60,63,61,62,
58,59,61,62,
63,61,62,
61,62,
58,59,61,62,
63,61,62,
61,62,
60,61,62,63,
60,61,62,63,
63,61,62,71,64,65,66,
63,60,61,62,
63,
63,61,62,
63,
63,
82,61,
67,60,63,71,64,65,66,73,
61,62,63,64,
63,
60,77,61,62,63,71,64,65,66,
61,62,
63,61,62,60,64,
64,
63,
63,60,61,62,
61,62,
63,
60,63,61,62,64,
61,
64,
63,64,
63,
61,62,63,71,64,65,
63,60,61,62,64,
63,
61,62,63,64,
61,62,63,71,
60,177,63,72,61,62,64,66,
63,61,62,64,
63,60,61,62,64,
61,
63,61,62,64,66,
60,63,71,64,65,
67,61,62,63,71,64,65,66,73,
63,61,62,64,
63,72,61,62,64,66,
61,62,63,64,
60,61,62,63,64,
67,61,62,63,64,73,
63,61,62,64,
26,63,61,62,64,66,
61,62,63,64,65,
64,
61,62,63,71,64,65,66,
63,61,62,64,66,
61,
67,64,65,66,68,69,70,
63,61,62,64,
60,63,64,65,
63,61,62,71,64,65,66,
63,61,62,64,
61,
61,
60,61,62,63,
67,63,61,62,64,65,
64,
61,62,63,71,
61,62,63,64,
61,
63,61,62,64,65,
64,65,
64,
63,61,62,64,
67,
64,65,66,
67,
67,66,68,
70,63,72,61,62,71,64,65,66,68,69,
67,
67,
67,
61,62,63,71,64,65,66,
70,66,68,69,
67,
70,64,65,66,68,69,
70,64,65,66,68,69,
64,65,66,
67,
64,65,
29,67,64,65,66,68,69,
67,64,65,66,68,69,70,
67,70,64,65,66,68,69,
64,65,66,68,69,
64,65,
63,61,62,71,64,65,
67,
67,
67,
64,65,
67,64,65,66,
61,62,63,71,64,65,66,
67,
67,
67,64,65,66,68,69,70,
67,70,66,68,69,
67,66,
67,
67,70,66,65,68,69,
67,64,65,66,68,
67,66,
67,64,65,66,68,
71,66,67,
67,66,68,69,70,
67,66,68,69,
67,64,65,66,68,69,
67,66,
67,66,68,
67,70,66,68,69,
67,64,65,66,
67,70,66,68,69,
67,65,66,
67,66,68,69,70,
67,65,66,68,69,70,
67,66,
67,64,65,66,
67,65,66,68,69,70,
67,66,68,69,70,
67,66,68,
67,70,65,66,68,69,
64,66,
67,66,
67,65,66,68,69,
67,70,68,69,
67,
67,
67,
67,
67,
67,
136,67,
67,
67,
67,
67,
67,
67,70,66,68,69,
136,67,
67,
67,
67,
67,
67,
67,
67,
67,70,66,68,69,
67,
67,
67,
67,
67,
67,
67,
70,71,68,69,72,
67,70,66,68,69,
67,70,68,69,
67,70,68,69,
70,
67,
67,
70,
67,70,68,69,
67,68,69,70,
67,66,68,
70,71,68,69,72,
70,
67,70,68,69,
67,66,68,69,70,
70,
136,67,29,70,72,71,68,69,
70,
67,
70,
70,71,68,69,72,
67,
70,66,67,68,69,
67,70,68,69,
67,
71,67,68,69,70,72,
67,70,68,69,
70,72,71,69,
67,70,71,66,68,69,
67,70,72,71,66,68,69,
69,
69,
70,67,68,69,
70,69,
69,
70,71,69,72,
69,
69,
70,72,71,69,
69,
67,70,72,71,68,69,
70,71,68,69,72,
69,
69,
69,
71,68,69,
69,
70,72,71,69,
70,71,68,69,72,
69,
67,71,66,68,69,70,72,
69,
71,68,69,70,72,
70,72,71,69,
69,
67,70,82,118,71,64,65,66,68,69,72,76,73,
69,
70,
70,72,71,68,69,
70,
70,
70,
70,
70,
70,
70,
70,
70,
70,
70,
70,
70,
70,
70,
70,
70,68,69,
70,71,68,69,72,
70,
70,72,71,69,
70,
70,
70,68,69,
70,
70,
70,
70,
69,70,
60,71,
71,
71,
60,71,
71,
71,
60,71,
71,
71,
70,72,71,69,
71,
70,71,69,72,74,
71,
70,71,68,69,72,
71,
71,
71,
71,
71,
72,71,69,
71,
71,69,70,72,
71,
72,71,69,
71,
71,
71,
71,
71,
70,72,71,69,
72,
72,
72,
72,
72,
108,72,
72,
72,
72,
72,
72,
72,
72,
72,
72,
72,
72,
72,
72,
72,
72,
72,
72,
72,
72,
72,
72,
72,
72,
72,
82,61,73,79,80,81,
82,70,76,73,74,75,
73,
76,73,74,75,77,
72,73,
70,72,71,69,73,
80,82,70,60,77,61,63,76,73,74,75,78,79,
67,70,73,
82,73,79,80,
73,
72,73,
74,75,
72,73,
82,61,73,79,80,
78,70,76,73,74,75,77,
78,109,73,74,75,76,77,81,111,
72,74,
72,73,
73,
82,
76,73,74,75,77,
80,82,70,76,73,74,75,77,79,
72,76,73,74,75,
78,60,77,70,76,73,74,75,
77,72,74,
73,
73,
76,73,74,75,
73,
72,76,73,74,75,
74,75,
72,76,73,74,75,
74,
74,
74,75,
74,75,
74,
74,75,
70,72,71,69,76,73,74,75,
74,
72,74,
70,76,73,74,75,
76,73,74,75,
76,73,74,75,77,
70,74,
77,71,69,70,72,74,
74,
74,
74,
72,74,75,
77,76,74,
76,74,75,
74,
72,69,71,74,75,
74,75,
74,
70,74,
72,74,
70,72,71,69,74,
57,77,76,73,74,75,79,
75,
75,
75,
75,
75,
75,
75,
75,
75,
75,
75,
75,
75,
75,
75,
75,
75,
72,74,75,
75,
75,
75,
75,
75,
75,
75,
75,
75,
75,
74,75,
75,
76,74,75,
72,76,74,
72,76,74,
108,72,77,76,73,74,75,
72,76,
70,71,69,72,76,
71,69,72,76,73,
72,76,
72,76,
75,
69,
76,
71,69,70,72,76,
71,76,
80,67,70,66,68,69,76,73,85,74,75,77,79,
72,
76,
72,71,69,76,
70,71,69,72,
77,76,74,75,
76,
70,69,
71,69,72,76,
71,69,72,
72,73,
76,
72,71,69,70,
77,75,
77,79,
77,
77,
77,
77,
78,77,
76,73,74,75,77,
77,
75,77,
77,
76,73,74,75,77,
77,75,
77,75,
77,76,73,74,75,
75,77,
75,77,
77,
76,73,74,75,77,
75,77,
77,76,74,75,
77,
77,
77,
77,
77,
77,76,73,74,75,
77,75,
76,73,74,75,77,
77,
78,
78,
78,77,75,
78,
78,77,
78,
78,
78,75,77,
78,
78,77,
78,
78,
78,
78,
78,75,77,
78,
78,75,77,
80,78,82,77,61,76,73,74,75,79,81,111,
78,
78,
78,
80,78,75,77,79,
78,77,76,73,74,75,
5,78,
78,77,
78,
78,77,75,
78,
78,
78,
79,
80,
80,79,
80,79,
80,82,79,81,
80,78,77,79,
80,82,79,
80,82,79,
80,82,79,
80,78,77,79,
80,78,82,77,76,73,74,75,79,
78,77,
80,82,79,
80,82,79,
80,79,
80,79,
80,79,
80,79,
80,79,
80,
77,79,
80,78,77,75,79,
80,79,
80,82,79,
80,79,
80,79,
80,79,
79,
80,78,77,79,
80,79,
80,
80,
0,80,
80,82,79,
80,
80,
80,
80,
80,
80,
80,
80,
80,
80,82,79,
80,
80,
0,80,
80,79,
80,
80,
80,
80,
80,
80,
80,
80,
80,
80,
80,
80,
81,
81,
81,84,111,
81,
81,
81,
81,
81,
81,
81,
80,82,79,81,
81,
81,
81,
83,81,
113,114,75,81,
81,84,111,
81,
81,
81,
81,
81,
114,81,
81,
81,
81,84,111,
81,
81,
81,
83,75,81,84,111,
82,
82,
80,82,73,79,
82,
82,
80,82,79,
82,
82,
82,
82,
146,82,
82,61,60,73,79,80,
82,
82,
82,
82,52,
82,
82,
82,
82,
82,
82,
82,
82,
146,82,
82,52,
82,
82,52,
82,
82,
83,
83,84,
81,83,84,111,
83,
83,
83,
83,
83,
83,84,
83,
83,
83,
83,84,
80,81,83,
83,
80,83,81,
83,84,
83,
83,
83,81,
86,83,84,
83,
83,
83,
83,
83,
83,
80,82,83,79,81,
83,
80,83,81,
80,83,86,85,81,84,112,
112,84,
84,
84,
83,84,86,
81,
84,
84,
83,84,85,86,
86,112,83,81,84,85,
84,
83,86,84,
84,
84,
84,
83,84,
80,83,86,85,81,84,
84,
80,86,83,85,81,84,
86,83,84,
84,
83,
83,
84,
128,83,135,86,70,85,81,84,
80,83,81,84,
83,86,81,84,85,
84,
80,83,81,84,86,
84,
87,86,70,83,85,84,89,
165,83,85,84,86,
67,70,68,69,85,
70,85,
85,
92,67,70,68,69,85,
87,86,85,84,89,
128,83,170,81,84,85,86,
70,85,
87,
86,83,85,84,
87,
87,86,85,84,
85,
87,86,167,84,85,
84,
87,
128,86,84,85,
87,
133,134,135,87,
83,87,86,88,89,
86,
85,
86,83,85,84,
87,
70,85,
70,
85,
86,
86,
86,
86,
86,
135,86,
86,
87,86,88,
86,
86,
86,
87,86,
0,80,83,86,84,
86,
86,
86,
87,86,84,85,
86,
86,
86,
83,84,85,86,
170,83,84,86,
86,
86,
86,
170,86,83,84,85,
86,
86,
86,
86,
87,
87,88,86,89,
87,
87,
87,
87,
87,
83,87,86,167,84,85,
133,135,87,
87,
87,
135,87,
87,86,83,167,84,85,
87,
87,86,89,
87,
87,
135,87,
86,
87,
87,
87,
87,
133,135,87,86,88,89,
87,
87,
133,87,
133,135,87,86,84,85,89,
87,
87,86,
88,
88,
88,
88,
190,88,
88,
88,
88,
88,
88,
88,
87,86,88,
88,
88,
88,
88,
88,
88,89,
87,86,88,
88,89,
88,
88,
88,89,
88,
88,89,
88,89,
88,
88,
88,
88,
89,
92,91,89,90,
89,
92,91,89,90,
92,48,94,91,89,90,
92,
89,
89,
89,
89,
92,170,91,89,90,
92,91,89,90,
92,94,91,89,90,
89,
89,
89,
89,
89,
89,
92,94,91,89,90,
89,
89,
92,91,89,90,
89,
134,87,88,86,89,
92,94,91,89,90,
89,
92,91,89,90,
89,
1,92,94,91,89,90,
92,91,90,
92,
92,91,89,90,
91,90,
91,90,
92,91,88,89,90,
92,91,88,89,90,
91,90,
91,90,
92,91,89,90,
92,91,89,90,
91,88,90,
91,90,
92,91,89,90,
92,91,90,
91,90,
92,91,90,
92,91,89,90,
91,88,90,
92,94,91,88,89,90,93,
92,91,90,
91,90,
1,92,48,94,91,89,90,
91,90,
91,90,
92,91,90,
91,
92,94,91,89,90,
92,91,89,90,
91,88,90,
91,
91,
91,
91,
91,
91,
91,
91,
91,
91,
91,
91,
91,
91,
91,
91,
91,
91,
92,91,
91,
91,
92,94,91,93,
91,
92,91,
92,94,91,90,93,
91,
91,
91,
91,
91,
92,
92,
92,
92,
92,
1,92,
1,92,
92,
1,92,
92,
92,
92,
92,
1,92,
92,
92,
92,
92,94,91,
92,
92,
92,
92,
92,
92,
1,92,
0,1,92,
92,170,91,
92,
92,
1,92,
92,134,94,91,93,
92,94,91,93,
92,134,94,91,93,
94,93,
92,94,91,93,
92,94,91,93,
92,94,91,93,
92,94,91,93,
92,94,91,93,
94,93,
92,94,91,93,
94,93,
92,94,91,93,
92,94,91,93,
94,93,
92,94,91,93,
92,94,91,93,
94,93,
91,
92,94,91,93,
92,94,91,93,
94,
1,92,134,94,157,93,
92,94,91,93,
92,94,91,93,
92,94,91,93,
92,94,91,93,
94,93,
92,94,91,90,93,
92,134,94,91,93,
94,
94,
94,
94,
94,
94,
94,
94,
94,
94,
94,
94,
94,
94,
94,
94,
94,
94,
94,
94,
94,
94,
94,
94,
94,
94,
94,
94,
94,
94,
97,99,
134,94,99,95,96,98,
134,94,137,96,95,
97,99,96,95,
134,94,95,96,
94,96,93,95,
4,92,134,94,96,157,93,95,
96,
94,
134,94,137,97,99,96,95,98,
99,98,
94,
92,134,94,137,97,99,96,157,93,95,
134,94,93,95,96,
134,94,137,97,99,96,157,93,95,98,
134,94,93,95,96,
95,
94,
92,134,94,96,157,93,95,
94,96,93,95,
94,
96,
94,
96,95,
97,99,
96,
99,
96,
96,
96,
96,
96,
25,96,
96,
96,
95,96,
94,96,
25,96,
92,134,94,99,96,157,93,95,
99,
134,94,137,97,99,95,96,98,
94,96,
94,137,97,99,96,
99,
96,
96,
99,107,
97,99,96,95,
97,99,96,
96,
97,99,
96,
96,
96,
96,
97,99,
97,99,
97,99,
97,99,96,
137,97,99,140,
137,97,99,
97,99,96,
97,99,
97,99,96,95,
137,97,99,
137,
97,99,
97,99,
97,99,
137,97,99,
137,97,99,
137,97,99,
99,
97,99,
137,
97,99,
134,137,97,99,
97,99,
97,99,
97,99,96,
134,137,97,99,
97,99,
134,137,97,99,96,
97,99,
99,
101,102,99,158,98,
101,102,99,98,100,
102,100,98,
4,101,102,99,100,98,
102,
101,102,
101,102,
137,99,
137,97,99,107,
102,
99,158,98,
102,134,87,94,110,137,97,99,140,105,25,96,104,108,95,98,100,103,106,107,
102,
137,97,99,95,96,98,
102,100,
102,98,100,
102,99,98,100,103,
97,99,
99,98,
101,102,100,98,
102,
102,97,99,96,95,98,100,
99,
102,98,100,
102,137,96,98,100,
102,137,96,100,98,
102,104,99,98,100,103,
102,94,137,97,99,25,96,95,98,
102,99,98,
137,97,99,
4,102,99,100,103,
99,
102,99,100,
102,99,100,
99,
99,
102,99,100,
102,99,100,
102,99,100,
99,
99,
99,
99,
137,97,99,105,
102,99,98,
99,
102,99,100,
137,97,99,
99,
99,
99,
99,
4,102,99,158,100,
102,99,100,
102,
99,
99,
99,
99,
99,
102,
102,137,97,99,96,104,95,98,100,
102,
100,
102,99,98,100,
102,99,100,
102,100,
137,97,99,
102,99,100,
100,
102,99,98,100,
97,99,
102,99,98,100,103,
102,99,100,
99,
102,99,100,98,
99,
100,
102,99,100,
102,137,99,105,96,98,100,
99,
101,102,104,99,98,100,103,106,107,
102,97,99,100,98,
4,101,102,137,99,96,104,100,103,
100,
99,
102,97,99,100,98,
102,137,97,99,105,96,104,100,98,103,106,107,
102,
101,102,
4,7,101,102,104,
101,102,
4,101,104,103,
4,101,102,104,
101,102,
101,102,104,103,
101,102,
101,102,
101,104,103,
101,102,104,103,
4,101,102,
4,101,102,
101,102,104,103,
101,102,100,
101,102,
101,102,137,105,104,103,106,107,
101,
101,102,104,103,
4,101,102,104,103,
101,102,104,103,
101,102,137,103,104,
101,102,
101,
101,102,
101,102,
101,104,103,
104,
4,101,102,
102,
102,
102,
102,159,
102,
102,158,
5,102,160,161,
102,
102,
102,
102,
102,
102,
102,
102,
102,
102,
102,
102,
102,
102,
102,
102,
102,
102,
102,
102,160,158,157,161,
102,
4,102,
102,
103,
103,
103,
103,
102,103,
105,104,103,106,
102,103,
102,108,103,106,
103,
103,
104,108,105,103,106,
105,104,103,106,
103,106,
105,104,103,106,107,
103,
103,
103,
102,103,
102,103,
103,106,
103,
104,105,103,106,
105,108,103,104,106,
105,
105,
102,103,
103,
106,107,
103,
104,25,
104,113,111,105,103,106,107,112,
101,102,104,99,25,103,
105,104,106,107,
19,112,104,113,111,114,
25,104,
104,
104,25,
104,
104,
104,113,
105,104,106,107,
104,
104,
104,113,
104,113,
112,104,113,114,
104,
110,108,107,109,
104,113,
25,104,111,106,107,
104,
104,113,111,105,106,107,112,
104,
104,113,
110,104,108,106,105,107,109,111,
110,104,113,108,105,106,107,109,
104,
104,
105,
105,
105,
105,
105,104,
105,
105,
105,
105,104,106,
104,105,108,103,106,
105,
105,
105,
105,
105,
105,
105,
105,104,106,
105,
105,
105,
105,
105,
104,105,103,106,
105,107,
105,
105,
105,
105,
105,
106,
110,106,107,
110,158,108,106,107,
108,103,106,
106,107,
106,
110,105,108,106,107,
108,106,
110,108,106,107,
106,
108,106,
110,106,107,
110,108,81,111,112,106,107,109,
106,
110,108,111,106,107,
106,107,
108,106,
108,106,
108,
106,107,
108,106,
110,108,106,107,
106,107,
110,108,106,107,
106,
106,
110,108,106,107,111,
108,106,
108,106,
110,108,172,106,107,
110,109,108,111,107,
110,104,105,109,108,103,106,107,
107,
105,107,
107,
110,108,107,111,
110,108,107,
111,107,
110,108,107,109,
110,108,111,107,
110,108,107,
110,108,107,
110,108,107,
111,107,
107,
106,107,
104,105,106,103,107,
110,108,111,107,
107,
111,107,
107,
107,
111,106,107,
111,107,
107,
110,108,111,107,
108,107,
107,111,112,
110,108,111,107,109,112,
104,113,106,107,111,112,114,
108,
108,
108,
108,
108,
108,172,
108,
108,72,
110,108,111,107,
108,
108,
108,
108,72,110,111,107,
108,
108,
110,108,111,
108,
108,
110,108,111,
108,
108,
108,
108,
108,
108,
108,
108,
108,
108,
108,
110,109,106,107,
110,112,109,
110,109,106,107,
104,108,105,106,107,
110,109,104,108,106,111,105,107,
110,111,109,
108,106,
109,
110,106,107,
110,112,109,
109,
108,103,106,
109,
108,110,111,109,
110,108,106,107,109,
110,109,
109,
87,110,109,108,106,107,
108,106,
110,109,106,107,
109,
110,108,111,107,109,
110,109,112,
109,112,110,81,106,107,
108,110,106,107,
110,109,106,107,
110,108,106,
110,108,111,
110,
110,
110,
110,
110,
110,
110,
110,
110,
110,
110,
110,108,111,
110,
110,
110,
110,
110,108,111,
110,
110,
110,
110,
110,
110,
110,
110,
110,108,111,
110,
110,
111,
110,
111,
75,111,
111,
111,
114,81,84,111,
111,
81,84,111,
111,
111,
110,108,75,111,112,
111,
111,
111,
111,
112,111,
111,
111,
111,
112,113,114,111,
111,
81,84,111,
111,
111,
111,
111,
111,
110,112,108,81,111,
75,111,
112,
112,
112,
112,
19,112,113,114,
112,
112,
112,
112,
112,
112,
112,114,111,113,
112,84,
112,
112,
19,112,
19,112,
112,
112,113,
19,112,
112,
112,
112,
112,
112,
112,
112,
112,
112,
112,
112,113,114,
113,
112,113,114,111,
114,113,
113,114,
113,
114,113,
113,
113,
113,
114,113,
113,
113,
113,
113,
113,
113,
113,
113,
113,114,
113,
113,
113,114,
114,113,
113,
113,
113,
113,114,
115,113,114,116,
113,
114,
114,
114,
114,
114,
114,
114,
114,
114,
114,
114,
114,
114,
114,
114,
114,
114,
114,
114,
114,
114,
114,
114,
114,
114,
114,
114,
114,
114,
114,
115,
115,
115,
113,115,114,111,112,116,117,
115,
115,
115,
115,113,114,
115,
115,
115,
115,
115,
115,
113,115,114,116,
115,
115,
115,112,113,114,111,116,117,
115,
115,
115,
115,
115,
115,
115,
115,
115,
115,
115,
115,
115,187,
115,113,114,116,
114,
114,116,
115,113,114,116,
115,113,114,116,
114,
115,113,114,116,
116,
115,
115,
115,
187,114,116,
115,113,114,116,
115,113,114,116,
116,
114,116,
115,113,114,116,
187,114,116,
114,116,
114,116,117,
113,115,114,116,
115,
115,113,114,116,
53,118,116,117,
115,113,114,116,
115,116,
115,
116,
115,113,114,116,
116,
114,
114,
114,
53,118,116,117,
113,
53,118,
8,115,187,116,
115,114,116,117,
53,118,114,116,117,120,
116,117,
8,115,113,114,116,
53,118,116,117,
115,
115,
115,
53,118,114,116,117,
115,113,114,116,117,
115,113,114,116,117,
114,
53,118,
187,53,113,118,
115,53,113,118,114,116,117,
118,
53,56,118,
118,
53,118,
118,
53,113,118,
118,
118,
67,118,
118,
118,
118,
53,118,
53,113,118,
118,
53,118,
53,118,
118,
115,118,116,117,
118,
67,53,118,
53,118,
53,56,118,114,116,117,120,
118,
118,
115,53,118,116,117,121,
53,118,
116,117,
187,
9,12,124,123,118,119,120,121,122,
118,116,117,119,
116,
185,187,118,119,121,122,
118,187,116,119,121,122,
187,119,
9,185,187,118,184,186,117,119,
185,118,184,187,119,120,121,122,
53,118,114,116,117,119,
119,120,121,122,123,
185,187,184,186,119,121,122,123,
118,119,
118,117,119,120,
119,
53,118,185,187,114,116,117,119,121,122,
187,114,116,117,118,119,
118,119,120,121,
53,120,
122,
115,113,114,116,117,
118,187,119,
187,53,118,114,116,117,119,121,122,
187,114,116,117,119,
115,187,116,
116,
120,121,
121,122,
123,120,121,122,
120,121,122,123,
119,120,
120,
124,43,185,184,125,187,118,119,120,121,122,123,
124,123,120,121,122,125,
121,122,
185,123,120,121,122,
118,119,120,121,122,
53,118,116,117,119,120,
118,119,120,
123,56,118,187,119,120,121,122,
118,119,120,121,122,123,
119,
124,125,
120,
120,121,122,
120,
118,119,120,
118,187,119,120,
124,123,121,122,125,
121,122,
119,
53,56,113,118,117,119,120,121,122,123,
56,118,119,120,121,122,
118,119,
124,118,119,120,121,122,
185,120,121,122,
121,122,
185,121,122,
121,
123,
124,125,121,122,123,
120,121,
43,124,185,125,120,121,122,
124,125,187,119,120,121,122,123,
124,121,122,123,
124,123,
184,125,119,120,121,122,
119,120,121,122,
124,123,125,121,122,
123,184,125,122,
121,122,
126,124,123,125,
124,
124,
126,124,43,185,123,125,120,121,122,
43,124,185,123,184,125,187,121,122,
120,121,122,
124,123,125,121,122,
12,123,120,121,122,
126,124,43,185,184,125,187,121,122,123,
118,
121,122,
124,
10,12,124,43,185,123,125,121,122,
124,121,122,123,
122,
124,49,123,120,121,122,125,
185,121,122,123,
124,125,
121,122,
124,125,122,
185,187,117,119,120,121,122,123,
124,123,125,121,122,
124,
123,119,120,121,122,
124,56,120,121,122,123,
124,
185,123,118,119,120,121,122,
126,123,122,124,
123,121,122,
53,118,187,116,117,119,
124,
123,121,122,
124,123,125,120,121,122,
123,120,121,122,
9,12,124,123,125,118,119,120,121,122,
121,122,
122,
124,123,125,121,122,
121,122,
124,43,185,187,123,184,125,121,122,
124,123,120,121,122,125,
124,123,125,121,122,
123,121,122,
124,123,
123,
124,123,
126,124,123,125,
124,123,
126,47,123,
124,123,125,
124,123,120,121,122,125,
123,121,122,
185,120,
124,123,120,121,122,
124,123,125,
122,123,
124,
124,123,
184,187,116,119,120,121,122,123,
124,123,
124,
124,123,125,120,121,122,
123,121,122,
124,123,
124,123,121,122,
123,
123,120,121,122,
126,124,123,125,
123,120,121,122,
126,124,123,121,122,
124,123,
124,43,
124,
124,
124,
124,
124,
124,
124,
124,
124,
124,43,185,
124,
124,
124,125,
124,
124,
124,
124,43,185,
126,124,
124,
124,
124,
124,
124,185,184,
124,
124,185,
124,
124,
126,127,124,123,125,
124,
126,124,125,122,
125,
125,
127,
126,125,
125,
126,127,124,125,123,
126,124,123,125,
128,126,127,51,175,125,
126,
128,126,127,125,
128,126,127,125,
127,
126,127,
126,127,125,124,
126,127,125,
124,125,
126,125,
125,
126,127,
124,123,125,121,122,
125,
126,127,124,125,123,
127,
126,127,125,
126,127,124,125,123,
126,
126,
126,
126,
126,
126,127,125,
126,
126,124,123,125,
126,
126,
126,124,
126,125,
126,125,
126,
126,
126,
126,
126,
126,125,
126,
126,
126,124,123,
126,
126,124,123,125,
126,
126,
126,125,
126,127,124,125,123,
126,
126,124,
127,
128,126,127,
128,126,127,
128,126,127,
127,
128,127,
126,127,
128,126,127,175,125,
126,127,
126,
127,
127,
127,
127,
126,127,
127,
128,127,
129,
128,126,127,
126,127,125,
128,127,162,
128,126,127,
127,
127,
127,
126,127,
127,
127,
127,
126,127,
128,
128,127,129,
128,
128,127,130,129,132,
128,
128,83,
128,
128,126,127,
128,
128,130,
128,127,
128,126,127,
128,83,130,86,81,84,85,
128,
128,83,
128,
128,
128,126,127,
128,127,130,129,
128,127,130,
128,127,129,
128,126,127,129,175,125,
128,
128,
128,127,
128,
128,83,
128,
128,
127,129,
128,127,129,
129,
128,130,129,
129,177,
129,177,
129,
127,129,
128,130,129,
129,
129,
129,
129,
130,129,132,177,
129,
129,
129,
129,177,
129,
129,
129,
129,
129,177,
130,129,132,
129,
129,
129,
129,
129,
129,
130,
130,132,131,133,
130,
130,132,
130,129,
130,132,131,133,134,135,
128,130,129,
130,
130,132,
130,132,131,133,134,
130,
130,129,132,131,133,
130,
130,132,131,133,
130,132,
130,129,
130,129,132,131,133,
132,
130,132,
130,132,
130,
130,133,134,135,
128,130,135,
130,
130,132,131,133,134,135,
130,129,132,
130,
130,132,131,133,134,135,
132,
130,
130,132,131,133,
130,132,131,133,
132,131,133,134,
132,131,133,134,
132,131,133,134,
132,131,133,134,
132,131,133,134,
130,132,131,133,134,135,
132,131,133,134,
132,131,133,134,
130,132,131,133,134,135,
130,132,131,133,134,135,
132,131,133,134,136,
132,131,133,134,136,
132,131,133,
132,131,133,
132,131,133,134,
132,131,133,134,
132,131,133,134,136,
132,131,133,134,
132,131,133,
130,132,131,133,134,135,
132,
132,
130,132,131,133,134,135,30,
130,132,131,133,134,135,
133,
130,132,131,133,134,135,30,
130,132,131,133,134,135,
132,131,133,
130,129,132,
130,129,132,
132,
132,
132,
132,
132,
132,
132,
130,129,132,
132,
132,
132,
132,
132,
132,
132,
132,131,133,134,
132,
130,129,132,
132,
130,129,132,
132,
132,
132,
132,
132,
132,
130,129,132,
133,30,87,
133,
133,
133,
133,
133,
133,
133,
133,
133,
133,
133,
133,
133,
133,
133,
133,
133,
133,
133,
133,
133,
133,
133,
133,
133,
133,
133,
133,
133,
134,
134,
134,
134,
134,
134,
134,
134,
134,
134,
134,110,
134,
134,
134,
134,
134,
134,
134,
134,
134,
134,
134,
134,
134,110,
134,
134,
134,
134,
133,
134,
133,134,135,136,138,139,
135,
135,
134,135,137,139,
135,
135,
135,
135,
133,134,135,136,138,139,
135,
135,
135,
134,135,139,
136,
134,135,94,137,
135,139,
133,134,135,136,137,
135,
135,
135,
135,
134,135,137,139,
136,
133,134,135,136,
135,86,
133,134,135,136,137,138,139,
133,134,135,136,138,139,
133,135,136,
134,135,137,
136,
136,
136,
136,
133,134,136,
136,
133,134,136,
136,
133,134,136,
136,
133,134,135,136,
136,
136,
136,
136,
136,
136,
136,
136,
136,
136,
136,
133,134,135,30,136,67,
136,
136,
136,
136,
133,134,135,136,
134,135,136,
136,
136,
137,97,99,
137,
137,
135,137,
137,
137,
137,
133,134,135,110,137,86,138,139,140,141,
137,140,
137,
137,
134,135,137,139,140,
137,97,99,
137,
137,
134,137,
137,
137,
137,139,140,
137,
137,
137,
137,
137,
137,
134,135,137,139,140,
137,
137,
137,
137,
141,
139,140,
140,141,142,143,
143,144,146,147,82,
142,
140,141,142,
142,
140,105,
133,137,138,139,140,141,142,149,
139,140,
141,42,
141,
142,143,
142,
141,
136,138,139,
137,139,140,138,141,142,42,
139,140,138,141,42,47,44,
137,139,140,
139,142,143,
140,
139,140,
139,
139,
134,135,137,139,140,
138,139,140,141,142,
139,
139,140,
138,139,140,141,142,143,
138,139,140,141,143,
139,140,
139,
139,140,138,141,143,
139,
139,140,141,142,143,
140,141,142,
137,139,140,
137,139,140,
139,140,
141,
137,
139,
139,140,
137,139,140,
136,137,139,140,141,47,142,
139,
140,
140,
139,140,
139,140,141,142,143,
140,
141,143,144,
143,
139,140,138,141,
137,139,140,
140,
140,141,142,143,
143,
139,140,141,142,143,144,145,
140,
137,138,139,140,141,142,143,28,
142,
138,139,140,141,142,143,
110,137,139,140,105,143,106,107,
140,
141,
140,141,143,
139,140,138,141,143,
140,141,143,144,
140,105,
140,141,142,143,
140,
139,
143,146,
134,137,138,139,140,141,142,
140,141,142,
139,140,138,141,142,143,
139,140,141,143,
140,42,141,143,144,
143,144,146,147,
142,143,144,145,146,147,148,
143,144,145,146,
141,
140,141,142,143,144,145,
141,
143,
141,
142,143,144,
140,141,142,143,144,145,146,
139,140,138,141,142,143,
141,
140,141,142,143,
139,140,
140,141,143,
139,
140,
139,140,138,141,143,42,144,
141,
139,140,141,142,143,
140,141,143,144,146,
140,141,142,
141,
141,
141,142,143,144,145,
143,
142,
142,143,144,145,
145,146,147,
143,142,146,147,
142,
140,141,142,143,144,145,
140,141,142,
142,
142,
140,141,142,143,144,145,
145,
142,143,144,145,146,147,
142,143,144,145,146,
137,139,140,138,141,142,143,144,145,
142,143,144,145,
139,142,143,28,25,
142,
142,
8,142,143,144,145,
142,
142,
143,
142,
142,
141,142,143,144,145,146,
142,
142,143,144,145,148,
141,142,
139,140,141,142,143,144,145,146,
143,144,
143,144,145,
139,142,143,144,145,
140,141,142,143,144,145,
143,144,146,
143,145,
143,144,
143,
58,141,142,143,144,145,52,
142,143,145,
142,143,144,
143,144,145,
142,143,144,146,147,
143,144,
141,
145,
142,143,144,145,
143,144,145,146,147,148,
146,
143,144,
140,141,142,143,144,145,
140,141,142,143,144,145,
146,
142,143,144,
141,142,143,144,146,
140,141,143,144,
143,
141,142,143,144,145,146,148,147,
149,143,144,145,146,147,148,
144,
143,144,146,147,
143,144,
144,
144,
146,
144,
146,
146,
144,146,
144,146,
146,
143,144,146,147,82,
144,
146,
143,144,
144,
143,144,145,146,147,148,
143,144,146,
144,
144,58,82,61,
146,
143,144,146,147,82,149,
146,
143,144,146,82,
146,
145,148,
145,
144,145,
145,
145,
149,143,145,146,147,148,109,
145,148,
145,
145,146,147,
142,143,144,145,
145,
144,145,146,147,148,109,149,
144,145,
145,
144,145,146,
145,
145,
145,
144,145,146,147,148,
144,145,148,
145,146,
144,145,146,
143,144,145,
145,146,147,
145,
145,
145,
145,
144,145,146,
145,148,
144,146,
146,
146,58,
146,147,
146,
146,
146,
146,
146,
146,
146,
146,
146,
146,
143,144,145,146,58,147,148,
146,
146,
146,
146,
146,
146,
146,
146,
146,
146,
146,
146,
146,
146,
146,
147,148,
147,148,150,
147,148,
147,148,150,
147,
147,148,
147,148,150,
147,
147,148,
147,148,
147,148,
149,147,148,150,
147,148,
146,147,148,
146,147,148,
147,148,
147,148,
149,146,147,148,
147,
147,148,
147,
147,148,
147,
147,148,
147,
147,
147,148,
147,148,
147,148,
147,148,151,
148,
148,151,
148,151,
148,151,
148,
148,
148,
148,
148,
148,
147,148,
147,148,
148,
147,148,151,152,
148,
147,148,151,
148,150,151,
148,
147,148,
148,
147,148,
148,
148,
147,148,
147,148,
147,148,
148,150,151,
148,
148,
147,148,
149,
149,
149,151,
149,
149,
149,
149,
149,
149,
149,
149,
149,
149,
149,
149,
149,
149,
149,
149,
149,
149,
149,
149,
149,
149,
149,
149,
149,
149,
149,
150,
150,
150,
150,
150,
150,
150,
150,
150,
150,152,
150,
150,
150,
150,
150,38,
150,
150,
150,
150,38,
150,
150,
150,151,
150,
150,
150,
150,151,
150,151,
150,
148,150,151,
150,
151,153,154,160,
151,
151,188,
151,
151,
151,
151,
151,
151,
151,188,
151,
151,
151,
151,
151,188,
151,
151,
151,188,
151,
151,
151,153,154,160,
151,160,
151,
149,151,
151,
151,188,
151,
151,
151,
149,150,151,153,154,
152,
152,
152,
152,154,155,
152,
152,
152,154,155,
152,
152,
152,
152,
151,152,153,154,155,173,156,176,
178,155,175,152,153,154,
151,152,
152,154,155,
152,
152,
152,
176,152,173,175,
152,
152,
152,153,154,155,156,
152,
152,
152,
152,
152,
151,152,
152,
152,
153,154,155,
152,153,154,155,158,
149,150,152,153,154,155,176,158,178,
149,150,151,152,153,154,155,
153,154,155,156,
153,154,
152,153,154,155,156,158,
153,154,155,156,157,159,
149,150,153,154,
149,150,152,153,154,155,
153,154,155,
153,154,155,156,
153,154,
153,154,
152,154,153,155,176,
153,154,
153,154,155,156,
153,154,
153,154,155,156,
153,154,155,
155,
149,153,154,
151,153,154,
149,150,151,152,38,153,154,155,
151,153,154,
151,153,154,160,
153,154,
153,154,
152,153,154,155,
153,154,155,
155,
149,150,151,152,153,154,155,
153,154,155,
153,154,155,
153,154,
153,154,
149,148,150,151,30,153,154,
153,154,
155,
153,154,
154,
153,154,
152,153,154,155,
152,153,154,155,156,
25,154,
153,154,152,155,158,
153,154,
154,
149,151,150,153,154,160,
153,154,
152,153,154,155,
151,152,153,154,155,178,176,
154,
153,154,
154,
149,151,153,154,160,
152,153,154,155,
154,
155,
155,
155,
155,
155,
152,153,154,155,
155,
152,155,178,
155,
155,
155,
155,
155,
155,
155,
155,
155,
155,
152,153,154,155,
155,
155,178,
155,
155,
155,
155,
155,
155,
155,
155,
155,
153,154,155,156,
156,
156,
156,
156,
156,
156,
156,
156,
156,
156,
156,
156,
156,
156,
156,
156,
156,
156,
156,
156,
156,
156,
156,
86,156,
156,
156,
156,
156,
156,
94,
157,
157,
157,
94,157,
157,
157,
94,157,
157,
157,
157,
159,160,155,156,158,157,94,161,
157,
160,158,157,
94,157,
155,158,157,160,161,
157,
157,
157,
156,157,
157,
157,
157,
157,
158,
158,
158,
160,158,161,
158,
158,
158,
158,
160,158,161,
158,
158,
158,
158,
158,
158,
158,
158,
158,
158,
158,160,
158,
158,
158,
158,
158,
158,
158,
158,
158,
158,
159,160,156,158,161,
159,156,
159,156,
159,
159,
157,159,
159,
159,156,
159,
159,156,
159,
159,160,156,
159,156,
159,160,156,161,
159,
159,162,160,161,
159,
159,
159,160,156,
159,
157,159,
159,
159,
159,
159,
159,
159,
151,160,158,157,159,161,
159,156,
159,
151,160,
160,
160,
160,
159,151,153,154,160,155,156,158,157,161,
151,153,154,160,155,
159,162,151,160,155,156,158,157,161,163,
160,
160,161,
160,
159,162,151,160,155,156,158,157,161,
160,155,156,158,157,161,
159,162,151,160,156,158,157,161,163,
160,
160,
161,
160,161,
160,
160,161,
160,
160,
94,156,158,157,160,
160,
160,
160,
160,161,
160,161,
160,155,158,157,161,
159,162,160,161,
160,
162,159,160,161,163,
160,161,
161,
161,
160,161,
161,
161,
161,
160,161,
161,
161,
161,
161,
161,
161,
161,
161,
160,161,
161,
161,
161,
161,
161,
161,
162,160,161,164,
162,159,160,161,
161,162,163,
162,160,161,
161,
161,
162,
162,
162,
162,
162,
162,
162,
162,
162,
162,
162,
5,159,162,160,161,164,
162,159,151,160,156,158,157,161,163,164,
162,
162,159,160,86,161,163,164,
162,
160,
162,
162,
162,
159,160,156,158,161,162,163,
162,
162,
162,159,160,156,161,
162,159,160,161,
162,
162,
162,
162,
162,
163,164,
162,163,
163,
163,
163,
163,
163,
163,
162,163,
163,
163,
163,
127,162,163,
163,
163,
163,
163,
163,
162,163,164,
163,164,165,166,
163,
163,
163,
163,
128,127,162,163,
163,164,165,166,
163,
163,
163,
163,164,
164,
164,70,
164,70,
164,70,
164,
164,
164,
164,
163,164,
162,161,164,
164,
164,
164,
164,
163,
162,160,161,163,164,
164,
164,
164,
162,161,163,164,165,166,70,
70,
164,70,
163,164,
162,160,161,163,164,
164,
162,86,161,163,164,
164,
164,70,
164,
164,70,
128,165,
163,
165,
163,164,165,166,
163,165,166,
128,162,163,164,165,166,
165,83,
83,163,164,165,166,
128,165,
165,
128,163,164,165,166,
163,164,165,166,
165,
165,166,83,168,167,169,80,81,
83,163,164,165,166,
165,
83,163,164,165,166,85,
83,165,
165,
165,166,168,167,169,
165,
165,
165,166,
165,
165,166,
163,164,165,166,
165,166,
83,165,
165,
166,
166,
165,166,
163,164,165,166,
166,
166,
166,
83,170,165,166,
166,
83,163,164,165,166,
83,165,166,168,167,169,
163,164,165,166,
163,
166,
163,164,165,166,
165,166,
165,166,
128,83,165,166,
166,
166,
164,166,
165,83,
83,165,166,168,169,
165,166,
165,166,
165,166,
83,165,166,
165,166,
163,164,165,166,
166,
166,83,168,167,
167,
167,
86,83,167,87,88,89,
167,
167,
83,168,167,170,
167,
167,
167,
83,168,167,
167,
83,167,
167,
83,166,168,167,
166,83,168,167,
167,
167,
167,
83,168,167,
170,83,168,167,
87,86,166,83,168,167,170,85,81,84,
167,
167,
167,
167,
83,168,167,
87,86,167,85,84,
170,87,86,83,167,88,85,84,89,
167,
168,169,
168,169,
165,166,83,168,167,169,
128,83,165,166,168,167,169,
168,169,
83,170,165,166,168,169,
165,166,168,167,169,
170,168,169,171,
165,166,168,169,
166,168,169,
83,166,168,167,170,
168,169,
83,165,166,168,167,169,
168,169,
83,165,166,168,167,169,
163,164,165,166,
83,163,164,165,166,168,
168,169,
83,165,166,168,167,169,
168,169,
165,166,83,168,167,169,85,
83,170,166,168,167,
128,83,165,166,168,167,
166,168,169,
165,169,
168,
168,169,170,
168,169,
169,
169,52,
166,168,169,
169,
169,
169,
166,
169,
83,165,166,168,167,169,
166,
169,
166,
166,168,169,
169,55,
83,165,166,168,167,169,
128,58,169,
165,166,83,168,167,169,
168,169,170,
169,52,
169,
168,169,
169,
166,168,169,
58,169,
169,
169,52,
83,168,167,169,
165,166,168,167,169,
83,165,166,168,169,
170,
170,
165,83,170,
170,
170,
83,
170,
170,
170,
170,
170,
170,
170,
170,
170,
170,
170,
170,83,
170,83,
170,
170,
170,
83,170,
170,
170,83,168,167,169,171,
170,
170,
170,
170,
170,
171,
171,
108,171,
171,
171,
170,168,169,171,
171,
171,
170,168,169,171,
170,168,169,171,
170,168,169,171,
171,
170,168,169,171,172,173,174,
170,168,169,171,
168,169,170,171,
83,165,166,168,169,
171,
170,168,167,169,87,171,
168,169,170,171,
171,
168,169,170,171,
171,
170,102,168,169,171,
171,
171,
170,168,169,171,
170,
170,168,169,171,
171,
172,
190,187,189,
190,
172,
172,
172,
190,
172,
172,187,
172,190,
190,
172,
171,172,173,174,187,
190,
172,
172,
190,188,189,115,191,192,193,
172,
172,
190,
172,
172,190,
171,172,
176,173,174,175,
176,173,174,175,
173,
177,152,153,154,155,173,176,178,175,
173,
173,
175,
175,
176,173,174,175,
173,
173,174,
176,152,173,174,175,
173,171,172,174,
173,174,
173,
175,
173,171,172,174,
176,173,174,175,
173,174,
173,
176,173,174,175,
154,176,
178,175,
173,174,
173,174,
173,171,172,174,
171,172,173,174,
173,
174,
176,173,174,175,
174,
174,
174,
174,
174,
174,
174,
174,
174,
187,
174,
174,
176,26,174,175,
174,187,
174,
154,26,177,181,176,178,174,175,187,126,63,179,180,182,183,184,
171,176,174,175,177,
176,174,175,
174,
171,172,174,
174,187,
174,
171,172,173,174,
174,
174,187,
174,
174,
174,187,
175,
152,173,176,178,175,
178,175,179,180,72,181,
177,176,175,
175,
177,178,175,176,
175,
178,
173,176,174,175,
154,155,178,175,
175,
175,
173,175,176,
175,
129,177,26,175,176,179,180,
126,175,
176,174,175,
175,
178,175,
175,
178,175,179,180,181,
175,
175,
126,175,
176,173,174,175,177,
175,
175,
175,
175,
175,
176,175,
176,
176,
176,175,177,
176,
26,177,175,176,187,63,179,180,
176,175,174,
176,26,177,175,179,180,
176,175,
176,
176,
176,
176,174,175,
176,
176,175,63,
176,
176,
176,
177,
176,
176,
176,
176,181,175,
3,176,175,
176,175,
176,177,178,174,175,
176,
177,176,175,
176,177,174,175,187,184,185,
176,
177,
177,
177,
177,
177,
177,
26,177,181,
177,
177,
177,
177,
177,
146,26,177,
177,
176,177,175,
177,
177,
177,
177,
177,
177,
177,
177,
177,
177,
177,175,176,63,
26,177,181,
177,
177,
177,
178,
178,
178,
178,
178,
178,
178,
178,
178,
178,
178,
178,
178,
178,
178,
178,
178,
178,
178,
178,
178,
178,
178,
178,
178,
178,
178,
178,
178,
178,
179,180,
179,180,
177,176,179,180,
179,180,181,
175,182,183,184,
179,180,
181,179,180,
179,181,
126,182,183,
178,179,180,181,
179,180,181,
181,179,180,182,183,
175,179,180,
179,181,
179,180,
179,180,
174,179,180,181,182,183,
181,179,180,182,183,
179,180,181,
178,
178,179,181,
179,180,181,182,183,184,
181,179,180,
179,
181,179,180,
181,
174,179,180,181,182,183,184,
181,
179,
179,180,181,
179,180,
178,175,179,180,181,
177,176,178,174,175,179,180,
178,179,180,
181,179,180,
179,180,
26,177,179,180,
179,180,
178,179,180,181,
181,178,179,180,
178,179,180,181,
181,178,179,180,
179,180,
178,179,180,181,
175,179,180,
179,180,
178,179,180,
178,179,180,181,
179,180,
178,179,180,181,
175,179,180,
179,180,
180,
178,
179,180,
178,179,180,181,
177,26,178,179,180,
179,180,
179,180,
178,
171,172,174,175,176,181,182,183,184,
179,180,181,182,183,
126,178,177,181,182,183,
41,185,187,182,183,184,125,
179,180,181,182,183,184,187,
181,
184,
174,179,180,181,182,183,184,
176,175,174,181,182,183,184,
126,
184,
179,180,
179,180,
174,175,176,181,182,183,184,
179,180,181,182,183,184,
178,179,180,72,181,
174,184,
187,
180,
175,
181,182,183,
183,
181,180,182,183,
26,181,176,175,174,182,183,
182,183,184,
178,181,179,180,
185,174,187,181,182,183,184,186,60,
185,182,183,184,
185,182,183,184,187,
185,182,183,184,
185,182,183,184,187,
182,183,
185,187,182,183,184,125,
185,
124,43,185,
185,
126,177,181,174,182,183,184,
182,183,
185,182,183,184,
129,177,124,175,126,181,182,183,184,185,186,125,123,
179,180,182,183,184,
185,182,183,184,
124,185,187,182,183,184,125,
185,
185,182,183,184,187,
185,182,183,184,125,187,
184,
185,
182,183,184,
182,183,
185,
182,183,
126,179,180,181,182,183,184,185,186,125,187,124,
124,185,182,183,184,
185,
126,124,185,182,183,184,125,187,
185,187,184,
182,183,184,
174,181,182,183,184,60,
26,181,178,179,180,182,183,
181,185,174,187,182,183,184,186,
184,
185,182,183,184,
126,179,180,181,182,183,184,
124,185,181,182,183,184,186,60,125,187,
179,180,181,182,183,184,
181,182,183,
124,185,187,182,183,184,
182,183,
182,183,184,
182,183,184,185,187,
126,177,181,178,174,175,176,182,183,
182,183,
151,154,182,183,184,
185,182,183,184,186,187,
126,179,180,181,182,183,184,
185,182,183,184,
126,178,175,181,182,183,184,
175,174,181,182,183,184,
181,182,183,184,
174,179,180,181,182,183,
126,179,180,181,182,183,184,
174,181,182,183,
183,184,
126,182,183,184,
184,
185,184,
182,183,184,
184,
124,185,174,175,184,125,
175,
182,183,
126,125,
174,184,185,
187,184,185,186,
185,184,
126,127,124,185,175,187,123,182,183,184,125,
184,
124,184,
184,
184,
184,
184,
185,187,184,186,189,
187,184,185,186,189,
126,124,125,
185,
126,127,124,185,123,182,183,184,125,187,
175,174,181,182,183,184,
185,184,186,187,
185,182,183,184,
185,174,187,184,186,
126,124,184,125,
185,187,182,183,184,125,
124,43,185,
185,
185,
185,187,184,186,189,
185,187,182,183,184,
185,
185,
187,184,185,
185,
185,
188,185,186,
184,
43,124,185,
185,
185,
185,184,
185,
43,124,185,
124,
185,
124,43,185,
199,185,
185,187,184,
185,
124,43,185,
185,
185,
185,
43,124,185,182,183,184,187,
124,43,185,125,
187,
187,184,185,186,
185,187,186,
187,
185,174,187,184,186,
187,
187,
187,184,185,186,
187,
185,186,
185,186,
187,184,185,186,189,
115,190,186,187,189,
187,
187,184,185,186,
185,187,184,186,189,
185,187,184,186,
187,
187,
187,184,185,186,189,
185,186,
185,184,186,187,
187,184,185,186,189,
187,
124,185,184,125,
187,
185,186,
187,
185,187,184,186,189,
187,
187,
187,
187,
187,
187,
187,
187,
187,
187,
187,
187,
187,
187,
187,
187,
187,
187,
187,
187,
187,
187,
187,
187,
187,
187,
187,
187,
187,
187,
188,
188,
188,
188,
188,
188,
188,
188,
188,31,
188,
188,
188,
188,
188,
188,
188,
188,
188,
188,
188,
188,
188,
188,
188,
188,
188,
188,
188,185,
188,
151,188,31,185,
190,189,
189,
190,187,185,189,
187,
187,189,190,
190,187,189,
189,190,
190,
190,187,189,
190,187,189,
190,
189,190,
115,185,190,186,187,189,
190,187,188,189,115,
190,189,
188,189,
190,187,189,
190,185,187,189,
115,185,190,187,186,189,
115,185,190,187,188,189,191,192,
190,189,
190,187,189,
187,185,189,190,
185,190,187,188,199,189,115,
190,
190,187,189,
190,189,
185,
187,189,190,
187,189,190,
190,189,
190,187,189,191,192,193,
193,
190,
190,187,189,
185,191,
190,189,
115,188,189,190,191,192,193,194,114,
190,189,
190,189,191,192,193,
190,191,192,193,
188,190,189,115,191,192,193,114,
190,
190,188,189,191,115,192,193,114,116,
190,185,
189,190,191,192,193,114,
190,185,
190,
190,189,
190,191,192,193,114,
190,
190,189,
190,189,191,192,193,
172,190,
190,187,
190,
190,
199,190,191,192,193,114,
190,
190,189,
188,191,
190,191,192,193,
191,
188,185,186,191,
191,192,193,
191,
191,
191,
188,191,
191,
188,191,
191,
190,191,192,193,
191,
191,
185,191,
191,
191,
191,
185,191,
191,
188,191,
188,189,190,191,
191,192,193,194,
191,
190,191,192,193,194,
191,
188,191,
191,
191,
191,192,193,
191,192,193,
199,190,185,187,191,192,193,
185,199,191,192,193,194,
191,192,193,
185,199,191,192,193,194,
191,192,193,
191,192,193,194,
191,192,193,
191,192,193,
191,192,193,194,
191,192,193,
191,192,193,194,
191,192,193,114,
192,193,
191,192,193,
191,192,193,
192,193,
114,
199,191,192,193,194,
192,193,
191,192,193,194,
199,191,192,193,194,
192,193,194,
195,192,193,194,
191,192,193,
191,192,193,114,
192,193,194,
192,
191,192,193,194,
193,
193,
199,115,185,187,189,190,191,192,193,114,
193,
199,185,191,192,193,194,
192,193,194,
193,
193,194,
193,194,
191,192,193,
193,
193,194,
193,194,
185,191,193,194,
193,194,
192,193,194,
196,
193,
193,
0,197,199,195,185,196,187,193,194,
193,
193,
193,194,
195,196,193,194,
193,
197,199,193,
195,193,194,
193,194,
192,193,
193,194,
194,
194,
194,
195,194,
194,
194,
194,
194,
194,
194,
195,191,192,193,194,
197,195,194,
194,
194,
194,
197,195,196,194,
199,194,
199,192,193,194,
194,
195,194,
197,195,194,
194,
197,195,194,
191,192,193,194,195,
199,185,190,191,192,193,194,
194,
197,
0,197,198,199,196,194,195,
197,195,196,194,
194,
195,
195,
195,196,194,
195,
197,195,196,194,
195,196,194,
195,
195,
195,
197,195,196,192,193,194,114,
197,195,196,194,
195,
195,
195,
193,
195,
195,196,194,
197,
197,195,196,194,
197,195,196,194,
195,
195,
1,197,195,196,193,194,
195,
197,195,196,194,
197,195,192,194,
195,
20,16,17,18,19,195,112,
197,194,195,
195,196,194,
0,197,199,196,
45,
197,42,45,196,
45,
197,48,42,45,46,196,177,
45,
197,195,196,193,194,
197,196,
197,45,196,
197,45,196,
45,
0,197,199,196,
45,
197,48,45,196,
197,196,
197,45,196,
197,199,195,196,194,
0,197,198,199,196,
197,3,48,42,43,45,46,196,
45,
197,45,196,
0,197,198,199,196,
45,
197,196,
0,1,197,199,3,196,
197,45,196,
45,196,197,
197,199,45,196,193,194,195,
197,45,196,
197,
0,197,198,
0,197,198,
0,197,198,
197,
197,
197,
0,197,198,
197,
197,
197,195,194,
197,
197,
197,
0,197,198,
197,
197,
197,
197,
197,196,
197,
0,197,198,
197,
197,
197,
0,197,198,
197,
197,
197,
197,
177,
198,177,
198,
198,
198,137,
198,
198,
198,137,
198,
177,198,
0,
198,
198,
198,
198,137,
198,134,135,137,139,
198,
0,
198,177,
198,137,
198,
0,29,197,198,177,
198,
0,197,198,
198,177,26,
198,177,
199,
198,
199,
0,199,
199,
199,
199,
199,
199,
199,
0,199,
0,
199,
0,199,
0,1,199,
0,199,
0,1,199,
0,1,199,
199,
199,
0,1,199,
0,197,198,199,196,
199,
0,
199,
0,1,199,
0,199,
0,1,199,
199,
199,
199,
199,
