0,177,
30,
198,
29,
0,
0,
29,
29,
29,177,
29,
0,
0,
29,
29,
0,
0,
29,
29,
29,
30,
29,
29,
47,
29,
29,
29,
29,
0,
29,
4,
0,
20,
0,
4,
1,
4,
0,
0,
0,
1,
1,
0,
1,
4,
0,
4,
0,
0,
1,
0,
1,
4,
1,
1,
0,
0,
4,
0,
1,
0,
0,
29,
0,
0,
176,
3,
0,
1,3,
0,
2,
5,
28,
155,
0,
1,
176,
4,
154,
0,
4,
29,
0,
0,
3,
176,
29,
0,
0,
156,
176,
176,
198,
4,
176,
29,
176,
156,
154,
176,
176,
0,
3,
154,
8,
176,
8,
176,
5,
3,
176,
176,
3,
0,
174,
176,
154,
154,
176,
176,
5,
5,
5,
5,
5,
102,
5,
5,
4,
103,
102,
9,
5,
4,
5,
104,
4,
103,
4,
7,
5,
5,
5,
4,
5,
5,
5,
4,
7,
4,
82,
159,
176,
4,
5,
5,
5,
5,
0,
1,4,
154,
8,
4,
176,
5,
5,
0,
5,
160,
5,
0,
126,
5,
8,
10,
1,
4,
78,
5,
80,
4,
5,
5,
5,
5,
5,
1,5,
5,
5,7,
5,
7,
5,
5,
5,
5,
5,7,
7,
5,
7,
5,
5,
5,
4,
4,
7,
5,
4,
4,
20,5,
5,
104,
104,
7,
10,
7,
10,
10,
104,
102,
10,
5,
104,
104,
10,
9,
104,
5,
104,
8,
5,
10,
7,
7,
5,
104,
104,
104,
5,
13,
115,
9,
8,
25,
115,
115,
115,
115,
115,
115,
115,
115,
25,
115,
115,
115,
115,
115,
115,
27,
115,
115,
115,
154,
115,
115,
154,
115,
115,
10,
7,
10,
10,
10,
13,
10,
13,
10,
10,
10,
9,
7,
10,
4,
10,
10,
10,
10,
10,
10,
7,
10,
10,
10,
9,
9,
10,
13,
10,
126,
104,
10,
12,
10,
12,
10,
126,
126,
13,
5,
10,
10,
10,
10,
13,
126,
13,
104,
10,
126,
104,
10,
12,
126,
104,
12,
13,
12,
42,
13,
11,
10,
11,
13,
13,
13,
13,
13,
13,
11,
11,
13,
11,
13,
13,
11,
12,
11,
13,
42,
11,
11,
13,
11,
58,
17,19,
42,
13,
12,
13,
12,
12,
13,
13,
124,
13,
13,
43,
13,
12,
124,
13,
13,
13,
19,
19,
12,
12,
19,
13,
13,
17,
25,
10,
17,
19,
19,
19,
1,
19,
13,
10,
13,
12,
13,
13,
17,
13,
13,
13,
12,
13,
104,
13,
13,
11,
13,
12,
13,
13,
13,
13,
124,
17,
11,
12,
12,
13,
19,
13,
13,
20,
12,
13,
50,
13,
17,
12,
17,
12,
17,
13,
17,
20,
20,
13,
145,
20,
22,
13,
19,
19,
20,
17,
20,
19,
20,
19,
22,
13,
19,
20,
20,
19,
23,
17,
19,
19,
20,
20,
20,
13,
104,
146,
19,
19,
113,
147,
20,
146,
19,
25,
20,
113,
19,
19,
19,
19,
19,
19,
19,
19,
20,
19,
19,
22,
146,
25,
145,
20,
112,
109,
20,
20,
20,
20,
17,
17,
20,
20,
20,
20,
17,
19,
20,
20,
146,
20,
17,
195,
17,
146,
20,
19,
17,
20,
151,
146,
20,
20,
20,
17,
19,
112,
112,
151,
112,109,
25,
20,
20,
112,
20,
22,
20,
19,
20,
142,
113,
20,
149,
20,
25,
19,
20,
19,
22,
20,
22,
109,
19,
20,
22,
109,
20,
20,
109,
19,
19,
19,
19,
109,
113,
19,
19,
109,
19,
20,
19,
148,
112,
20,
19,
146,
19,
109,
146,
19,
113,
113,
20,
113,
20,
148,
27,
20,
144,
19,
145,
20,
20,
1,
29,
144,
20,
20,
149,
19,
144,
20,
20,
20,
20,
20,
147,
150,
20,
19,
19,
146,
20,
19,
29,
25,
26,
25,
25,
23,
154,
23,
25,
23,
23,
23,
23,
23,
25,
25,
24,
26,
154,
25,
151,
151,
25,
25,
26,
151,
25,
151,
26,
26,24,
26,
113,
149,
25,
22,25,
25,
25,
25,
25,
25,
23,
25,
154,
25,
25,
25,
25,
25,
25,
25,
25,
25,
25,
25,
25,
25,
25,
25,
25,
25,
25,
25,
25,
25,
25,
25,
25,
151,
24,
23,
25,
25,
25,
25,
25,
25,
25,
25,
110,
25,
109,
23,
25,
109,
25,
23,
25,
25,
25,
27,
113,
26,
25,
25,
25,
25,
113,
25,
27,
25,
25,
25,
25,
25,
25,
113,
25,
142,
25,
25,
25,
25,
142,
25,
23,
25,
27,
25,
25,
113,
25,
113,
25,
25,
25,
25,
113,
113,
25,
25,
25,
113,
112,
25,
25,
25,
25,
113,
25,
25,
25,
25,
25,
25,
109,
110,
112,
25,
25,
25,
25,
149,
25,
30,
149,
30,
149,
151,
149,
149,
149,
8,
26,
149,
154,
30,
26,
149,
26,
151,
27,
25,
8,
149,
151,
154,
8,149,
30,
29,
25,
25,
25,
25,
25,
25,
25,
26,
28,
25,
25,
151,
25,
25,
25,
25,
25,
25,
25,
25,
25,
26,
24,
29,
29,
27,
25,
25,
25,
25,
25,
25,
27,
25,
154,
25,
28,27,
27,
28,
144,
28,
28,
27,
28,
26,27,
112,
25,
27,
25,
28,
112,
28,
25,
25,
154,
25,
25,
24,
109,
109,
29,
28,
25,
29,
29,
25,
29,
26,
30,
30,
28,
29,
29,
25,
27,
29,
30,
28,
28,
29,
29,
29,
28,
30,
30,
28,
28,
26,
30,
30,
30,
28,
28,
25,
139,
28,
30,
25,
149,
30,
31,
31,
28,
31,
30,
27,
25,
30,
30,
31,
31,
30,
28,
30,
28,
30,
30,
28,
31,
31,
31,
24,
31,
31,
28,
28,
31,
31,
34,
31,
28,
28,
28,
188,
31,
25,
28,
31,
31,
28,
31,
8,
188,
28,
25,
28,
33,
188,
32,34,
8,30,
31,
31,
28,
28,
28,
28,
28,
30,
28,
28,
30,
31,
28,
30,
28,
31,
28,
28,
31,
28,
28,
31,
181,
28,
29,
31,
30,
31,
31,
178,
178,
35,
36,
178,
178,
30,
178,
108,
31,
34,
178,
35,
35,
31,
35,
178,
181,
26,
178,
178,35,
178,
183,
178,
178,
108,
178,
35,
183,
34,35,
35,
178,
178,
31,
35,
35,
35,
35,
35,
36,
28,
29,
30,
31,
178,
28,
35,
178,
30,
178,
32,34,
31,
35,
188,
33,
176,
31,
30,
178,
35,
178,
178,35,
178,
178,
178,
178,
35,
178,
26,
35,
178,
178,
35,
30,
178,
108,
35,
35,
178,
108,
178,
108,
36,
178,
178,
178,
178,
35,
35,
108,
35,
108,
106,
108,
35,
35,
108,
38,
38,
41,
34,
33,
36,
178,
38,
33,
35,
36,
188,
38,
35,
38,
37,
37,
35,
34,35,
34,35,
33,
178,
40,
35,
37,
108,
108,
35,
36,
108,
108,
178,
35,
37,
35,
38,
108,
175,
108,
35,
34,35,
35,
35,
35,
35,
178,
37,
152,
43,
31,
33,
35,
35,
35,
40,
30,
108,
176,
31,33,
35,
38,
35,
37,
38,
35,
38,
37,
31,
36,
108,
36,
108,
35,
176,
35,
108,
37,
41,
106,
36,
42,
176,
36,
37,
36,
41,
40,
37,
36,
35,
36,
36,
37,
158,178,
37,
38,
37,
33,
38,
36,
40,
172,
36,
176,
36,
34,35,
106,
106,
108,
106,
39,
106,
106,
108,
39,
106,
38,
40,
41,
176,
106,
106,
108,
108,
106,
106,
108,
108,
36,
106,
106,
106,
106,
108,
106,
108,
42,
41,
42,
42,
39,
41,
41,
39,
36,
42,
176,
41,
40,
41,
36,41,
42,
40,
36,
39,
39,
36,41,
36,
36,
36,
42,
40,
42,
39,
42,
39,
42,
176,
42,
57,
176,
42,
42,
176,
42,
176,
176,
42,
42,
57,
42,
42,
42,
42,
42,
176,
42,
42,
42,
58,
55,
42,
42,
57,
60,
42,
106,
40,
42,44,
36,
44,
42,
41,
141,
40,
42,
39,
44,
41,
40,
40,
39,
42,
40,
40,
42,44,
41,
40,
40,
41,
40,
42,
42,
39,
44,
36,
42,
42,
42,
42,
42,
42,
42,
42,
42,
42,
42,
176,
42,
41,
11,
42,
42,
42,
176,
42,
176,42,
42,
42,
42,
42,
42,
42,
42,
42,
42,
3,
42,
42,
45,
42,
42,
42,
42,
48,
42,
176,
42,
3,
3,
48,
42,
45,
42,
42,
42,
45,
176,
42,
42,
197,48,
42,
42,
42,
48,
42,
48,
48,
47,
48,
42,
42,
48,
42,
47,
47,
48,
47,
42,
47,
13,
48,
42,
47,
42,
48,
42,
48,
42,
176,
42,
176,
48,
42,
48,
47,
42,
47,
42,
42,
124,
43,122,
42,
44,
43,
47,
47,
125,
43,
47,
122,
48,
123,
44,
42,
42,
47,
43,
44,
48,
91,
3,
91,
48,
176,
1,
1,
1,
3,
48,
3,
1,
48,
91,
91,
91,
1,
48,
3,
48,
1,
3,
91,
1,
48,
1,
48,
48,
1,
47,
47,
47,
47,
47,
47,
47,
50,
50,
47,
50,
47,
47,
52,
50,
47,
47,
176,
47,
47,
50,
47,
48,
50,
47,
49,
47,
47,
48,
48,
47,
3,
47,
1,
1,
3,
48,
3,
48,
91,
48,
91,
47,
3,
20,
48,
3,
1,
48,
47,
47,
48,
3,
47,
47,
48,
3,
47,
42,
3,
175,
178,
178,
178,
178,
55,
51,
175,
178,
178,
178,
178,51,
178,
178,
178,
178,
51,
178,
52,
178,51,
51,
178,
178,
175,
178,
178,
178,
48,
52,
178,
52,
50,
124,
52,
82,
111,
52,
52,
55,
48,
52,
52,
61,
52,
52,
82,
52,
52,
52,
52,
55,
52,
53,
52,
55,
52,
52,
53,
52,
52,
53,
53,
53,
53,
118,
53,
53,
53,
52,
53,
52,
53,
61,
122,
128,
53,
61,
52,
61,
126,
118,
52,
53,
52,
52,
53,
53,
53,
53,
53,
55,
55,
53,
52,
52,
52,
52,
55,
55,
55,
61,
55,
52,
55,
55,
55,
53,
55,
55,
126,
128,
55,
53,
55,
55,
55,
55,
55,
52,
52,
61,
128,
55,
55,
52,
52,
55,
58,
55,
128,
128,
128,
128,
58,
52,
55,
55,
52,
52,
128,
55,
55,
55,
61,
52,
55,
55,
55,
128,
61,
55,
52,
52,
55,
55,
61,
55,
55,
55,
52,
128,
55,
55,
52,
55,
55,
55,
55,
55,
52,
55,
55,
61,
52,
57,
42,
79,
77,
77,
57,
77,
57,
57,
61,
61,
55,
57,
63,
55,
57,
82,
57,
61,
55,
61,
57,
57,
58,
57,
57,
82,
57,
71,
177,
55,
82,
128,
55,
55,
55,
52,
128,
55,
52,
128,
61,
128,
52,
128,
61,
128,
55,
52,
52,
55,
61,
61,
52,
55,
82,
128,
55,
55,
55,
55,
61,
55,
77,
61,
55,
77,
57,
61,
59,
61,
61,
57,
55,
55,
61,
61,
57,
55,
55,
126,
61,
55,
61,
55,
61,
58,
59,
59,
59,
60,
67,
61,
60,
60,
60,
57,
63,
60,
61,
60,
60,
60,
60,
61,
60,
61,
69,
60,
60,
60,
61,
61,
60,
60,
82,
60,
60,
63,
66,
61,
82,
60,61,
61,
82,
61,
61,
61,
128,
82,
58,
61,
61,
82,
61,
61,
61,
61,
61,
61,
61,
82,
61,
61,
61,
61,
61,
60,
82,
61,
61,
61,
61,
61,
61,
61,
61,
61,
60,
61,
61,
82,
60,61,
61,
61,
61,
61,
61,
61,
61,
61,
61,
61,
61,
60,
60,
61,
61,
60,
61,
61,
61,
52,
61,
61,
60,
61,
61,
61,
61,
63,
52,
61,
61,
61,
61,
61,
61,
61,
61,
61,
60,
61,
61,
61,
61,
61,
63,
63,
61,
61,
61,
61,
61,
61,
61,
61,
64,
61,
61,
61,
61,
58,
67,
61,
61,
61,
61,
61,
61,
61,
61,
61,
60,
61,
61,
61,
67,
61,
61,
67,
67,
61,
69,
61,
67,
69,
67,
61,
69,
29,
67,
67,
67,
67,
61,
67,
30,
67,
67,
64,
61,
29,
118,
30,
67,
67,
61,
92,
67,
67,
89,
69,
67,
67,
67,
69,
67,
64,
69,
92,
118,
69,
69,
69,
67,
69,
67,
67,
67,
69,
67,
29,
69,
67,
67,
67,
69,
67,
67,
67,
67,
67,
29,
67,
67,
30,
118,
136,
67,
67,
67,
67,
30,
67,
118,
118,
67,
67,
118,
67,
89,
113,
118,
67,
67,
67,
118,
67,
67,
67,
67,
67,
73,
67,
118,
70,
67,
67,
69,
70,
61,
67,
67,
70,
92,
70,
29,
70,
70,
67,
67,
69,
30,
70,
67,
70,
69,
92,
92,
92,
92,69,
70,
69,
70,
92,
69,
70,
92,
69,
67,
92,
92,
92,
67,
92,
70,
67,
92,
67,
72,
92,
70,
92,
67,
69,
70,
70,
85,
70,
61,
70,
83,
85,
70,
61,
73,
70,
70,
85,
61,
70,
70,
73,
67,
70,
70,
69,
70,
61,
67,
70,
70,
69,
71,
69,
61,
69,
64,
69,
61,
69,
60,
69,
67,
69,
69,
72,
61,
69,
70,
69,
69,
67,
69,
69,
64,
92,
64,
92,
64,
69,
67,
66,
61,
69,
72,
108,
108,
108,
108,
108,
108,
108,
72,
108,
108,
108,
108,
108,
108,
108,
108,
72,
72,
108,
108,
72,
108,
108,
108,
108,
72,
108,72,
108,
108,
82,
73,
73,
76,
108,
70,
73,
73,
82,
73,
83,
111,
69,
82,
73,
74,
72,
72,
69,
52,
76,
82,
108,
73,
108,
82,76,
82,
73,
73,
108,
69,
72,
73,
73,
69,
69,
69,
72,
69,
69,
72,
73,
73,
73,
70,
69,
73,
73,
69,
72,
73,
76,
73,
108,
69,
73,
69,
72,
72,
76,
109,
108,
75,
75,
72,
75,
108,
108,
75,
92,
75,
72,
73,
108,
69,
75,
72,
108,
109,
79,
75,
108,
111,
110,
75,
69,
75,
92,
73,
69,
73,
72,
108,
108,
69,
69,
70,
72,
69,
73,
92,
73,
69,
69,
61,
69,
69,
92,
92,
72,
82,
67,
69,
70,
67,
76,
69,
75,
80,
76,
82,
82,
82,
82,
73,
82,
76,
82,
76,
75,
76,75,
76,
79,
76,75,
82,
73,
72,
73,
82,
82,
82,
72,
82,
76,
79,
76,
76,
80,
82,
82,
82,
82,
78,
78,
82,
80,
82,
82,
78,
78,
78,
79,
78,
75,
80,
82,
78,
78,
82,
76,
78,
82,
85,
76,
78,
80,
82,
52,
0,
82,
82,
0,
80,
80,
80,
82,
80,
82,
82,
82,
82,
80,
82,
82,
80,
82,
0,
82,
78,
82,
82,
82,
80,
82,
80,
80,
82,
80,
0,
80,
80,
0,
79,
0,
80,
0,
0,
69,
0,
80,
82,
80,
0,
61,
80,
0,
0,
0,
0,
0,
80,
0,
80,
80,
80,
80,
0,
80,
80,
84,
81,
80,
80,
82,
80,
80,
80,
80,
80,
146,
81,
80,
76,
82,
73,
82,
80,
80,
80,
80,
80,
81,
84,
80,
197,
80,
81,
52,
82,
73,
61,
82,
82,
82,
82,
80,
82,
82,
82,
82,
82,
82,
52,
52,
82,
52,
82,
52,
80,
82,
52,
82,
52,
73,
52,
52,
52,
80,
81,
81,
80,
81,
80,
80,
0,
81,
84,
80,
0,
81,
80,
80,
80,
83,
80,
81,
0,
0,
80,
80,
81,
81,
80,
83,
83,
80,
80,
85,
112,
112,
85,
83,
75,
84,
83,
83,
85,
85,
29,
84,
110,
83,
81,
80,
84,
80,
84,
84,
80,
80,
85,
83,
80,
83,
84,
80,
112,
85,
81,
69,
85,
83,
86,
86,
81,
86,
135,
86,
133,
135,
85,84,
86,
81,
133,135,
84,85,
135,
133,
89,
83,
81,
83,
135,
73,
70,
29,
86,
86,
135,
85,
86,
135,
85,84,
86,
86,
86,
86,
86,
0,
84,
84,
86,
84,85,
89,
86,
86,
80,
80,
85,
86,
86,
80,
135,
83,
86,
135,
135,
87,
133,
135,
133,
135,
135,
83,
30,
133,
133,
133,
83,
135,
87,
135,
135,
133,
81,
135,
135,
133,
135,
135,
135,
135,
133,
135,
133,
135,
91,
91,
91,
88,
190,
86,
89,
89,
91,
86,
88,
86,
88,
86,
91,
88,
91,88,
91,
86,
91,
91,
88,
89,
88,
89,
89,
91,
190,
88,
91,
91,
92,
91,
92,
92,
92,
91,
83,
87,
91,
170,
92,
92,
89,
92,
89,
91,
89,
91,
92,
91,
86,
92,
91,
87,
92,
91,
1,
91,
133,
91,
92,
83,
91,
91,
91,
91,
91,
91,
91,
92,
91,
92,
92,
91,
91,
91,
92,
91,
91,
91,
92,
1,
92,
92,
91,
92,
92,
92,
91,
92,
92,
92,
92,
91,
92,
92,
92,
92,
92,
92,
92,
92,
91,
92,
91,
92,
92,
92,
91,
92,
92,
92,
92,
91,
92,
92,
92,
92,
92,
1,
92,
92,
92,
1,
1,
1,
92,
1,
92,
1,
1,
1,
1,
1,
92,
170,
92,
1,
1,
1,
1,
1,92,
92,
1,
0,
0,
92,
92,
1,
94,
92,
94,
92,
92,
92,
92,
91,
92,
92,
99,
92,
92,
92,
91,
92,
92,
92,
92,
94,
92,
91,
92,
94,
92,
94,
92,
92,
92,
92,
94,
97,
137,
94,
137,
99,
92,
134,
89,
87,
96,
94,
102,
134,
94,
94,
94,
94,
102,
94,
102,
89,
134,
94,
92,
94,
94,
92,
92,
110,
99,
98,
138,
96,
94,
95,
98,
93,
97,
134,95,
102,
94,
137,
94,
93,
94,
96,
94,
137,
94,
94,
96,
99,
94,
99,
25,
137,
25,96,
25,
25,
97,
99,
25,
97,
93,
94,
99,
25,
102,
102,
134,95,
96,
99,
99,
25,
25,
108,
96,
95,
96,
99,
96,
96,
96,
93,
137,
137,
99,
96,
99,
137,
97,
99,
96,
137,
138,
99,
137,
99,
137,
102,
137,
99,
137,
137,
99,
138,
137,
99,
99,
134,
99,
99,
99,
100,
102,
102,
102,
102,
103,
103,
4,
137,
108,
102,
102,
108,
103,
97,
102,
103,
102,
99,
102,
4,
102,
99,
98,
103,
98,
103,
102,
4,
25,
102,
102,
102,
102,
102,
97,
102,
86,
102,
102,
97,
102,
99,
102,
108,
102,
102,
102,
99,
99,
102,
102,
102,
102,
102,
158,
102,
102,
102,
102,
108,
102,
102,
102,
102,
102,
102,
102,
102,
102,
102,
103,
99,
103,
102,
102,
102,
102,
102,
102,
108,
99,
108,
99,
108,
99,
97,
102,
108,
108,
108,
102,
101,
108,
108,
4,
104,
103,
4,
102,
103,
103,
103,
103,
102,
103,
108,
104,
108,
102,
103,
102,
103,
103,
103,
108,
103,
104,
101,
157,
102,
102,
155,
102,
155,
160,
157,
157,
102,
108,
157,
157,
157,
155,
102,
102,
102,
5,
102,
158,
157,
102,
158,
158,
158,
158,
102,
159,
5,
108,
102,
102,
102,
102,
104,
102,
108,
102,
102,
102,
103,
108,
108,
108,
108,
108,
158,
102,
108,
108,
172,
103,
87,
87,
158,
108,
108,
108,
110,
111,
106,
109,
110,
25,
104,
109,
104,
113,
112,
108,
104,
109,
112,
113,
113,
111,
110,
113,
111,
108,
110,
113,
112,
109,
108,
106,
110,
104,
106,
106,
190,
108,
104,
104,
104,
104,
106,
104,
108,
104,
190,
107,
107,
104,
106,
87,
106,
106,
87,
104,
104,103,
108,
106,
87,
104,
107,
106,
108,
108,
108,
158,
108,
108,
108,
158,
172,
108,
108,
108,
109,
108,
109,
108,
108,
108,
108,
108,
158,
108,
108,
172,
106,
108,
172,
108,
108,
108,
110,
107,
108,
106,
108,
108,
108,
108,
110,
108,
109,
107,
109,
108,
108,
108,
111,
109,
108,
108,
108,
110,
111,
111,109,
108,
108,
108,
110,
108,
111,
158,
108,
108,
108,
108,
172,
108,
108,
108,
108,
111,
158,
108,
172,
108,
109,
172,
108,
108,
111,
108,
108,
108,
108,
108,
108,
108,
108,
111,
108,
111,
109,
109,
108,
108,
108,
108,
109,
108,
109,
109,
158,
110,
111,
108,
113,
146,
108,
108,
111,
146,
110,
111,
111,
108,
109,
109,
110,
110,
110,
110,
109,
110,
110,
109,
134,
110,
110,
110,
108,109,
110,
108,
109,
110,
111,
112,
110,
109,
110,
110,
110,
110,
110,
108,
110,
110,
84,
110,
111,
75,
172,
75,
79,
84,
82,
75,
84,
110,
113,
111,
84,
84,
110,
84,
84,
111,
84,111,
111,
84,
84,
75,
84,
84,
80,
111,
84,
112,
112,
114,
19,
19,
111,
113,
112,
112,
112,
113,
194,
81,
113,
112,
19,
19,
110,
84,
19,
112,
19,114,
109,
112,
112,
112,
111,
111,
111,
114,
113,
113,
114,
111,
114,
112,113,
111,
112,
112,
113,
114,
114,
112,
112,
113,53,
113,
112,
112,
113,
114,
112,
111,
114,
112,
112,
113,
112,
113,
114,
112,
19,
114,
19,
194,
19,194,
194,
114,
194,
80,
19,
114,
194,
194,
19,
111,
80,
114,
19,
194,
194,
194,
194,
114,
80,
190,
80,
194,
114,
80,
194,
114,
114,
115,
117,
114,
115,
114,
117,
114,
114,
115,
114,
114,
114,
194,
115,
114,
19,
114,
113,
114,
114,
197,
114,
115,
115,
114,
114,
114,
115,
115,
114,
194,
117,
113,
114,
195,
114,
117,
115,
114,
114,
119,
114,
114,
114,
117,
194,
114,
114,
114,
117,
114,
117,
118,
114,
115,
115,
117,
117,
114,
19,
114,
194,
118,
113,
53,
124,
194,
117,
114,
114,
117,
114,
115,
114,
113,
19,
114,
194,
53,
125,
113,
53,
55,
118,
53,
53,
125,
53,
118,
118,
118,
118,
122,
53,
55,
117,
53,
53,
118,
113,
125,
61,
53,
117,
118,
118,
125,
53,
117,
114,
124,
124,
117,
124,
122,
117,
124,
122,
117,
122,
125,
119,
114,
119,
124,
114,
125,
119,
125,
19,114,
117,
125,
114,
115,
125,
122,
43,
122,
125,
117,
122,
43,
43,
122,
125,
122,
114,
117,
117,
124,
117,
43,
117,
122,
119,
117,
117,
44,
122,
119,
118,
122,
122,
122,
124,
122,
124,
122,
43,
43,
118,
125,
125,
43,
126,
122,
122,
122,
125,
43,
125,
122,
44,
43,
43,
119,
43,
122,
43,
113,
43,
44,
122,
43,
122,
46,
43,
124,
122,
125,
119,
43,
43,
122,
125,
125,
122,
126,
43,
114,
44,
43,
125,
122,
43,
119,
125,
43,
122,
125,
128,
43,
43,
126,
126,
43,
124,
125,
44,
124,
126,
43,
119,
122,
125,
43,
44,
43,
119,
124,
43,
124,
44,
124,
43,
125,
122,
126,
125,
44,
122,
39,
44,
44,
44,
43,
43,
44,
44,
43,
44,
43,
44,
43,
184,
44,
44,
176,
44,
43,
44,
43,
43,
125,
43,
44,
43,
43,
44,
128,126,
43,
43,
126,
126,
128,
124,
126,
127,
184,
126,
124,
128,
127,
128,
126,
126,
126,
184,
125,
126,125,
128,
43,
181,
128,
128,
125,
125,
126,
126,
126,
126,
126,
125,
125,
125,
124,
43,
43,
128,126,
124,
125,
126,
128,
181,
128,
125,
12,
126,
124,
126,
126,
128,126,
124,
126,
125,
124,
124,
128,
127,
127,
128,
128,
128,
127,
126,
126,
175,
127,
128,
127,
128,
128,
175,
128,
177,
128,
127,
128,
126,
127,
127,
83,
127,
128,
127,
127,
127,
128,
127,
83,
129,
127,
83,
84,
128,
128,
135,
126,
126,
83,
125,
81,
81,
83,
182,
129,
81,
127,
126,
127,
83,
177,
128,
85,
127,
127,
127,
127,
177,
127,
177,
177,
51,
129,
51,
177,
177,
129,
177,
177,
51,
51,
51,
52,
129,
51,
177,
177,
63,
129,
51,
177,
177,
52,
177,
129,
133,
30,
133,
133,
129,
129,
129,
133,
133,
30,
135,
133,
133,
30,
133,
129,
133,
133,
133,
133,
133,
133,
135,
133,
30,
135,
133,
133,
133,
133,
133,
30,
134,
133,
134,
134,
133,
133,
133,
133,
133,
30,
133,
133,
134,
134,
134,
133,
133,
133,
133,
30,
131,
131,
133,
133,
30,
133,
133,
134,
129,
129,
131,
131,
131,
133,
133,
131,
131,
129,
129,
134,
131,
131,
134,
129,
133,
134,
134,
133,
131,
129,
133,
131,
129,
131,
133,
134,
133,
138,
30,
133,
30,
30,
129,
133,
133,
30,
133,
133,
30,
133,
30,
30,
177,
30,
30,
30,
133,
30,
30,
30,
30,
30,
30,
133,
30,
30,
30,
134,
134,
134,
134,
134,
134,
134,
134,
134,
134,
110,
110,
133,
134,
110,
110,
134,
134,
134,
134,
134,
134,
134,
110,
69,
134,
134,
134,
129,
134,
133,
136,
135,
135,
86,
136,
136,
133,
138,
136,
133,
135,
134,
30,
135,
136,
135,
135,
136,
136,
135,
133,
139,
134,
135,
133,135,
134,
136,
134,
133,135,
136,
135,
30,
133,
136,
133,
136,
133,
29,
30,
134,
137,
133,
134,
69,
133,135,
133,
136,
133,
135,
86,
30,
30,
133,
134,
138,
133,
133,
67,
138,
102,
137,
139,
135,
140,
137,
137,
138,
140,
137,
137,
137,
99,
133,135,
137,
134,
136,
140,
138,
139,
137,
138,
140,
137,
137,
140,
137,
140,
137,
103,
141,
140,
146,
82,
144,
52,
144,
107,
139,
138,
42,
42,
141,
142,
141,
136,
44,
141,
140,
142,
138,
140,
47,
138,
136,
138,
138,
140,
138,
138,
141,
47,
42,
47,
141,
144,
140,
138,
139,
42,
138,
42,
141,
138,
47,
44,
107,
141,
138,
141,
107,
144,
146,
138,
139,
107,
146,
146,
144,
109,
140,
141,
144,
108,
141,
42,
109,
42,
144,
104,
146,
109,
134,
146,
142,
139,
141,
140,
144,
146,
146,
146,
141,
146,
42,
146,
42,
144,
146,
141,
42,
146,
138,
141,
139,
140,
141,
141,
141,
146,
138,
141,
141,
146,
146,
144,
144,
146,
144,
142,
146,
138,
142,
141,
146,
146,
146,
146,
141,
144,
142,
142,
142,
144,
142,
141,
146,
142,
142,
146,
142,
144,
141,
141,
146,
146,
142,
146,
146,
146,
144,
146,
82,
144,
144,
146,
144,
146,
42,
146,
146,
82,
82,
144,
146,
146,
146,
144,
144,
141,144,
82,
144,
146,
144,
146,
146,
82,
146,
144,
82,
82,
146,
146,
144,
82,
146,
82,
146,
146,
144,
82,
82,
61,
61,
82,
82,
82,
144,
82,
20,
146,
146,
146,
151,
146,
146,
146,
146,
146,
146,
109,149,
146,
144,
150,
148,
146,
146,
150,
8,
151,
150,
146,
146,
146,
151,
148,
146,
146,
146,
146,
82,
82,
149,
82,
146,
146,
146,
146,
82,
82,
82,
82,
146,
144,
146,109,
82,
82,
147,
146,
82,
82,
146,
146,
81,
146,
82,
82,
82,
82,
149,
150,
150,
150,
150,
150,
150,
150,
150,
150,
149,
30,
150,
151,
151,
150,
150,
144,
149,
150,
150,
150,
150,
150,
150,
149,
150,
150,
150,
149,
151,
151,
151,
151,
151,
151,
150,
151,
151,
151,
109,
150,
151,
149,
149,
149,
151,
149,
149,
151,
150,
149,
151,
149,
150,
150,
151,
149,
151,
149,
151,
28,
151,
28,
8,
8,
5,
149,
149,
30,
8,
151,
149,
28,
151,
151,
149,
151,
8,
8,
151,
142,
29,
151,
151,
151,
142,
151,
28,
8,
150,
30,
151,
35,
31,
35,
150,
151,
154,
152,
150,
35,
30,
151,
30,
150,
150,
150,
34,35,
31,
30,
151,
30,
150,
150,
31,
188,
38,
151,
31,
151,
188,
188,
151,
151,
152,
151,
151,
188,
188,
188,
151,
151,
188,
31,
151,
188,
151,
35,
35,
151,
151,
188,
181,
151,
184,
151,
151,
185,
151,
149,
149,
151,
154,
149,
154,
155,
154,
151,
149,
151,
154,
175,
149,
155,
25,
155,
154,
155,
151,
151,
155,
149,
155,
151,
151,
155,
151,
151,
178,
155,
155,
178,
154,
155,
151,
155,
154,
151,
151,
154,
154,
151,
154,
175,
154,
155,
151,
154,155,
155,
155,
151,
151,
151,
151,
151,
154,
151,
155,
86,
178,
152,
155,
155,
154,
154,
188,
154,
155,
151,154,
154,
154,
155,
155,
154,
155,
154,
155,
181,
151,
155,
155,
155,
154,
154,
178,
155,
151,
155,
144,
155,
175,
155,
155,
59,
155,
155,
155,
155,
155,
155,
155,
155,
155,
155,
155,
155,
154,
178,
155,
177,
155,
178,
149,
155,
178,
175,
155,
155,
86,
86,
86,
155,
86,
86,
155,
86,
86,
86,
86,
86,
155,
86,
155,
86,
86,
86,
86,89,
86,
86,
86,
86,
86,
155,
86,
89,
155,
86,
94,
94,
157,
91,
94,
93,
89,
102,
157,
91,
157,
155,
157,
157,
94,
158,
157,
93,
157,
89,
157,
157,
92,
89,
158,
158,
156,
157,
157,
155,
155,
160,
157,
157,
158,
155,
155,
158,
158,
158,
158,
157,
158,
157,
157,
158,
158,
158,
158,
158,
155,
158,
155,
158,
155,
86,
155,
157,
176,
155,
156,
156,
154,
156,
156,
155,
155,
156,
156,
157,
156,
155,
156,
159,
155,
80,
156,
155,
156,
155,
156,
155,
86,
155,
151,
160,
160,
157,
154,
154,
157,
151,
157,
160,
154,
157,
157,
155,
151,
160,
157,
160,
157,
160,
154,160,
157,
154,160,
157,
160,
157,
155,
157,
157,
160,
157,
157,
159,
158,
160,
158,
160,
86,
157,
86,
158,
160,
160,
160,
157,
157,
157,
157,
160,
160,
160,
157,
160,
157,
160,
157,
163,
162,
160,
160,
160,
128,
159,
159,
159,
159,
159,
159,
159,
159,
159,
162,
155,
159,
157,
159,
160,
162,
159,
159,
157,
160,
160,157,
159,
157,
128,
159,
159,
154,
162,
162,
160,
160,
128,
160,
162,
160,
160,
162,
160,
165,
128,
128,
163,
128,
160,
162,
160,
162,
164,
162,
159,
163,
160,
128,
159,
160,
162,
159,
160,
83,
83,
70,
83,
164,
128,
164,
128,
86,
86,
85,
164,
164,
164,
160,
159,
86,
164,
164,
128,
70,
70,
160,
160,
162,
86,
86,
70,
164,
70,
80,
160,
83,
164,
165,
157,
5,
83,
81,
80,
162,
162,
165,
82,
83,
163,
83,
81,
83,
166,
83,
83,
128,
83,
128,
164,
165,
81,
83,
164,
83,
163,
162,
164,
163,
83,
170,
164,
164,
168,
159,
162,
168,
164,
83,
83,
83,
164,
82,
164,
83,
83,
128,
164,
163,
83,
164,
159,
163,
170,
83,
83,
89,
83,
86,
52,
83,
83,
85,
83,
87,
164,
87,
168,
166,
83,
83,
83,
83,
83,
87,
83,
87,
83,
83,
83,
86,
85,
85,84,
166,
157,
164,
83,
83,
170,
164,
169,
168,
52,
170,
173,
52,
168,
170,
128,
82,
168,
168,
166,
83,
170,
83,
170,
166,
169,
169,
168,
169,170,
52,
164,
169,
52,
52,
83,
83,
164,
164,
169,
166,
168,
52,
168,
170,
164,
102,
52,
169,
170,
52,
83,
52,
169,
52,
168,
164,
128,
1,
0,
80,
0,
50,
81,
82,
83,
2,
0,
52,
83,
52,
52,
170,83,
52,
52,
81,
0,
52,
168,
4,
81,
50,
168,
168,
0,
168,
0,
0,
171,
100,
171,
171,
171,
169,
171,
171,
168,
168,
168,
171,
171,
169,
169,
83,
100,
169,
170,
100,
169,
171,
168,
102,
100,
169,
50,
169,
169,
190,
187,
189,
172,
190,
190,
187,
190,
187,
190,
185,
190,
171,
189,
172,
171,
189,
171,
190,
187,
190,
190,
172,
176,
175,
154,
155,
176,
154,
177,
177,
175,
171,
171,
171,
174,
175,
154,
177,
171,
175,
171,
171,
175,
155,
178,
176,
175,
169,
171,
171,
52,
175,
187,
187,
175,
187,
187,
43,
187,
187,
184,
187,
171,
187,
181,
187,
187,
177,
184,
184,
171,
187,
187,
187,
171,
187,
187,
187,
187,
187,
175,
175,
178,
175,
181,
175,
175,
178,
175,
151,
175,
175,
175,
177,
177,
175,
175,
175,
26,178,
177,
178,
175,
175,
126,
175,
175,
177,
175,
175,
181,
175,
174,
174,
177,
175,
184,
174,
63,
175,
175,
176,
175,
187,
175,
187,
176,
176,
176,
26,
176,
175,
175,
181,
176,
187,
177,
154,
175,
187,
175,
177,
177,
177,
63,
63,
26,
61,
177,
177,
177,
26,
177,
63,
63,
176,
177,
177,
177,
177,
177,
63,
63,
63,
63,
63,
63,
154,
63,
30,
177,
178,
178,
178,
178,
178,
178,
178,
178,
178,
178,
178,
178,
178,
178,
178,
178,
178,
176,
178,
178,
178,
178,
178,
178,
178,
178,
178,
178,
178,
178,
177,
179,
177,
181,
184,
69,
178,
178,
175,
178,
178,
26,
177,
178,
177,
178,
181,
177,
178,
178,
178,
181,
178,
177,
178,
181,
181,
178,
63,
178,
178,
178,
178,
178,
178,
177,
63,
179,
178,
178,
179,
178,
178,
178,
178,
178,
178,
178,
178,
178,
179,
178,
178,
178,
178,
178,
177,
178,
178,
178,
187,
184,
179,
184,
181,184,
178,
184,
181,
184,
125,
184,
177,
179,
184,
181,
181,
187,
60,
178,
178,
181,
181,
177,
181,
184,
178,
185,
185,
43,
179,
184,
184,
185,184,
185,
41,
43,
181,
185,
185,
181,
177,
185,
43,
44,
184,
43,
184,
185,
181,
184,
43,
184,
181,
185,
43,
43,
185,
184,
184,
177,
187,
184,
185,
181,
185,
184,
181,
43,
184,
184,
184,
178,
184,
181,
184,
181,183,
43,
181,
184,
184,
177,
184,
181,
184,
184,
184,
185,
184,
184,
185,
181,
184,
127,
185,
187,
185,
184,
184,
43,
184,
43,
184,
184,
187,
187,
43,
43,
184,
184,
187,
185,
187,
43,
44,
44,
43,
185,
187,
43,
197,
43,
187,
43,
199,
188,
187,
44,
44,
44,
184,
185,
45,
44,
184,
44,
198,
185,
185,
43,
185,
185,186,
43,
43,
43,
187,
187,
187,
187,
187,
115,
187,
187,
187,
185,
185,
187,
187,
199,
187,
187,
189,
187,
187,
187,
185,
187,
187,
187,
125,
187,
185,
187,
187,
187,
187,
187,
187,
187,
187,
187,
187,
63,
187,
187,
187,
121,
187,
115,
187,
187,
187,
115,
187,
187,
187,
187,
187,
187,
43,
187,
187,
187,
187,
188,
188,
188,
188,
31,
188,
188,
188,
185,
188,
188,
185,
185,
43,
31,
188,
188,
188,
31,
188,
185,186,
43,
188,
185,186,
31,
188,
185,
33,36,
185,186,
33,
187,
187,
187,
187,
187,
187,
187,
187,
187,
187,
187,
187,
185,187,
187,
187,
187,186,
187,
187,
187,
187,
187,
184,
187,
187,
185,
187,
187,
185,
187,
187,
187,
186,
194,
187,
187,
197,
187,
189,
187,
187,
189,
187,
187,
189,
196,
194,
187,
190,
187,
192,
189,
187,
187,
187,
187,
187,
185,
187,
187,192,
187,
186,
185,
185,
188,
196,
186,
186,
186,
188,
186,
188,
186,
189,
185,
188,
199,
186,
188,
186,
185,186,
185,186,
188,
189,
194,
185,
189,
186,
188,
186,
186,
192,
194,
189,
185,
194,
185,
192,
194,
194,
194,
194,
196,
196,
189,
192,
192,
192,
196,
194,
185,186,
194,
194,
0,
196,
196,
194,
194,
186,
196,
194,
196,
197,
185,
185,
185,186,
197,
196,
46,
43,
194,
185,
189,
196,
185,
197,199,
189,
197,
197,
197,
197,
196,
196,
197,
196,
192,
197,
196,
194,
189,
197,
194,
196,
196,
197,
192,
196,
194,
196,
194,
196,
196,
197,
196,
194,
194,
197,
29,
198,
197,195,
197,
197,
197,
0,
196,
185,
194,
197,
197,
197,
196,
195,
195,
198,
195,
198,
197,
0,
195,
195,
192,
0,
195,
15,
0,
196,
0,
197,
198,
198,
198,
197,
195,
0,
0,
47,
194,
196,
17,
197,
197,
197,
47,
176,
141,
45,
42,
196,
197,
177,
45,
42,
197,
138,
176,
197,
197,
197,
198,
176,
45,
45,
198,
175,
197,
0,
177,
45,
197,
177,
177,
177,
0,
0,
198,
0,
198,
0,
0,
198,
197,
198,
0,
198,
0,
198,
198,
198,
0,
197,
177,
0,
198,177,
175,
198,
0,
0,
45,
198,
198,
177,
177,
177,
198,
137,
0,
198,
198,
177,
177,
29,
177,
177,
198,
137,
138,
0,
0,
177,
137,
177,
198,
198,
137,
63,
177,
0,
177,
0,
0,
198,
29,
198,
0,
0,
198,
0,
0,
0,
0,
0,
0,
0,
0,
198,
198,
1,
0,
198,
29,
198,
0,
0,
0,
198,
0,
198,
0,
