199,
199,
0,
0,
199,
199,
1,
0,
199,
1,
197,194,
0,
2,
80,
199,
79,
0,80,
0,
199,
0,
0,
80,
0,80,
0,
80,
199,
0,
199,
199,
1,
1,
1,
1,
170,
92,
92,
1,
199,
199,
1,
92,
1,
199,
4,
199,
199,
199,
1,
1,
1,
92,
92,
1,
199,
6,
92,
92,
92,
1,
199,
6,
78,
3,5,
1,
6,
3,
3,
6,
6,
2,
4,
6,
2,
2,
2,
3,
6,
3,
79,
4,
2,
2,
2,
2,3,
3,5,
2,
6,
77,
3,
3,5,
3,
3,
3,
2,
3,
3,
3,
176,
3,
3,
4,
3,
3,5,
3,
3,
3,5,
3,
3,5,
3,
48,
48,
4,
3,4,5,
3,5,
3,
3,
3,
3,
48,
6,
6,
2,
6,
3,5,
6,
8,
4,
4,
102,
102,
6,
6,7,
102,
4,
101,
4,
6,
6,
4,
4,
4,
102,
4,
6,
2,
7,
4,6,
6,
4,
77,
159,
4,
4,
149,
3,5,
3,5,
6,
78,77,
2,
4,
8,
3,
2,
6,
6,
2,
3,
161,
149,
2,
6,
3,5,
8,
6,
4,
4,
3,
149,
77,
6,
6,
6,
6,
6,
4,
6,
4,
6,
6,
6,
9,
1,
6,
6,
9,
162,
6,
1,
6,
9,
6,
4,
1,
6,
6,
4,
1,
6,
6,
8,
8,
149,
8,
7,
8,
7,
6,
6,
8,
6,
6,
9,
9,
10,
6,
6,
6,
8,
8,
6,
6,
10,
6,
8,
8,
6,
6,
8,
149,
149,
4,
8,
8,
149,
149,
6,
149,
8,
149,
149,
8,
8,
149,
8,
6,
149,
28,
149,
149,
149,
149,
149,
8,
149,
8,
8,
8,
6,
9,
9,
6,
9,
9,
9,
9,
9,
6,
9,
8,
9,
4,
6,
9,
6,
9,
9,
9,
9,
9,
8,
9,
6,
9,
162,9,
9,
9,
6,
10,
9,
10,
10,
126,
10,
10,
10,
9,
10,
6,
10,
10,
10,
10,
10,
10,
10,
10,
9,
9,
10,
10,
10,
9,10,
10,
10,
10,
10,
42,
9,
42,
9,
11,
42,
11,
11,
11,
11,
42,
42,
59,
42,
9,
11,
11,
11,
9,
11,
42,
42,
42,
11,
42,
11,
11,
11,
9,
9,
9,
9,
9,
43,
11,
11,
12,
12,
9,
12,
9,
10,
124,
9,
9,
9,
8,
11,
10,
9,
11,
14,
10,
11,
10,
9,
11,
15,
16,
11,
11,
11,
14,
10,
9,
9,
10,
11,
11,
8,
9,
10,
10,
193,
9,
42,
9,
11,
11,
9,
11,
11,
11,
9,
9,43,
16,
9,
9,
6,
9,
11,
14,
9,
9,
14,
14,
16,
9,
16,
9,
14,
11,
14,
14,
16,
18,
15,
13,
20,
16,
13,
9,
17,
13,
13,
13,
17,
15,
16,
15,
18,
15,
1,
17,
17,
15,
1,
15,
13,
13,
16,
11,
16,
42,
6,
16,
16,
11,
16,
20,
16,
16,
112,
16,
16,
21,
16,
11,
16,
28,
16,
17,
19,
16,
17,
17,
16,
17,
20,
13,
13,
18,
11,
16,
17,
20,
17,
20,
17,
16,
17,
16,
20,
20,
17,
25,
16,
17,
20,
15,
17,
16,
17,
17,
17,
16,
17,
16,
17,
20,
20,
17,
20,
17,
20,
18,
21,
18,20,
16,
21,
20,
18,
16,
17,
18,
20,
17,19,
18,
26,
16,
18,
18,
18,
21,
20,
16,17,
18,
17,
18,
18,
18,
20,21,
16,18,
18,
20,
17,
16,
16,
19,
20,
19,
17,
16,
16,
19,
19,
20,
20,
17,
19,
6,
19,
17,
18,
21,
19,
20,
19,
18,
19,
18,
17,
18,
19,
20,
20,
1,
20,
20,
20,
20,
20,
1,
1,
20,
20,
20,
20,
20,
20,
1,
20,
20,
1,
1,
20,18,
18,20,
20,
17,
20,
20,
20,
1,
1,
27,
21,
19,
25,
26,
21,
26,
20,21,
20,
20,
26,
26,
21,
18,
21,
21,
26,
21,
18,
26,
26,
23,
20,
26,
26,
19,
21,
18,
26,
21,
20,
21,
27,
21,
25,
22,
27,
26,
23,
23,
23,
26,
22,
27,
23,
21,
27,
21,
23,
25,
25,
22,
18,23,
28,
23,
28,
21,
27,
18,
22,
26,
25,
23,
20,
27,
20,
20,
20,
18,23,
21,
20,
23,
20,
20,
23,
22,
25,
22,
22,
149,26,
20,
20,
20,
20,
20,
22,
22,
23,
27,
149,
26,
26,
28,
22,
30,
26,
22,
28,
148,
26,
25,
25,
27,
25,
152,
26,
133,
149,
23,
28,
26,
26,
27,
26,
25,
26,
26,
133,
25,
25,
25,
27,
25,
25,
25,104,
149,
25,
25,
25,
113,
27,
25,
25,
25,
25,
26,
22,
25,
25,
22,
25,
25,
26,
25,
28,
27,
25,
104,
26,
26,
26,
26,
26,
26,
133,
177,
26,
149,
26,
26,
26,
26,
29,
29,
26,
26,
26,
26,
26,
30,
29,
29,
26,
26,
26,
29,
26,
26,
133,
27,
26,
28,
26,
30,
27,
29,
30,
29,
27,
133,
27,
27,
27,
26,
27,
149,
29,
26,
26,
0,
27,
26,
26,
29,
26,
149,
27,
30,
27,
26,
28,
27,
27,
26,
142,
28,
27,
28,
27,
25,
28,
28,
27,
25,
25,
28,
27,
27,
25,
27,
29,
27,
26,
25,
28,
25,
142,
28,
136,
29,
26,
136,
0,
133,
0,
26,
67,
29,
30,
29,
136,
29,
30,
29,
29,
0,
29,
133,
29,
0,
136,
26,
0,
30,
133,
26,
149,
133,
133,
30,
133,
27,
133,
133,
133,
149,
149,
149,
136,
26,
133,
133,
133,
29,
30,
133,
87,
133,
30,
133,
27,
133,
87,
133,
133,
30,
30,
30,
188,
30,
188,
191,
27,
30,
31,
149,
149,
133,
30,
30,
31,
188,
30,
133,
30,
31,
133,
188,
188,
149,
31,
29,
27,
30,
188,
30,
30,
133,
35,
133,
31,
30,27,
30,
149,
133,
30,
30,
133,
133,
188,
30,
133,30,
30,27,
30,
31,
31,
31,
188,
133,
31,
188,
31,
0,
30,
30,
133,
32,
155,
35,
35,
155,
35,
178,
32,
35,
35,
32,
35,
178,
35,
178,
31,
35,
180,
32,
35,
35,
178,
35,
32,
35,
35,
178,
178,
155,
150,
178,
35,
35,
35,
188,
38,
35,
35,
35,
178,
32,
188,
30,
35,
32,
38,
188,
35,
178,
149,
38,
35,
38,
150,
188,
32,
32,
35,
155,
178,
35,
155,
32,
178,
178,
178,
35,
38,
35,
51,
35,
38,
178,
178,
155,
178,
35,
178,
155,35,
35,
35,
178,
35,
38,
35,
178,
178,
35,
35,
30,
38,
150,
39,
38,
43,
38,
38,
150,
38,
39,
40,
31,
38,
39,
150,
147,
38,
38,
40,
31,32,
150,
39,
39,
40,
40,
38,
35,
150,
38,
155,
43,
38,
40,
35,
38,
38,
43,
38,
38,
35,
39,
150,
31,
38,
38,
38,
40,
38,
39,
38,
35,
38,
35,
38,
188,
150,
151,
150,
38,
150,
150,
35,
40,
39,
150,
150,
38,
150,
39,
38,
35,
147,150,
150,
38,
38,
147,
38,
124,
150,
38,
39,
40,
38,
40,
40,
40,
39,
43,
150,
150,
150,
40,
40,
38,
39,
39,
40,
150,
150,
38,
40,
40,
150,
150,
40,
147,
150,
39,
39,
39,
39,
38,
43,
39,
40,
43,
40,
40,
43,
43,
40,
40,
43,
40,
43,
40,
40,
39,
40,
40,
40,
40,
40,
40,
40,
40,
188,
40,
43,
39,
40,
40,
40,
40,
43,
40,
44,
43,
43,
43,
43,
43,
43,
44,
42,
39,
40,
43,
39,
43,
40,
40,
124,
150,
39,
40,
39,
40,
44,
43,
43,
43,
43,
124,
42,
44,
44,
42,
11,
42,
42,
44,
42,
43,
40,
39,
44,
44,
42,
42,
42,
42,
42,
42,
43,
44,
43,
42,
42,44,
44,
42,
42,
42,
42,
40,
43,
185,
124,
43,
124,
43,
43,
40,
40,
43,
187,
43,
40,
43,
124,
43,
124,
43,
188,
43,
43,
40,
124,
43,
185,
43,
39,
185,
40,
43,
44,
44,
40,
44,
44,
44,
44,
42,
44,
44,
43,
42,
43,
43,
44,
44,
42,
43,
43,
42,
46,
43,
44,
43,
43,
44,
44,
44,
44,
197,194,
48,
43,
44,
45,
44,
196,
44,
46,
197,194,
196,
196,
45,
48,
46,
42,44,
43,
44,
44,
196,
45,
44,
44,
44,
94,
196,
46,
196,
199,
46,
48,
46,
48,
50,
46,
50,
48,
46,
48,
48,
48,
50,
44,
48,
48,50,
46,
48,
43,
46,48,
46,
45,
42,
48,
44,
44,
48,
48,
44,
48,
124,
46,
48,
46,
123,
47,
47,
44,
47,
123,
47,
139,
124,
124,
47,
124,
47,
48,
48,
48,
124,
48,
47,
124,
48,
48,
48,
48,
48,
48,
91,
50,
48,
91,
50,
48,
48,
48,
50,
48,
49,
48,
48,
48,
47,
50,
50,
90,
48,
48,
48,
48,
48,
50,
49,
50,
49,
48,
48,
49,
49,
53,
48,
49,
49,
49,
49,
52,
52,
49,
49,
49,
82,
48,
49,
50,
83,
49,
51,53,
49,
48,
48,
48,
46,
47,
48,
48,
50,
50,
48,
48,
48,
52,
48,
50,
48,44,
47,
50,
50,
15,
92,170,50,
170,
48,
170,
170,
50,
91,
50,
50,
48,
50,
48,
48,
50,
51,
178,
51,
51,
51,
51,
51,
51,
56,
51,
51,
51,
178,
51,
51,
178,
51,
51,
53,
51,
51,
51,
51,
51,
51,
59,
51,
49,
51,
51,
58,
49,
56,
53,
49,
118,
53,
58,
49,
50,
80,82,
80,82,
58,
58,
82,80,
82,80,
49,
51,
49,
53,
49,
80,82,
59,
82,80,
53,
80,
49,
49,
49,
58,
113,
53,
53,
52,
118,
56,
53,
118,
53,
118,
53,
53,
118,
53,
56,
56,
56,
53,
53,
56,
118,
56,
53,
53,
53,
53,
53,
53,
53,
53,
56,
56,
52,
57,
58,
53,
52,
58,
53,
56,
56,
56,
59,
56,
51,
56,
53,
49,
59,
58,
58,
58,
82,80,
155,
49,
56,
58,
56,
56,
56,
56,
58,
58,
58,
58,
56,
58,
58,
57,
82,
58,
58,
56,
58,
53,
58,
82,53,
58,
49,52,
58,
56,
58,
59,
59,
56,
56,
56,
58,
58,
59,
56,
58,
59,
56,
56,
53,
57,
56,
58,
58,
56,
126,
59,
57,
53,
56,
58,
58,
53,
56,
56,
58,
56,
53,
57,
57,
74,
57,
57,
57,
57,
42,
57,
42,
57,
42,
57,
57,
42,
44,
57,
42,
57,
60,
71,
42,
57,
60,
42,
42,
71,
59,
60,
42,
58,
83,
128,
59,
58,
144,
144,
58,
58,
58,
58,
58,
58,
58,
58,
58,
58,
58,
58,
58,
58,
58,
58,
59,
58,
58,
58,
58,
59,
58,
56,
58,
59,
59,
61,
59,
59,
59,
59,
155,
58,
59,
59,
56,
59,
56,
59,
59,
155,
155,
152,
56,
59,
59,
152,
58,
59,
56,
59,
56,
187,
62,
57,
187,
187,
187,
57,
57,
187,
42,
187,
187,
60,
57,
57,
60,
60,
60,
187,
187,
60,
74,
59,
60,
72,
57,
187,
60,
57,
57,
63,
58,
59,
59,
144,
58,
63,
58,
58,
58,
58,
61,
58,
58,
59,
146,
58,
58,82,
59,
60,
64,
149,
59,
58,
59,
59,
58,
60,
58,
177,
60,
59,
59,
57,
62,
60,
60,
176,
60,
60,
62,
80,82,
176,
59,
58,
61,
57,
60,
59,
61,
59,
59,
62,
59,
60,
60,
57,
59,
176,
59,
42,
177,
58,
64,
61,
59,
60,
59,
63,
70,
177,
63,
57,
63,
57,
59,
64,
63,
177,
59,
63,
60,
61,
57,
177,
63,
61,
57,
57,
57,
60,
57,
177,
62,
58,
61,
61,
62,
59,
60,
64,
63,
176,
67,
63,
59,
62,
63,
63,
56,
59,
64,
70,
60,
60,
59,
59,
62,
62,
61,
67,
60,
67,
67,
60,
136,
69,
67,
71,70,
70,72,71,
71,70,
67,
67,
60,
67,
60,
177,
29,
67,
67,
62,
42,
94,
136,
67,
62,
66,
62,
67,
65,
71,70,
66,
72,
67,
67,
60,
66,
67,
60,
66,
66,
69,
71,70,
69,
67,
66,
70,71,
70,71,
72,70,71,
67,
69,
67,
67,
136,
60,
67,
63,
60,
66,69,
70,69,
67,
72,
67,
134,
136,
67,
136,
67,
136,
66,
67,
67,
67,
136,
67,
67,
67,
67,
67,
67,
67,
67,
67,
66,
67,
66,69,
67,
67,
67,
164,
67,
72,
67,
164,
67,
70,
164,72,
70,
67,
71,70,
164,
74,
70,
72,
70,
70,
164,
70,
69,
164,
67,
70,71,
67,
67,
70,
67,
72,
69,
72,
69,
69,
69,
72,
70,
70,
70,
66,
72,
72,
72,
70,
69,
70,
71,70,
70,71,
70,
72,
70,
70,71,
71,70,
178,
70,
72,
71,70,
74,
69,
70,
70,
70,
70,
70,
164,
70,
164,
70,
60,
70,60,
70,
164,
164,
164,
164,
72,
69,
66,
164,
70,
72,
70,
70,
70,
164,
70,
70,
164,
69,
60,
72,
69,
70,
57,
72,
60,
57,
72,
72,
70,71,
72,
60,
70,
72,
70,71,
70,71,
60,
72,
72,
60,
69,
60,
69,
70,71,
71,70,
72,
187,
60,
72,
72,
72,
72,
72,
72,
72,
72,
72,
72,
75,
72,
72,
75,
72,
72,
72,
72,
178,
178,
72,
178,
72,
72,
72,
72,
74,77,
178,
178,
75,
155,
146,
77,
79,
77,
72,74,
70,
77,
70,
146,
80,82,
70,
81,
70,
146,
74,
81,
72,
164,
74,
146,
77,
77,
72,
77,
77,
81,
80,82,
82,80,
74,
74,
72,
74,
74,
72,
74,
72,
77,
77,79,
72,
74,
74,
79,
77,
77,
178,72,
71,70,
77,
72,
72,
72,
77,
74,
72,
72,
72,
74,
77,
72,
72,
80,
75,
109,
77,75,
72,
77,
72,
72,
74,
77,
110,
78,77,
72,
74,
75,
78,77,
110,
110,
72,
77,
81,
75,77,78,
110,
111,
81,
81,
78,77,
77,
72,
77,
78,77,
57,
72,
75,
75,
71,70,
70,
70,71,74,
70,71,
71,70,
72,
164,
72,
69,
70,71,
77,
70,
69,
72,
164,
72,
71,70,
67,
70,71,
70,
72,
74,
72,
77,
83,
71,70,
77,
77,79,
77,
80,
75,
81,
78,77,
77,
79,
77,
77,
77,
77,
78,77,
77,
77,
78,77,
75,
80,
77,
83,
80,
83,
75,
77,
81,
60,
77,
57,
77,
78,77,
77,
78,77,
78,77,
77,
79,
83,
78,77,
78,77,
3,5,
78,77,
77,
78,77,
78,77,
80,
78,77,
77,
77,
78,77,
77,
5,
79,
72,
77,
78,77,
78,77,
78,77,
79,
81,
77,
149,
80,
81,
80,
81,
80,82,
83,
80,
83,
80,
81,
77,
80,
80,
81,
81,
80,
78,77,
77,
80,
80,
79,
81,
81,
80,
159,
80,
83,
80,
80,
80,82,
81,
80,
83,
81,
80,
81,
80,
81,
83,81,
80,
83,
80,
80,
80,
80,
81,
80,
79,
80,
83,
83,
83,
80,
83,
80,
80,
81,
81,
114,
81,
83,
83,
81,
83,
83,
83,
80,
83,
81,
83,
81,
81,
111,
83,
81,
83,
81,
83,
83,81,
83,
83,
111,
81,
81,
83,
81,
82,80,
80,
80,82,
82,
80,82,
81,
82,80,
146,
85,
80,82,
142,
82,80,
80,
146,
82,
80,82,
146,
146,
52,
80,82,
80,82,
80,
146,
58,
80,82,
49,
58,
58,
61,
146,
83,
87,
81,
83,
83,
128,
83,
83,
83,
167,
160,
83,
83,
83,
170,
83,
83,
83,
165,
83,
83,
83,
170,
83,
83,
170,
167,
170,
81,
83,
83,
83,
83,
84,
86,
83,
111,
83,
83,
83,
81,
83,
83,
111,
83,
88,
132,
83,
83,
86,
83,
81,
86,
83,
86,
170,
131,
81,
83,
81,
87,
163,
70,
87,
87,
85,
87,
167,
70,
167,
86,
87,
87,
87,
167,
167,
87,
83,
167,
136,
86,
83,
163,
87,
87,
70,
164,
86,
83,
87,
86,
86,
87,
83,
83,
88,
83,
86,
86,
83,
81,
83,
83,
88,
84,
83,
87,
86,
83,
83,
87,
135,
86,
83,
86,
88,
86,
83,
87,
87,
87,
88,
167,
87,
87,
87,
87,
87,
167,
88,
87,
83,
87,
87,
87,
135,
87,
93,
87,
87,
87,
87,
87,
87,
87,
105,
87,
83,
88,
88,
88,
88,
88,
88,
88,
88,
88,
88,
88,
88,
88,
87,
88,
88,
88,
86,
88,
86,
88,
88,
87,
88,
88,
88,
88,
88,
88,
88,
88,
92,
93,
89,
90,
90,
92,
86,
167,
89,
88,89,
90,
90,
89,
88,
92,
88,
89,
89,
90,
93,
87,
89,
89,
87,
89,
88,
88,
88,
94,
92,
92,
88,
88,
88,
88,
88,
90,
88,
90,
89,
88,
88,
90,
90,
88,
89,
92,
88,
88,
90,
92,
90,
88,
88,
88,
88,
90,
89,
88,
89,
91,
91,
90,
92,
48,
90,
91,
91,
88,
90,
94,
93,
93,
88,
91,
90,
94,
94,
48,
48,
93,
93,
93,
96,
91,
93,
93,
94,
93,
92,
93,
94,
69,
69,
92,
92,
94,
89,
92,
69,
69,
92,
92,
89,
92,
92,
93,
92,
92,
92,
92,
89,
69,
92,89,
92,
89,
89,
69,
90,
90,
90,
93,
94,
93,
93,
90,
91,
93,
93,
91,
48,
93,
90,
88,
93,
91,
91,
91,
93,
94,
94,
90,93,
94,
93,
93,
93,
93,
93,
91,
94,
94,
94,
94,
94,
94,
157,
94,
94,
94,
94,
94,
94,
94,
94,
94,
96,
94,
94,
94,
94,
94,
94,
94,
94,
96,
94,
94,
96,
94,
96,
94,
96,
96,
94,
94,
94,
96,
94,
97,
96,
94,
96,
94,
96,
94,
100,
94,
94,
96,
94,
94,
94,
94,
96,
94,
137,
94,
96,
96,
96,
96,
25,
94,
96,
94,
94,
25,
94,
94,
97,
94,
96,
97,
96,
96,
97,
96,
96,
96,
96,
96,
96,
96,
96,
96,
96,
96,
96,
137,
137,
96,
100,
96,
97,
139,
96,
97,
96,
96,
137,
96,
96,
96,
198,
97,
97,
96,
137,
96,
198,
97,
94,
96,
96,
96,
97,
100,
100,
98,
98,
99,
137,
94,
100,
94,
96,
99,
137,
96,
96,
99,
100,
96,
171,100,
99,
96,
96,
96,
96,
98,
97,
96,
97,96,
198,
96,
96,
100,
97,
96,
96,
137,
100,
97,
96,
96,
96,
137,
139,
100,
96,
97,
97,
100,
97,
137,
97,
99,
100,
99,
99,
137,
97,
97,
97,
171,
97,
97,
100,
97,
97,
96,
97,
99,
171,
96,
97,
96,
97,
97,
97,99,
97,
171,
99,
96,
99,
101,
100,
100,
171,
97,
171,
97,
99,
99,
101,
101,
104,
102,
99,
101,
4,99,
101,
99,
101,
99,
99,
101,
98,
101,
101,
96,
103,
97,
99,
98,
99,
101,
101,
101,
101,
104,
99,
99,
99,
101,
102,
102,
99,
102,
158,
102,
99,
106,
102,
102,
99,
102,
99,
99,
99,
99,
99,
158,
99,
99,
97,
99,
97,
160,
99,
6,
6,
105,
105,
105,
104,
102,158,
105,
99,
105,
105,
102,
105,
105,
105,
105,
105,
105,
101,
105,
103,
105,
101,
105,
109,
105,
105,
105,
103,
103,
105,
104,
109,
101,
105,
25,
25,
25,
25,
104,
104,
25,
104,
104,
104,
25,
104,
133,
104,
107,
25,
105,
25,
25,
25,
25,
103,
101,103,
105,
105,
105,
105,
105,
134,
105,
105,
105,
105,
105,
106,
105,
105,
105,
105,
105,
105,
105,
105,
106,
105,
105,
105,
105,
104,
103,
105,
105,
105,
103,
105,
105,
146,
106,
105,
106,
109,
105,
72,
109,
104,105,
105,
109,
106,
109,
105,
105,
108,
109,
106,
105,
104,
106,
109,
109,
105,
105,
109,
106,
103,
106,
109,
105,
105,
104,
105,
110,
108,
104,
104,
109,
108,106,
110,
110,
105,
104,
106,
105,
109,
105,
107,
105,
104,
104,
104,
105,
110,
106,
104,
110,
104,
108,106,
110,
108,
110,
108,
108,
108,
108,
110,
107,
110,
108,
110,
108,106,
109,
110,
72,
108,
110,
108,
110,
107,
72,
110,108,
109,
110,
108,
110,
108,
108,
81,
112,
109,
105,
105,
81,
106,
112,
146,
109,
109,
109,
112,
81,
112,
109,
146,
109,
102,
81,
146,
110,
109,
109,
105,
146,
105,
108,106,
110,
134,
109,
81,
110,
110,
109,
134,
110,
110,
110,
105,
109,
111,
134,
110,
108,107,
110,
104,
111,
75,
134,
110,
106,
81,
110,
134,
134,
111,
110,
114,
110,
104,
111,
83,
111,
83,
83,
81,
111,
111,
25,111,
81,
81,
111,
111,
111,
110,
114,
114,
83,
8,
81,
111,
112,
111,
114,
111,
111,
114,
113,
19,
112,
112,
112,
112,
19,
112,
112,
116,
83,
112,
112,
113,
113,
19,
113,
112,
114,
111,
112,
114,
81,
112,
81,
112,
109,
112,
113,
118,
114,
114,
113,
113,114,
115,116,
118,
113,
53,
115,
25,
113,
115,
114,
8,
113,
113,
113,
8,
113,
149,
115,
8,
25,
113,
113,
8,
115,
113,
114,
112,
113,
116,
25,
114,
8,
112,
113,
114,
113,
115,
113,
114,
8,
113,
114,
114,
114,
114,
112,
114,
114,
113,
113,
8,
112,
113,
114,
112,
187,
187,
8,
113,
115,
187,
115,
8,
8,
187,
8,
115,
8,
8,
113,
187,
174,
8,
8,
8,
8,
8,
187,
8,
187,
8,
187,
115,
115,
187,
187,
8,
113,
113,
8,
8,
112,
113,114,
118,
187,
8,
187,
187,
187,
187,
113,
113,
115,187,
187,
116,
118,
113,
115,
8,115,
118,
8,
113,
115,
118,
115,
187,
113,
114,
113,
118,
118,
53,
8,
187,
118,
118,
8,
118,
8,
186,
187,
187,
118,
118,
116,
53,
187,
113,
118,
56,
118,
53,
67,
118,
118,
67,
67,
118,
118,
118,
118,
53,
67,
118,
53,
67,
187,
118,
118,
56,
118,
67,
67,
118,
118,
118,
187,
121,
118,
187,
187,
187,
187,
187,
121,
118,
123,
185,
187,
120,
120,
118,
187,
118,
123,
124,
187,
120,
187,
187,
115,
187,
118,
124,
47,
123,
123,
123,
123,
124,
124,
123,
118,
120,
123,
121,
120,
120,
124,
123,
123,
123,
120,
187,
124,
126,
123,
56,
123,
8,
121,
123,
123,
121,
53,
123,
124,
56,
126,
124,
118,
126,
124,
123,
124,
127,
124,
126,
124,
187,
123,
124,
123,
124,
124,123,
124,
118,
124,
124,
124,
120,
124,
124,
126,
124,
121,
125,
123,
126,
126,
123,
123,
121,
123,
123,
124,
187,
124,
124,
124,
123,
123,
123,
126,
124,
124,
185,
126,
124,
123,
123,
123,
124,
126,
124,
47,
126,
123,
124,
185,
124,
126,
124,
124,
123,
124,
124,
123,
123,
123,
123,
123,
47,
124,
126,
124,
123,
124,
124,
124,
124,
187,
187,
124,
124,
124,
126,
124,
187,
124,
126,
124,
123,
124,
127,
126,
124,
124,
126,
124,
126,
187,
185,
187,
124,
124,
10,
124,
124,
184,
184,124,
163,
127,
125,
127,
179,
126,
126,
127,
126,
127,163,
126,
126,
125,
124,
127,
126,
126,
124,
126,
126,
127,
126,
127,
127,
126,
126,
126,
10,
126,
126,
124,
126,
126,
127,
127,
127,
126,
10,
126,
126,
127,
126,
10,
126,
123,
126,
124,
126,
126,
126,
127,
10,
10,
127,
127,
127,
163,
163,
127,
127,
127,
126,
10,
127,
127,
128,
127,
10,
127,
127,
129,
163,
127,
163,
163,
128,
127,
163,
127,
127,
127,
128,
128,
83,
127,
10,
128,
163,
83,
83,
127,
163,
131,
126,
127,
131,
127,
83,
83,
83,
127,
163,
170,
127,
126,
126,
128,
127,
163,
128,
126,
126,
128,
127,
129,
130,
129,
177,
128,
127,
127,
129,
129,
129,
177,
129,
51,
129,
129,
129,
129,
129,
129,
128,
177,
129,
129,
129,
129,
129,
180,
127,
128,
131,
128,
131,
127,
129,
128,
128,
131,
87,
128,
132,
128,
133,
128,
128,
128,
129,
131,
131,
130,
131,
131,
128,
133,
127,
128,
133,
132,
130,
131,
131,
133,
134,
131,
132,
134,
131,
131,
129,
133,
133,
134,
133,
128,
131,
131,
136,
133,
94,
132,
133,
128,
132,
131,
133,
136,
131,135,
131,
132,
131,
129,
129,
132,
132,
132,
130,
132,
129,132,
130,
129,
128,
132,
132,
131,
132,
131,
133,
132,
128,
132,
129,
129,
128,
131,
132,
130,
129,
128,
133,
86,
133,
128,
133,
132,
136,
131,
136,
133,
133,
133,
87,
136,
135,
133,
133,
135,
133,
135,
133,
133,
87,
135,
133,
87,
133,
135,
133,
135,
131,
94,
134,
135,
131,135,
132,
94,
135,
134,
93,
110,
134,
134,
94,
134,
134,
94,
135,
94,
134,
136,
134,
94,
134,
94,
94,
136,
131,
131,
134,
135,
135,
86,
136,
135,
135,
137,
135,
137,
135,
87,
135,
137,
135,
88,
136,
136,
86,
86,
135,
135,
137,
135,
136,
133,
139,
135,
86,
137,
139,
136,
135,
135,136,
133,
136,
135,
135,
135,
135,136,
136,
133,
133,
136,
133,
135,
139,
139,
136,
137,
133,
133,
135,
135,
136,
136,
136,66,
133,
136,
136,
136,
137,
137,
198,
137,
137,
198,
137,
135,
139,
137,
139,
137,
137,
137,
96,
135,
135,
139,
139,
137,
137,
137,
198,
198,
198,
137,
137,97,
198,
198,
97,
141,
139,
139,
145,
142,
139,
142,
137,
139,
139,
42,
42,
142,
96,
141,
139,
139,
42,
139,
198,
139,
139,
142,
139,
139,
139,
139,
142,
142,
139,
139,
139,
139,
47,
142,
139,
139,
137,
142,
44,
137,
139,
139,
137,
139,
139,
137,
139,
139,
137,
137,
141,
144,
139,
137,
140,
139,
144,
141,
140,
28,
142,
139,
25,
137,
141,
140,
139,
143,
105,
142,
105,
139,
146,
135,
139,
142,
139,
141,
142,
145,
142,
42,
142,
42,
142,
42,
144,
145,
139,
42,
142,
139,
139,
139,
139,
42,
42,
145,
44,
139,
42,
42,
142,
142,
142,
142,
145,
142,
27,
142,
139,
20,
142,
141,
20,
147,
142,
139,
147,
142,
147,
28,
28,
28,
139,
145,
142,
28,
142,146,
27,
144,
139,
143,147,
146,
142,
143,
142,
144,
145,
143,
141,
141,
145,
142,
143,
146,
141,
42,
145,
142,
145,
146,
143,
139,
142,
146,
142,
142,
147,
142,
20,
146,
141,
144,
142,
144,
58,
149,
58,
146,
146,
145,
144,
146,
58,
58,
144,
141,
58,
142,
144,
58,
58,
146,
58,
149,142,146,
58,
146,
20,
20,
145,
20,
145,
145,
20,
142,
20,
142,
20,
146,
145,
145,
142,
20,
20,
145,
145,
20,
145,
142,146,
142,146,
145,
20,
20,
20,
20,
143,
20,
146,
146,
146,
149,
146,
146,
146,
146,
146,
146,
146,
146,
146,
146,
142,
142,
146,
146,
149,
146,
146,
146,
146,
149,
146,
146,
146,
146,
20,
142,
20,
20,
20,
147,
142,
20,
145,
142,
20,
147,
20,
142,
147,
145,
148,
20,
147,
148,
145,
145,
144,
147,
145,
147,
142,
147,
20,
20,
147,
149,
147,
148,
150,
148,
150,
148,
148,
149,
148,
149,
20,
148,
21,
148,
148,
21,
150,
149,
145,
148,
145,
20,
147,
148,
145,
149,
149,
21,
20,
147,
149,
149,
149,
26,
149,
26,
149,
26,
149,
149,
148,
149,
26,
26,
149,
149,
149,
26,
26,
147,
149,
148,
26,
149,
149,
26,
149,
148,
149,30,
146,
149,
147,
148,
149,
149,
151,
150,
149,
150,
150,
148,
148,
147,
149,
148,
150,
151,
149,
147,
147,
152,
148,
148,
148,
150,
149,
149,
147,
149,
149,
160,
156,159,
151,
159,
150,
151,
151,
151,
151,
188,
151,
154,
188,
151,
188,
151,
151,
151,
149,
151,
151,
160,
159,
149,
149,
151,188,
149,
151,
151,
151,
151,
152,
26,
152,
152,
152,
152,
152,
155,
152,
152,
156,159,
155,
26,
152,
152,
152,
152,
152,
149,
152,
152,
152,
154,
152,
152,
152,
149,
152,
150,
156,
154,
152,
152,
156,
152,
154,
156,159,
151,
152,
151,
159,156,
151,
152,
154,
159,
159,
152,
151,
153,
154,
151,
152,
147,148,
151,
153,
153,
149,
154,
151,
155,
151,
151,
151,
152,
154,
150,153,
151,
154,
154,
188,
151,
151,
151,
154,
155,
150,
154,
160,159,
155,
152,
152,
154,
154,
154,
151,
154,
149,
155,
152,
155,
155,
178,
154,
155,
155,
155,
153,
155,
155,
155,
158,
155,
155,
155,
152,
152,
152,
155,
155,
155,
155,
152,
155,
155,
155,
155,
155,
153,
159,
159,
159,
159,156,
159,156,
159,
159,
159,
159,
153,
156,
156,159,
156,159,
156,
156,159,
159,
156,
159,156,
156,
159,156,
159,156,
159,
159,
156,
156,
156,159,
159,
156,159,
156,159,
94,
157,
160,
156,
94,
94,
156,159,
94,
94,
159,156,
97,
158,
94,
160,
94,
158,
108,
157,
96,
162,
96,
134,
159,156,
156,
158,161,
158,
102,
161,
158,
158,
158,
158,
160,
158,
102,
160,
158,
102,
72,
158,
158,
99,
158,
158,
108,
160,
108,
158,
108,
108,
158,
158,
162,
110,
161,
3,5,
159,
159,
102,
159,
159,
159,
159,158,
159,
159,
162,
159,
159,
159,
102,
160,
160,
159,
159,
160,
149,
159,
162,
159,
160,
4,
158,
162,
160,
159,
158,
159,
160,
159,
159,
158,
161,
158,
160,
160,
99,
159,
160,
151,
161,
102,
160,
158,
161,
162,
96,
162,
159,
161,
160,
160,161,
158,
161,
151,
162,
102,
161,
158,
160,
158,
161,
160,
161,
160,
161,
158,
161,
158,
161,
158,
161,
161,
158,
161,
161,
158,161,
158,
158,
161,
162,
160,
163,
161,
158,
162,
162,
160,
163,
162,158,
162,
162,
159,
159,
162,
162,
162,
161,
162,
161,
162,
158,
6,
162,
158,
160,
162,
162,
102,
162,
128,
162,
4,
162,
162,
163,
163,
163,
163,
163,
163,
163,
161,
163,
163,166,
163,
163,
165,
163,
163,
163,
163,
161,
163,
169,
163,
169,
163,
163,
163,
163,166,
161,
163,
163,
163,166,
161,
164,
161,
164,
164,
164,
161,
161,
163,
162,
161,
161,
164,
164,
160,
161,
164,
161,
164,
161,
67,
164,
163,
163,
164,
161,
161,
164,
161,
164,
163,
163,
170,
163,
165,
170,
170,
163,
170,
165,
171,
169,
165,
170,
166,
169,
163,
170,
170,
170,
170,
163,
169,
165,
170,
169,
163,
170,
170,
171,
171,
171,
166,
170,
169,
169,
170,
169,
171,
171,
166,
163,
169,
171,
170,
165,
169,
171,
166,
164,
167,
170,
171,
171,
170,
170,
170,
163,
170,
170,
167,
167,
87,
167,
167,
170,
167,
167,
170,
167,
167,
170,
167,
167,
170,
167,
167,
167,
170,
170,
167,
167,
167,
170,
170,
170,
87,
167,
167,
171,
170,
170,
167,
170,
171,
171,
171,
171,
171,
167,
170,
170,
171,
170,
169,
165,
170,
170,
170,
170,
167,
167,
169,
171,
170,
171,
170,
169,
171,
169,
169,
83,
82,
170,
171,
170,
171,
83,
171,
170,
169,
171,
169,
170,
171,
50,
170,
171,
170,
169,
52,
171,
49,
170,
171,
170,
170,
170,
167,
170,
170,
167,
170,
170,
170,
83,
170,
50,
170,
170,
50,
167,
170,
167,
170,
83,
170,
170,
167,
170,
170,
170,
170,
170,
170,
86,
171,
171,
172,
171,
170,
171,
170,
171,
170,
171,
171,
174,
170,
171,
171,
171,
171,
167,
50,
171,
170,
171,
100,
171,
100,
171,
170,
170,
171,
171,
174,
172,
108,
171,
172,
115,
172,
173,
108,
190,
172,
173,
172,
108,
172,
172,
172,
174,
186,189,
172,
171,
171,
176,
176,
152,
152,
152,
178,
152,
177,176,
175,
152,
173,
152,
174,
173,
152,
175,
173,
173,
174,
173,
173,
152,
175,
173,
176,
174,
173,
173,
176,
173,
174,
174,
174,
176,
176,
174,
174,
174,
174,
174,
174,
174,
177,
174,
173,
177,
152,
187,
176,
174,
174,
174,
171,
174,
174,
174,
174,
174,
175,
152,
177,
152,
173,
175,
178,
178,
152,
152,
175,
175,
173,
175,
177,
175,
176,
175,
176,
175,
178,
175,
175,
126,
124,
175,
175,
173,
175,
175,
176,
42,
42,
173,
3,
173,
3,
176,
176,
176,
42,
152,
173,
3,
176,
3,
42,
42,
26,
42,
152,
3,
177,
3,
173,
176,
176,
176,
173,
3,
26,
175,
177,
176,
177,
177,
152,
177,
173,
177,
177,
177,
26,
179,
3,
3,
176,
177,
177,
177,
177,
42,
177,
176,
177,
129,
26,
177,
177,
177,
178,
51,
178,
178,
178,
152,
175,
155,
178,
51,
178,
155,
175,
155,
178,
178,
175,
178,
175,
178,
180,
178,
155,
178,
155,
51,
178,
178,
178,
178,
176,
180,
179,
180,
185,
178,
180,
179,
180,
180,
180,
180,
177,
178,
177,
180,
179,
180,
180,
155,
178,
180,
180,
179,
180,
183,
179,
183,
177,
180,
180,
175,
176,
180,
180,
176,
177,
177,
180,
177,
180,
180,
180,
180,
177,
180,
177,
180,
180,
180,
178,
175,
183,
176,
180,
180,
177,
178,
180,
180,
174,
177,
183,
187,
187,
180,
185,
180,
179,180,
126,
124,
180,
177,
174,
179,
178,
187,
186,
177,
43,
183,
183,
183,
177,
187,
180,
176,
187,
185,
179,
183,
179,
185,
187,
185,
187,
183,
179,
187,
180,
183,
188,185,
185,187,
185,
187,
187,
187,
187,
179,
179,
185,
180,
187,
185,
185,
124,
187,
179,
174,
180,
174,
187,
187,
183,
187,
183,
179,
188,
183,
180,
185,
183,
179,
188,
188,
180,
187,
184,
183,
187,
179,
180,
174,
183,
180,
187,
174,
187,
187,
124,
174,
187,
126,
187,
187,
187,
174,
187,
174,
187,
183,
185,
185,
186,
187,
184,
188,
185,
183,
187,
187,
174,
127,
174,
185,
187,
185,
174,
187,
185,
124,
187,
188,
185,
151,
187,
187,
187,
188,
187,
187,
185,
185,
185,
185,
199,
187,
187,
185,
187,
185,
187,
187,
124,
174,
186,
187,
187,
187,
187,
187,
187,
187,
188,
193,
187,
186,
174,
187,
186,
187,
187,
174,
189,
186,
187,
187,
174,
184,
187,
186,
189,
174,
187,
187,
174,
174,
187,
174,
187,
174,
174,
174,
187,
187,
187,
174,
115,
174,
186,
187,
187,
187,
187,
187,
187,
174,
174,
187,
187,
187,
187,
174,
188,
188,
188,
30,
188,
151,
188,
188,
188,
188,
151,
188,
193,
188,
188,
151,
188,
149,
188,
188,
188,
188,
188,
151,
188,
153,
151,
188,
151,
188,
174,
186,
186,
190,
186,
190,
186,
189,
187,
174,
193,
187,
189,
193,
186,
189,
174,
189,
174,
174,
186,
190,
187,
187,
190,
190,
189,
189,
187,
187,
190,
172,
193,
186,
190,
189,190,
189,
189,
187,
190,
190,
174,
172,
189,
189,
193,
189,
88,
186,
193,
172,
186,
88,
171,
174,
88,
174,
193,
172,
190,
193,
190,
191,
191,
193,
193,
191,
193,
193,
193,
191,
193,
172,
191,
191,
193,
190,
191,
193,
191,
191,
191,
190,192,
192,
191,
193,
191,
191,
191,
191,
192,
189,
193,
191,
189,
193,
189,
192,
190,
174,
192,
189,
192,
187,
192,
189,
192,
192,193,
187,
191,
193,
192,
192,
193,
193,
172,
189,
190,
193,
192,
190,
193,
187,
190,
193,
193,
193,
195,
192,193,
190,
190,
193,
192,
190,
192,
193,
192,
193,
172,
192,
187,
190,
192,
193,
193,
193,
193,
193,
187,
193,
114,
114,
114,
114,
193,
114,
192,
114,
114,
114,
190,
114,
112,
114,
114,
192,
191,
193,
192,
192,
115,
193,
114,
192,
193,
114,
194,114,
194,114,
193,
192,
114,
195,
192,
193,
112,
192,
17,
17,
193,
114,
194,
17,
114,
114,
190,
193,
194,
197,194,114,
194,
114,
195,
193,
192,193,
193,
199,
114,
112,
20,
114,
193,
199,
48,
197,194,
196,
196,
45,
194,
199,
197,194,
199,
196,
199,
196,
196,
199,
199,
197,194,
199,
43,
196,
196,
199,
46,
199,
199,
197,194,
197,194,114,
192,
197,194,
196,
197,194,114,
0,
197,194,
194,114,
197,194,
194,114,
0,
199,
194,114,
193,
0,
194,
197,194,114,
0,
194,114,
0,
197,194,114,
0,
193,
197,
197,194,114,
0,
197,194,
0,
0,
0,
196,
197,
194,114,
177,
2,
198,
198,
137,
197,194,
198,
198,
198,
177,
197,194,
198,
198,
198,
198,
137,
198,
80,
198,
198,
198,
0,
0,197,
44,
133,
198,
199,
198,
199,
199,
199,
199,
199,
199,
199,
199,
199,
199,
185,
199,
199,
199,
199,
199,
199,
199,
199,
199,
199,
80,
199,
1,
80,
80,
199,185,
199,
185,
199,
