1117
1
2
1
514
1025
951
1025
436
987
302
1025
1734
1574
2048
2051
1117
2
1025
1758
5
1026
1025
1
436
1
436
1574
1117
951
807
1
1025
2048
2043
2
1025
1025
1332
1
2
1
8
1539
436
361
436
47
1117
51
1539
1734
1
2
1
30
37
1
436
2052
1
1025
2063
436
1025
40
1280
1958
1
1
1025
868
1574
1025
2048
436
444
1117
1
436
1574
807
1025
1025
1
2048
1206
273
1025
436
436
2061
1024
436
436
17
2051
1
2
1574
1025
436
2043
436
171
1024
1
1280
1672
1280
1
1
1574
1700
1
436
1574
2052
4
2048
436
523
1758
2
1117
2
1574
1025
2048
273
436
1574
1827
2048
436
436
868
1025
1
1117
1025
1
320
2051
1
436
1
2043
1346
436
2048
7
1827
436
1527
1
436
1023
1827
1025
2049
2061
2
1827
1
2052
1574
302
1025
1849
1024
1672
868
1
1827
1
1024
1117
1734
807
514
436
2
2
1574
2
1574
436
234
1
3
1544
436
1025
5
1023
1025
436
2063
2052
2066
436
436
3
2052
1574
1601
2063
436
1117
436
2
2051
1025
7
436
436
881
2048
1
1
2051
1025
5
1025
2048
1024
2052
436
2048
436
2048
244
1025
1025
1574
436
2048
1574
2049
1025
1025
436
1
883
1
1117
51
436
1025
4
1025
1574
436
273
1025
273
6
1025
881
1
1
1574
1025
1346
2
2048
273
3
1024
1025
1025
881
2
1
436
273
2048
1025
1
436
1
436
436
1
1
1878
1878
1
2048
436
1025
3
1025
436
1
7
302
1672
436
2048
514
436
436
1734
2048
1025
436
436
1
1878
436
4
436
1539
1
2048
2048
807
2048
436
1025
302
2
2048
1
1025
2048
1025
436
2051
2048
513
1672
1025
1785
2
1734
1025
517
1
2048
1672
436
436
2
273
302
436
1025
302
2056
2055
1
1574
5
1023
1025
2
1
1984
1
1
2048
436
1
1574
526
528
1
2048
1539
2
436
1574
1
1117
1280
1574
436
1280
1
1025
436
1033
1025
1574
1827
807
1586
436
1
1024
1188
1
2
2056
302
1025
7
6
302
1700
1025
2059
1025
1
273
1025
1933
1025
2052
436
1
436
1
436
273
2048
495
436
436
1198
273
1024
1025
436
1574
436
1
51
436
1
1025
1025
2049
1672
436
2049
2051
5
436
1025
951
248
881
1
1574
1487
361
436
2048
1
436
436
436
2051
951
2051
1025
1
2
1574
1368
436
436
1024
1
273
436
1
1024
436
2048
1280
436
1025
2055
1544
951
514
2048
1025
881
1
1025
685
1
436
1574
1
2048
1025
1025
769
1
2048
436
1346
436
1772
1539
1
2048
1025
436
513
2048
436
555
2048
436
4
436
1574
2063
523
1025
2052
2059
2048
2052
677
436
1025
1
7
1550
1
436
436
1
1
1
2048
1025
436
1758
436
1
436
1025
1
1025
1
2051
1
436
1
436
1024
2
1025
436
1280
1382
883
355
1
1542
444
1
273
629
2
1025
436
807
4
2048
1
1574
2
629
7
1
807
2048
2048
1117
2059
2
1025
273
2051
2
1025
807
2048
17
436
1025
1280
987
1574
1
1024
1117
2
2
2052
2048
436
2
1
52
436
1025
1
436
436
1025
1
436
436
436
1
1700
1117
1
2048
273
5
5
273
436
1053
273
1025
50
1025
2
3
807
436
436
1
2
1025
2048
883
436
2048
514
1
1024
436
436
436
1574
436
2052
2048
1025
1025
1025
302
1878
1672
1024
1
2049
3
1
1542
1
302
1
807
1672
5
2048
1672
2048
1574
7
2048
1025
1023
1
5
1025
436
1758
1550
1734
1734
1
1574
1
1025
1
1758
1254
2043
7
1
436
528
3
5
2048
2048
1574
500
302
2
273
436
1025
1
1
387
1827
361
436
2048
528
2048
807
1539
273
2048
1024
2048
1878
5
2048
1574
1025
519
361
2048
2021
1574
1
1758
273
302
2051
807
273
1
1280
957
1025
2048
1
1
1
5
2
1
1
1332
436
1758
1025
2049
1280
514
1025
1
436
514
436
355
2
361
1025
1025
1
436
1024
436
436
273
1
2049
1025
8
2051
1
2048
15
1
1025
436
273
528
436
2051
2056
1023
302
3
361
1574
2048
436
4
436
1
1280
1025
361
1
1025
3
2049
1025
7
523
1672
436
807
2048
629
1
436
273
1023
1672
1
2048
2
1
2048
289
2
1025
436
436
1
1280
2
6
2048
514
1574
2051
273
2
2
514
1025
1700
436
1574
1
2059
273
436
2055
1024
1025
3
1025
273
436
1025
1025
2059
1024
302
1025
436
547
881
1574
1
436
1025
5
5
436
1024
1672
1539
2051
1
1574
436
2048
2048
2048
1
2043
436
1758
273
15
436
2055
30
2048
2
1827
1
1025
1025
302
1025
2048
273
1
1025
2048
1632
2048
1025
1
436
436
1049
1
1024
1025
2056
881
174
1
839
1117
1544
2048
2048
2048
514
2
273
436
807
1
514
514
5
1827
1734
302
1
436
868
1
1
3
1544
1053
1254
1
2
2
1758
436
436
436
1
2048
2
1
436
4
436
401
2
273
2056
1827
1672
2
2048
6
436
436
1025
436
1574
1672
883
436
1025
2052
436
436
51
2052
302
1
436
1025
273
1
1117
436
436
2052
2056
951
1025
1
50
1023
1
2048
1
2048
1025
1024
436
1025
1024
881
1
1
1
2049
436
2048
436
868
7
273
436
1025
436
1
436
7
1025
1025
2048
15
1672
1025
2
1574
273
436
1548
1025
1
1280
1
1878
2052
2
5
436
436
1025
1734
1
273
1
436
2048
436
1
436
436
1
1025
1023
273
1
436
50
1700
30
3
1025
1
37
436
436
2048
1758
1027
1117
2048
881
273
1
2
1
1025
1773
951
1
1025
1025
1
1025
273
321
1538
436
273
2048
2048
51
7
1
436
2049
436
2
2
1
4
1025
1213
1574
883
5
1
2
1024
1574
1
2048
1
1
1
1
436
1
1544
1
1025
1025
2052
1574
1346
436
1
436
1025
2048
1025
7
51
1025
881
1025
13
1717
436
1
436
14
1
1025
1758
1
1672
2051
1025
2048
361
1025
1
1
1544
302
7
807
1827
436
2048
1827
436
1
2052
436
436
2064
1
2048
3
2048
2048
883
1
1758
8
171
2048
1025
2056
1827
782
1
514
2052
3
2049
2
1574
1024
273
436
1734
302
881
1346
1
7
1574
1213
2
1025
1025
273
5
1025
436
1025
8
436
2048
174
273
1025
436
1025
1
1758
2048
1734
2
1574
1849
1025
436
2
1025
1025
302
1025
436
2048
2048
2048
273
1280
1117
2048
1
2056
2048
1
1
436
1
436
1
273
1025
1548
1700
2043
1539
807
2056
1024
436
4
1
436
1827
436
436
2048
1025
2052
448
306
1
1025
1025
436
273
1
807
273
1025
1
1539
2048
2
633
1025
1
1548
3
1025
1
273
1
436
436
436
807
807
1346
1
1025
436
1574
2051
7
302
436
273
1539
436
436
273
1
7
881
2052
1550
436
436
2052
1
1827
1025
1025
5
1
883
2048
1025
1025
1025
1025
6
1117
2049
1025
1
1758
2
1574
1
1539
1
500
436
1958
2048
1025
1025
1025
436
2063
436
1025
1
527
1
807
436
2
1
2048
807
1025
436
2048
514
436
1025
1
1
2059
436
2048
7
1025
1025
2048
1
1574
1
436
1758
1
436
2048
1574
1025
273
7
436
7
1
436
2048
51
1487
868
3
2052
1672
1346
1
1550
1574
1024
436
436
1025
1550
807
1025
7
436
2050
2052
33
1024
1025
436
1025
2
1
2048
528
436
356
1
2
1025
436
5
436
1025
5
1574
2052
273
436
2
436
1574
1
1574
2048
1024
2
2048
1574
33
1574
1827
4
7
1574
64
1
436
436
1025
2
1235
436
1574
1280
629
1827
1025
436
495
1574
1
436
436
1
1574
1
1
2056
1025
1
2048
436
2049
2063
1
1
601
2052
1574
2
436
273
1025
436
436
1025
436
1025
1465
807
1
1025
1084
528
1553
1
2048
1538
883
302
436
436
1
1574
436
436
1
1346
633
2048
1023
436
1569
436
1024
1024
2
436
1398
436
1
6
302
436
436
2052
2
2048
4
741
115
1025
307
1
1548
1
2
1025
5
3
436
436
1025
1024
436
1025
2
436
1548
436
1025
883
629
1117
1025
1346
807
273
1574
51
361
1
436
436
1
1672
436
6
2052
1025
273
2048
2
1574
2048
436
1672
1574
2048
2048
436
8
436
436
436
2048
1025
2048
1025
273
2048
1574
951
1
436
685
1024
1539
1023
436
2048
1025
1280
2048
1
436
2052
1574
1574
436
436
1026
1849
1
1
500
1025
2051
171
2
741
1280
1280
355
302
273
1
4
1025
2
1049
436
1672
8
2
436
1025
1025
436
273
1574
436
1025
1025
1025
1574
807
33
1025
1
881
1
436
2
2051
1984
1025
1
1758
2055
2
1
436
868
868
1025
436
436
2048
1
2048
1
2048
1
1025
1717
1025
436
64
273
1
436
2048
1
1025
3
1
436
436
2048
1025
1
5
436
436
1734
2048
1
436
1023
436
171
2043
436
2051
2048
1025
7
2048
2048
1025
1550
1
514
2
1827
1
1025
1025
1542
436
436
1025
1025
1
2
1574
1024
1025
436
501
273
1574
2052
1025
2063
436
1
1
2
6
436
2039
436
8
1025
5
2048
2048
1574
2048
1827
1734
1025
2048
1280
2048
1025
1254
2043
1574
1
1025
839
1827
37
1544
2056
1
33
436
1
1827
2064
436
2048
1
2048
1
436
436
1539
1734
1
273
1
1332
436
1574
668
1553
1574
436
436
2051
1539
2
8
361
6
1
436
685
951
1
2052
1025
1025
2048
2
1958
2052
306
2
1025
436
436
1574
2048
1025
514
436
1025
1025
1025
2
1025
1539
2
951
436
273
2
1025
436
436
1
1553
2
2048
807
436
1574
2
436
436
2055
868
1539
1280
2
2
1025
1734
1
1
1060
1672
1
839
2048
2048
436
1025
2
2051
1025
436
273
1827
1574
436
436
807
7
1025
436
436
1280
436
436
7
1
2
807
1117
1
1539
2048
273
514
306
1539
517
1758
302
1574
1025
2061
37
1025
1542
1951
1539
8
1
436
1346
1574
1023
436
685
436
1280
2056
1
1539
1574
1025
1574
1
2059
1574
1025
35
1025
1539
1
2043
33
2
2048
868
436
951
1505
1023
1024
1574
273
514
436
1024
436
807
881
1
361
1539
1025
2
1117
1758
1574
436
528
1
1024
1574
436
1346
1025
2048
1235
436
951
2048
1
1574
1025
1025
3
1025
1025
1023
436
436
2059
1117
2048
436
1025
1
1
436
1574
1
1025
273
302
13
2051
1672
1025
1024
1
1
2048
2049
1
2051
1
1
2048
516
1
2048
1
5
517
1025
2052
2
2052
1827
2048
