0 1 0.74
1 0 0.16
0 5 0.58
5 0 0.31
0 6 0.55
6 0 0.35
0 16 0.04
16 0 0.06
0 36 0.8
36 0 0.53
1 0 0.73
0 1 0.96
1 2 0.24
2 1 0.79
1 3 0.75
3 1 0.01
1 4 0.07
4 1 0.96
1 5 0.26
5 1 0.01
1 6 0.28
6 1 0.41
2 1 0.41
1 2 0.7
2 4 0.13
4 2 0.25
2 20 0.88
20 2 0.49
2 33 0.32
33 2 0.67
2 38 0.51
38 2 0.74
2 40 0.98
40 2 0.98
2 41 0.73
41 2 0.48
2 42 0.37
42 2 0.5
2 43 0.39
43 2 0.1
2 44 0.5
44 2 0.71
2 45 0.9
45 2 0.4
2 46 0.59
46 2 0.88
3 1 0.69
1 3 0.35
3 4 0.0
4 3 0.08
3 21 0.94
21 3 0.9
3 34 0.66
34 3 0.05
3 41 0.94
41 3 0.61
3 47 0.02
47 3 0.21
3 48 0.34
48 3 0.57
4 1 0.32
1 4 0.7
4 2 0.57
2 4 0.06
4 3 0.42
3 4 0.21
4 13 0.26
13 4 0.4
4 30 0.53
30 4 0.06
4 33 0.59
33 4 0.06
4 38 0.78
38 4 0.07
4 46 0.25
46 4 0.55
5 0 0.54
0 5 0.23
5 1 0.09
1 5 0.5
5 6 0.86
6 5 0.08
5 16 0.17
16 5 0.95
5 31 0.56
31 5 0.74
5 45 0.05
45 5 0.07
6 0 0.85
0 6 0.76
6 1 0.04
1 6 0.18
6 5 0.17
5 6 0.46
6 12 0.45
12 6 0.15
6 31 0.89
31 6 0.55
6 32 0.85
32 6 0.29
7 8 0.55
8 7 0.56
7 11 0.49
11 7 0.92
7 24 0.74
24 7 0.73
7 26 0.7
26 7 0.28
7 28 0.53
28 7 0.83
7 29 0.36
29 7 0.3
7 49 0.96
49 7 0.23
7 50 0.66
50 7 0.28
7 51 0.59
51 7 0.96
8 7 0.93
7 8 0.98
8 9 0.85
9 8 0.55
8 10 0.02
10 8 0.66
8 11 0.27
11 8 0.76
8 12 0.45
12 8 0.84
8 13 0.0
13 8 0.32
8 14 0.66
14 8 0.4
8 15 0.29
15 8 0.64
9 8 0.06
8 9 0.8
9 15 0.14
15 9 0.91
9 30 0.46
30 9 0.72
9 31 0.51
31 9 0.86
10 8 0.87
8 10 0.12
10 11 0.4
11 10 0.51
10 50 0.09
50 10 0.04
11 7 0.08
7 11 0.33
11 8 0.15
8 11 0.36
11 10 0.01
10 11 0.95
11 30 0.23
30 11 0.13
11 50 0.65
50 11 0.14
12 6 0.07
6 12 0.88
12 8 0.26
8 12 0.76
12 19 0.56
19 12 0.33
12 31 0.93
31 12 0.72
12 32 0.18
32 12 0.87
13 4 0.83
4 13 0.83
13 8 0.85
8 13 0.21
13 21 0.53
21 13 0.22
13 32 0.39
32 13 0.28
13 33 0.2
33 13 0.1
13 53 0.74
53 13 0.3
13 57 0.38
57 13 0.27
14 8 0.15
8 14 0.02
14 15 0.49
15 14 0.23
14 24 0.62
24 14 0.1
14 26 0.03
26 14 0.53
14 28 0.52
28 14 0.12
15 8 0.96
8 15 0.56
15 9 1.0
9 15 0.35
15 14 0.87
14 15 0.63
15 26 0.67
26 15 0.38
15 28 0.93
28 15 0.43
15 29 0.17
29 15 0.61
15 30 0.21
30 15 0.75
16 0 0.56
0 16 0.28
16 5 0.51
5 16 0.51
16 17 0.59
17 16 0.96
16 18 0.82
18 16 0.21
17 16 0.1
16 17 0.06
17 32 0.93
32 17 0.24
17 42 0.21
42 17 0.69
17 43 0.18
43 17 0.51
18 16 0.13
16 18 0.15
18 33 0.1
33 18 0.21
18 60 0.37
60 18 0.08
19 12 0.15
12 19 0.42
19 20 0.47
20 19 0.75
19 21 0.18
21 19 0.56
19 32 0.27
32 19 0.54
19 33 0.27
33 19 0.33
19 34 0.04
34 19 0.8
20 2 0.3
2 20 0.67
20 19 0.54
19 20 0.33
20 21 0.17
21 20 0.09
21 3 0.61
3 21 0.58
21 13 0.47
13 21 0.61
21 19 0.5
19 21 0.27
21 20 0.21
20 21 0.78
21 34 0.27
34 21 0.14
22 23 0.51
23 22 0.82
22 34 0.96
34 22 0.46
22 36 0.28
36 22 0.28
22 37 0.6
37 22 0.84
22 41 0.26
41 22 0.12
22 45 0.58
45 22 0.25
22 47 0.17
47 22 0.81
22 48 0.11
48 22 0.97
22 52 0.66
52 22 0.95
22 53 0.94
53 22 0.71
23 22 0.77
22 23 0.76
24 7 0.28
7 24 0.69
24 14 0.6
14 24 0.73
24 25 0.2
25 24 0.21
24 26 0.24
26 24 0.47
24 28 0.54
28 24 0.12
24 29 0.7
29 24 0.3
24 35 0.37
35 24 0.19
25 24 0.41
24 25 0.67
25 26 0.33
26 25 0.19
25 27 0.26
27 25 0.46
25 28 0.34
28 25 0.26
26 7 0.62
7 26 0.72
26 14 0.55
14 26 0.15
26 15 0.93
15 26 0.61
26 24 0.92
24 26 0.92
26 25 0.85
25 26 0.33
26 28 0.91
28 26 0.66
26 29 0.71
29 26 0.49
26 35 0.26
35 26 0.49
27 25 0.49
25 27 0.21
27 29 0.61
29 27 0.87
28 7 0.94
7 28 0.97
28 14 0.28
14 28 0.72
28 15 0.87
15 28 0.9
28 24 0.03
24 28 0.22
28 25 0.19
25 28 0.6
28 26 0.5
26 28 0.98
28 29 0.69
29 28 0.73
28 57 0.22
57 28 0.92
28 61 0.72
61 28 0.52
29 7 0.5
7 29 0.12
29 15 0.42
15 29 0.53
29 24 1.0
24 29 0.75
29 26 0.14
26 29 0.18
29 27 0.35
27 29 0.65
29 28 0.81
28 29 0.36
30 4 0.03
4 30 0.39
30 9 0.33
9 30 0.17
30 11 0.75
11 30 0.26
30 15 0.65
15 30 0.03
30 31 0.01
31 30 0.52
31 5 0.14
5 31 0.95
31 6 0.37
6 31 0.4
31 9 0.36
9 31 0.79
31 12 0.91
12 31 0.62
31 30 0.64
30 31 0.52
32 6 0.4
6 32 0.77
32 12 0.18
12 32 0.59
32 13 0.03
13 32 0.9
32 17 0.56
17 32 0.43
32 19 0.05
19 32 0.16
32 40 0.15
40 32 0.56
32 43 0.45
43 32 0.54
32 45 0.69
45 32 0.14
32 47 0.53
47 32 0.72
33 2 0.62
2 33 0.02
33 4 0.2
4 33 0.01
33 13 0.88
13 33 0.13
33 18 0.07
18 33 0.81
33 19 0.19
19 33 0.47
33 34 0.02
34 33 0.77
33 38 0.64
38 33 0.4
33 40 0.31
40 33 0.91
33 42 0.14
42 33 0.17
33 44 0.03
44 33 0.26
33 52 0.07
52 33 0.35
34 3 0.44
3 34 0.33
34 19 0.37
19 34 0.77
34 21 0.9
21 34 0.98
34 22 0.52
22 34 0.96
34 33 0.44
33 34 0.05
34 36 0.81
36 34 0.15
34 41 0.85
41 34 0.8
34 45 0.15
45 34 0.23
34 47 0.1
47 34 0.79
34 52 0.61
52 34 0.21
34 53 0.07
53 34 0.67
35 24 0.06
24 35 0.49
35 26 0.76
26 35 0.92
35 55 0.16
55 35 0.92
36 0 0.68
0 36 0.81
36 22 0.57
22 36 0.63
36 34 0.09
34 36 0.73
36 41 0.18
41 36 0.49
36 44 0.27
44 36 0.91
36 46 0.9
46 36 0.6
36 47 0.62
47 36 0.82
36 52 0.59
52 36 0.81
36 54 0.25
54 36 0.88
37 22 0.1
22 37 0.28
38 2 0.9
2 38 0.47
38 4 0.99
4 38 0.1
38 33 0.27
33 38 0.5
38 39 0.72
39 38 0.01
38 40 0.82
40 38 0.36
38 42 0.8
42 38 0.5
38 43 0.81
43 38 0.07
38 44 0.82
44 38 0.42
38 45 0.14
45 38 0.78
38 52 0.55
52 38 0.41
39 38 0.59
38 39 0.85
40 2 0.88
2 40 0.06
40 32 0.78
32 40 0.96
40 33 0.11
33 40 0.57
40 38 0.11
38 40 0.27
40 43 0.83
43 40 0.68
40 45 0.97
45 40 0.52
41 2 0.49
2 41 0.28
41 3 0.2
3 41 0.07
41 22 0.9
22 41 0.65
41 34 0.76
34 41 0.56
41 36 0.94
36 41 0.03
41 47 0.62
47 41 0.79
42 2 0.62
2 42 0.4
42 17 0.57
17 42 0.2
42 33 0.42
33 42 0.44
42 38 0.23
38 42 0.86
42 56 1.0
56 42 0.9
43 2 0.46
2 43 0.27
43 17 0.23
17 43 0.58
43 32 0.99
32 43 0.17
43 38 0.33
38 43 0.25
43 40 0.33
40 43 0.83
43 44 0.47
44 43 0.23
43 46 0.94
46 43 0.49
43 58 0.28
58 43 0.18
44 2 0.83
2 44 0.13
44 33 0.51
33 44 0.96
44 36 0.39
36 44 0.31
44 38 0.83
38 44 0.69
44 43 0.94
43 44 0.11
44 59 0.95
59 44 0.87
44 60 0.02
60 44 0.94
45 2 0.78
2 45 0.6
45 5 0.49
5 45 0.33
45 22 0.85
22 45 0.36
45 32 0.24
32 45 0.73
45 34 0.17
34 45 0.64
45 38 0.99
38 45 0.67
45 40 0.63
40 45 0.27
46 2 0.95
2 46 0.1
46 4 0.08
4 46 0.65
46 36 0.78
36 46 0.13
46 43 0.74
43 46 0.12
47 3 0.06
3 47 0.76
47 22 0.04
22 47 0.44
47 32 0.72
32 47 0.35
47 34 0.89
34 47 0.47
47 36 0.99
36 47 0.12
47 41 0.46
41 47 0.33
47 52 0.42
52 47 0.96
48 3 0.57
3 48 0.48
48 22 0.87
22 48 0.26
49 7 0.0
7 49 0.15
50 7 0.34
7 50 0.2
50 10 0.7
10 50 0.6
50 11 0.61
11 50 0.99
51 7 0.72
7 51 0.8
52 22 0.02
22 52 0.57
52 33 0.56
33 52 0.2
52 34 0.05
34 52 0.79
52 36 0.42
36 52 0.41
52 38 0.18
38 52 0.53
52 47 0.1
47 52 0.8
53 13 0.99
13 53 0.12
53 22 0.65
22 53 0.94
53 34 0.97
34 53 0.48
54 36 0.46
36 54 0.55
55 35 0.11
35 55 0.97
56 42 0.18
42 56 0.08
56 59 0.86
59 56 0.74
57 13 0.52
13 57 0.4
57 28 0.28
28 57 0.6
58 43 0.01
43 58 0.56
59 44 0.07
44 59 0.55
59 56 0.09
56 59 0.04
60 18 0.24
18 60 0.56
60 44 0.0
44 60 0.69
61 28 0.84
28 61 0.48
