0 1 0.8
0 5 0.9
0 6 0.06
0 16 0.94
0 36 0.16
1 2 0.11
1 3 0.92
1 4 0.7
1 5 0.72
1 6 0.86
2 4 0.35
2 20 0.22
2 33 0.07
2 38 0.88
2 40 0.95
2 41 0.2
2 42 0.72
2 43 0.3
2 44 0.6
2 45 0.9
2 46 0.96
3 4 0.72
3 21 0.68
3 34 0.25
3 41 0.74
3 47 0.88
3 48 0.58
4 13 0.59
4 30 0.73
4 33 0.77
4 38 0.93
4 46 0.83
5 6 0.65
5 16 0.28
5 31 0.7
5 45 0.05
6 12 0.28
6 31 0.78
6 32 0.27
7 8 0.77
7 11 0.12
7 24 0.23
7 26 0.12
7 28 0.6
7 29 0.79
7 49 0.04
7 50 0.1
7 51 0.84
8 9 0.63
8 10 0.65
8 11 0.42
8 12 0.58
8 13 0.84
8 14 0.59
8 15 0.75
9 15 0.61
9 30 0.12
9 31 0.22
10 11 0.14
10 50 0.19
11 30 0.77
11 50 0.35
12 19 0.96
12 31 0.58
12 32 0.0
13 21 0.55
13 32 0.12
13 33 0.33
13 53 0.56
13 57 0.43
14 15 0.87
14 24 0.41
14 26 0.4
14 28 0.33
15 26 0.36
15 28 0.48
15 29 0.22
15 30 0.67
16 17 0.77
16 18 0.39
17 32 0.71
17 42 0.1
17 43 0.51
18 33 0.24
18 60 0.85
19 20 0.43
19 21 0.74
19 32 0.73
19 33 0.22
19 34 0.44
20 21 0.74
21 34 0.43
22 23 0.79
22 34 0.24
22 36 1.0
22 37 0.27
22 41 0.1
22 45 0.65
22 47 0.17
22 48 0.07
22 52 0.96
22 53 0.83
24 25 0.79
24 26 0.57
24 28 0.59
24 29 0.1
24 35 0.33
25 26 0.92
25 27 0.51
25 28 0.26
26 28 0.91
26 29 0.24
26 35 0.35
27 29 0.72
28 29 0.36
28 57 0.51
28 61 0.36
30 31 0.83
32 40 0.43
32 43 0.04
32 45 0.45
32 47 0.31
33 34 0.01
33 38 0.71
33 40 0.41
33 42 0.16
33 44 0.7
33 52 0.16
34 36 0.38
34 41 0.93
34 45 0.75
34 47 0.47
34 52 0.02
34 53 0.74
35 55 0.41
36 41 0.46
36 44 0.04
36 46 0.7
36 47 0.84
36 52 0.52
36 54 0.81
38 39 0.93
38 40 0.67
38 42 0.62
38 43 0.46
38 44 0.73
38 45 0.09
38 52 0.88
40 43 0.46
40 45 0.54
41 47 0.09
42 56 0.27
43 44 0.17
43 46 0.14
43 58 0.78
44 59 0.42
44 60 0.94
47 52 0.44
56 59 0.43
