1,2
1,45
1,188
1,195
1,938
1,1611
1,209
1,1466
2,3
2,930
2,967
3,69
3,137
3,164
3,537
3,577
3,1173
3,1479
3,53
3,225
3,898
4,140
4,1262
4,180
4,1093
4,131
5,6
5,264
6,36
6,430
6,539
6,858
6,7
7,68
7,8
7,1350
7,261
8,38
8,68
8,46
8,72
8,194
8,656
8,1572
8,9
8,915
8,1082
8,1620
8,150
8,1150
9,222
9,330
10,11
10,46
10,50
10,1297
10,330
10,759
10,1087
11,48
11,70
11,426
11,93
12,13
12,101
12,367
12,563
12,720
13,316
13,558
14,15
14,316
14,405
14,1229
14,1494
14,1520
14,349
14,459
14,608
14,869
15,40
15,92
15,111
15,1688
15,1955
16,136
16,183
16,240
16,251
16,366
16,398
16,649
16,1825
16,78
16,278
16,292
16,374
16,506
16,545
16,546
16,1105
16,520
17,32
17,136
17,147
17,251
17,398
17,716
17,969
17,1175
17,1825
17,571
17,238
18,571
19,95
19,192
19,215
19,293
19,707
19,1213
19,1127
20,21
20,107
20,145
20,569
20,661
20,1165
20,470
20,1716
21,107
21,569
21,59
22,572
22,1458
22,1784
22,569
23,967
23,65
23,118
23,288
23,721
23,830
23,1044
23,1052
23,1689
23,1333
23,1565
23,1308
24,110
24,420
24,603
24,624
24,740
24,1881
25,860
26,299
26,64
26,79
26,471
26,475
26,122
26,271
26,284
26,992
26,1031
27,64
27,325
27,475
27,690
27,761
27,1578
27,1434
28,421
28,1589
28,143
28,1045
28,34
28,553
28,615
28,710
28,803
28,1304
28,1398
28,1553
28,1945
28,475
28,674
28,864
28,199
28,294
28,1656
29,143
29,34
29,553
29,754
29,1945
29,1566
29,1998
29,294
30,36
30,52
30,55
30,120
30,406
30,468
31,145
31,470
32,597
32,40
32,92
32,147
32,654
32,716
32,1825
34,74
34,91
34,1348
34,1482
34,181
35,1480
35,244
35,591
35,823
35,1010
36,44
36,171
36,996
37,107
37,145
37,665
37,1053
38,47
38,75
38,46
38,72
38,85
38,146
38,194
38,464
38,656
38,1572
38,1958
38,222
38,257
38,330
38,647
38,807
38,1144
38,1227
38,1787
39,257
39,607
39,1400
40,136
40,649
40,1175
40,1688
40,1955
41,536
41,47
41,75
41,245
41,542
41,824
41,1114
41,1220
41,1367
41,1087
42,146
42,1020
42,48
43,957
43,129
44,55
44,120
44,406
44,499
44,171
44,185
44,283
45,247
45,248
45,265
45,886
45,1420
45,523
45,816
45,1035
46,222
46,759
46,1144
47,67
47,391
47,407
47,127
47,223
47,318
47,1114
47,607
48,81
49,119
49,180
49,253
49,264
49,338
49,1198
49,1921
49,131
49,1646
50,94
50,256
50,70
51,292
51,374
51,576
51,669
51,1060
51,532
51,1448
52,124
52,680
55,124
55,1097
55,1174
56,460
56,215
56,255
56,293
56,168
56,777
56,1323
57,103
57,1190
57,1345
57,1466
57,428
57,1205
57,666
58,505
58,511
58,77
58,60
58,163
58,544
58,1938
58,1313
59,107
59,661
60,505
60,77
60,221
60,327
60,670
60,1107
60,1374
60,1577
62,578
63,914
63,957
63,1018
64,271
65,110
65,313
66,127
66,252
66,289
66,344
66,1706
66,218
67,82
67,89
67,408
67,449
67,1375
67,999
67,1021
67,1380
67,1440
68,72
68,85
69,529
69,715
69,975
69,1750
69,527
69,700
69,755
69,1906
70,94
70,306
70,1103
70,367
71,196
71,639
71,1148
71,1357
71,116
71,1390
71,518
72,153
72,1350
72,1513
72,150
74,143
74,1398
75,118
75,141
75,1424
75,1866
76,417
76,425
76,654
76,275
77,836
77,1308
77,1605
77,707
78,181
78,240
78,335
78,369
78,441
78,232
78,112
78,573
78,1132
79,122
79,202
79,284
79,1464
79,1888
80,674
81,257
81,814
81,871
81,1056
82,391
82,922
82,1636
82,146
82,613
82,1020
82,999
83,127
83,223
83,318
83,341
83,542
83,916
83,1392
83,607
83,672
83,917
83,1327
83,1497
83,1663
83,1730
84,142
85,330
88,245
88,583
88,824
88,1294
88,496
89,1021
90,1125
91,181
91,191
91,317
91,1252
91,1386
91,685
91,1805
92,597
92,1430
92,513
92,1175
93,132
93,156
94,306
94,294
95,99
95,217
95,592
95,604
95,728
95,117
95,1542
95,483
96,532
97,653
98,275
99,1418
99,217
99,592
99,728
100,119
100,1529
101,426
101,574
101,1172
101,219
101,1607
102,168
102,872
102,1542
102,1588
103,254
103,329
103,428
103,559
103,196
103,205
103,340
103,639
103,116
104,214
104,549
104,637
104,1112
105,171
105,996
105,1210
105,1290
106,349
106,558
107,198
107,229
107,307
107,1053
108,794
109,772
109,1106
109,1800
110,628
110,1789
111,142
111,481
111,810
111,1845
112,1041
112,1237
112,239
113,1156
114,205
114,666
115,1529
116,196
116,205
116,639
117,192
117,215
117,304
117,1300
117,168
117,1542
117,1830
118,130
118,485
118,313
119,137
119,815
119,1176
120,171
120,184
120,1210
120,1959
121,914
121,957
121,1765
122,463
122,1524
122,1888
123,151
123,469
123,531
123,655
123,227
124,680
125,199
125,422
125,439
125,1490
126,190
126,208
126,429
126,794
126,1938
127,960
128,263
128,415
128,438
130,527
130,141
130,1866
131,180
131,338
131,1480
131,148
132,599
132,1516
133,150
133,1048
133,1062
133,850
134,654
134,1573
135,283
135,729
136,278
136,571
136,1724
137,815
138,731
138,159
138,1969
139,795
140,264
140,735
140,281
141,1317
142,1890
143,745
143,1078
143,1519
143,203
143,1945
144,757
144,790
144,1410
145,178
145,198
145,307
146,814
146,1461
148,281
148,1131
148,1623
148,1646
148,1951
149,1658
150,153
150,162
150,158
150,267
150,1062
150,1885
150,1858
151,586
151,619
151,1861
152,549
153,162
153,287
153,1546
155,1064
156,491
156,1129
156,1927
156,1330
158,1624
159,731
160,1502
161,588
161,1838
162,1122
163,221
163,282
163,327
163,612
163,670
163,848
163,197
163,400
163,440
164,225
164,898
164,1270
165,349
165,558
165,869
165,1499
165,1637
165,212
166,247
166,248
166,265
167,1374
168,709
168,1300
168,1910
169,471
170,271
171,300
171,809
171,1027
172,815
172,472
172,856
172,363
172,727
172,988
173,1771
174,1062
174,1122
175,591
175,823
176,269
176,891
176,234
176,352
177,441
177,232
177,1385
178,495
178,804
179,1356
180,911
180,1258
181,1348
181,1482
181,1775
181,685
181,794
181,545
182,349
182,1637
182,973
183,506
183,1105
185,1118
185,412
185,501
185,1273
185,1779
187,262
188,209
188,1537
190,445
190,796
190,1029
190,509
190,543
190,950
191,993
191,1465
192,490
193,772
193,1106
193,392
193,849
193,1585
194,222
194,647
194,1254
194,1540
195,1466
196,254
196,380
196,387
196,1197
196,1390
197,282
197,714
197,1727
197,932
198,1053
199,615
199,674
200,1723
201,460
201,496
201,519
202,460
202,632
202,255
202,1281
202,1601
203,745
203,1519
203,233
203,517
203,1187
203,1318
203,274
203,533
203,1734
203,1032
204,210
204,1451
204,1468
205,254
205,329
205,387
206,1203
207,1069
208,1353
209,938
210,998
210,1651
210,1451
212,231
212,774
212,1135
213,1198
213,1786
214,549
214,1112
215,719
215,872
216,966
217,1712
218,289
218,1846
218,1954
220,1330
221,1213
222,464
222,1038
223,407
223,437
223,622
224,234
224,352
224,477
225,577
225,1173
225,1617
226,346
227,469
227,531
227,655
227,1146
227,1057
227,1343
227,1658
227,1717
227,1202
229,665
229,1331
229,821
229,1388
229,1868
230,342
232,369
232,859
232,241
233,1848
234,269
234,1807
235,843
237,1538
237,648
238,1373
239,1041
239,1559
240,278
240,546
240,596
240,1030
240,1238
242,437
242,486
242,622
243,262
243,1718
243,261
243,489
243,526
243,1683
243,314
244,586
244,619
244,1804
244,1326
245,404
247,711
247,523
247,816
248,816
249,1902
251,1370
251,1864
251,520
252,337
252,1119
252,1659
253,815
253,856
253,1176
253,1012
254,744
254,387
255,632
255,339
255,1077
255,346
255,1344
255,1429
255,1302
256,528
256,704
256,584
256,881
256,1104
256,1384
256,1600
258,1457
259,1022
259,1082
259,1150
260,399
260,788
261,1718
261,1362
262,268
262,1766
262,314
262,1239
263,297
263,385
263,450
263,1203
264,281
265,844
265,1035
265,1417
266,1506
266,470
267,1915
267,1062
267,1407
267,1851
268,1239
269,352
269,1580
270,460
270,346
270,962
271,1194
272,602
272,660
272,1903
273,914
273,942
273,552
273,718
273,1289
273,1776
274,377
274,503
274,756
274,360
274,1721
275,1179
275,285
276,1504
279,443
281,735
281,634
281,1212
282,714
282,1598
282,400
282,982
283,1447
284,447
284,463
284,1524
285,832
285,557
285,402
287,321
287,605
288,1168
288,1333
288,342
288,1812
288,1570
289,589
289,1843
290,1158
290,1370
291,1555
291,364
291,452
292,398
292,520
292,799
292,1496
293,777
293,880
293,1459
294,652
294,1215
296,379
296,1951
297,415
297,418
297,532
299,379
299,626
299,842
299,471
300,453
303,309
304,490
306,426
306,1301
306,1863
307,1395
308,557
309,607
309,446
309,1120
310,669
311,899
311,1383
312,444
312,1049
312,1842
312,368
313,1798
314,489
314,526
314,1307
314,355
316,459
316,558
317,336
317,685
318,682
318,960
318,984
320,720
321,1546
321,1556
322,649
322,781
322,1688
322,1955
323,660
324,518
325,1304
327,1107
327,1598
328,368
329,340
329,1219
329,1261
330,1849
330,764
330,1257
330,1489
331,454
332,552
332,718
332,1289
333,854
334,1033
335,545
336,586
336,995
336,383
337,1119
337,1659
337,1709
337,1922
338,1258
338,1646
339,694
339,632
339,751
339,770
339,1344
339,1429
340,350
340,1261
341,984
341,1777
342,361
342,1570
344,497
344,589
344,926
344,1843
344,653
345,1242
345,1373
345,1902
346,1281
346,1259
347,1502
347,1895
348,1400
349,600
352,931
352,1581
352,1807
353,421
353,896
353,1293
354,1560
360,503
360,756
360,1842
361,1425
361,1812
361,1570
362,423
363,472
363,1806
364,920
364,1816
365,1762
365,502
366,374
366,1060
367,1200
368,444
368,1049
369,859
369,1016
369,1431
371,1375
371,1799
371,999
371,1021
372,775
372,1741
373,637
373,582
373,455
373,1880
373,1498
374,904
376,1129
377,1379
379,818
379,474
379,556
379,1994
379,381
379,758
379,842
379,488
381,556
381,1827
381,488
381,935
383,1109
383,1271
385,418
385,1558
386,1782
386,1789
387,744
388,1050
388,1043
389,1107
390,1964
391,1982
391,1368
392,772
392,1276
392,1585
395,440
398,669
398,1496
399,599
399,580
399,1729
399,1325
400,714
401,1293
402,832
402,679
402,1264
402,1985
403,489
403,526
403,1473
403,1422
404,1525
404,1387
404,496
405,459
405,608
406,1097
407,542
407,1730
408,1021
408,1380
408,1486
409,999
409,1983
410,1586
410,1665
410,1758
414,1681
416,761
416,1134
416,1847
416,783
416,1434
417,458
417,1243
417,482
418,576
418,532
419,1888
420,628
420,851
420,1358
420,1809
420,1844
420,763
421,1589
421,1519
421,1887
422,587
422,1179
422,1402
422,1054
422,1490
424,984
424,1722
425,1144
425,458
426,574
426,1172
427,1570
428,1850
428,737
429,1534
430,729
435,1260
435,1652
438,1084
440,1912
441,545
441,859
441,1100
443,447
445,509
449,1440
449,779
452,660
452,1444
452,773
452,943
453,1633
454,1445
455,1498
457,552
457,718
457,1036
458,1144
458,1971
458,689
460,694
461,1125
463,992
463,741
464,807
464,1787
465,488
465,829
465,1968
466,1888
467,643
467,946
468,1621
468,1125
469,974
469,1284
470,1676
471,521
473,907
474,758
474,842
474,860
475,1304
475,918
478,542
478,824
478,1220
479,1661
480,781
480,1688
482,1243
482,1764
485,900
486,1540
487,672
487,1645
488,556
488,1797
492,946
492,1050
494,907
495,804
495,1334
495,1790
496,1294
496,1090
496,1469
499,1210
499,1959
500,1048
502,771
503,1842
504,584
504,881
504,1104
504,1141
505,548
505,562
505,697
505,836
505,1111
505,746
505,1248
505,1374
506,828
506,800
506,971
507,1322
507,511
507,519
507,1511
508,689
508,732
508,1315
508,1648
509,796
509,1196
509,1406
509,950
510,1526
511,1322
511,519
511,1339
511,1541
515,1035
515,1417
517,533
518,1641
519,1322
519,1541
521,1514
522,597
522,1043
523,684
523,1230
523,1815
524,641
526,1422
527,975
527,952
527,1000
527,536
527,693
527,1594
528,1384
528,1600
529,755
529,852
529,1906
530,1860
531,1343
531,1717
532,638
533,1187
533,1318
533,593
533,657
533,1894
533,1032
534,1497
536,1424
536,1594
539,1593
539,1852
543,1196
543,1406
543,950
547,1323
548,1168
548,1565
548,1308
549,1437
552,1009
552,1160
552,1332
554,1816
560,1271
560,1614
562,746
562,1248
562,1819
563,1949
563,720
563,1208
564,732
569,1458
569,1784
570,1797
571,793
572,1006
572,1138
574,1055
574,1099
574,1607
577,898
577,1270
577,1272
578,1198
578,1597
580,599
580,977
580,1729
580,788
582,1271
582,802
584,704
584,645
586,995
586,1326
586,1861
587,1054
588,1363
589,1843
589,653
590,971
591,953
591,1470
591,956
592,625
595,826
595,1501
597,753
599,788
600,646
600,1499
601,1220
601,1368
602,696
604,625
605,1546
605,1556
607,699
608,1419
613,922
613,1636
615,674
618,737
619,1861
622,1540
624,1211
624,1760
625,1418
626,1493
628,763
630,1018
631,1356
631,1823
633,1252
633,1386
633,685
636,1647
637,1094
637,802
641,1047
641,1001
642,1385
642,1419
644,1366
644,1944
645,881
645,1141
645,1384
645,1626
645,1574
646,786
647,730
647,878
648,1627
650,1964
654,915
654,1883
655,1343
655,1717
656,1227
656,1620
657,747
657,1032
658,1943
660,1660
660,1444
660,1555
661,879
661,760
662,1388
663,1496
663,1726
664,1451
664,1471
664,686
665,821
666,1190
667,1716
670,837
670,1213
670,1461
672,916
674,924
675,1972
675,1311
675,1944
679,1936
680,1174
683,1385
685,1452
685,1582
686,1471
689,874
689,762
689,1193
690,1242
690,1373
690,1902
692,871
693,1456
695,839
695,1026
696,1903
705,1214
705,935
707,1421
707,1674
708,1100
709,1609
709,1282
709,1300
709,1939
709,1830
709,945
710,989
712,1716
714,982
715,755
715,1149
717,816
719,1282
719,889
719,927
720,1208
727,1346
727,1309
730,1254
730,1207
731,1969
733,1498
734,782
734,1126
734,928
735,1223
735,1250
737,1850
740,1211
743,1666
745,1848
745,1634
746,1111
746,1374
746,1752
747,1032
748,1527
750,1974
751,1344
753,1366
753,1944
755,937
755,1069
755,1394
756,792
756,955
758,1994
758,827
758,860
758,934
758,835
759,1710
759,1560
760,879
760,1911
761,801
762,1315
762,1193
763,851
765,1658
769,1033
771,1762
772,795
772,849
775,951
775,1632
776,1160
776,1332
776,1610
782,928
782,1008
788,977
788,1635
791,1529
795,1106
797,1451
800,971
804,1153
804,1334
804,1790
805,1218
808,1046
813,1288
814,1461
816,1230
817,1132
820,900
823,953
828,1217
830,1811
832,1936
835,934
835,1814
835,1286
837,925
837,1698
838,1632
839,1026
841,1102
841,1186
845,1236
846,1585
847,1990
848,1107
849,1276
849,1916
851,941
853,1137
854,1889
855,1609
855,1282
856,994
857,1988
859,1819
862,1205
864,874
865,1126
868,1076
868,1455
868,1408
869,1613
870,1811
870,944
874,1315
874,1193
878,1254
881,1574
889,1928
889,927
890,951
890,1576
894,1886
897,1683
898,1173
898,1778
898,1617
899,1383
902,1179
904,1011
905,1342
909,991
916,1497
920,1484
923,1905
925,1461
927,1928
927,1415
930,1019
930,1376
930,1064
932,1285
935,1214
936,1796
938,1707
941,1809
942,1289
949,1762
950,1406
951,1576
953,1182
954,1577
956,1470
957,1765
958,1071
958,1616
966,1314
967,1096
968,1056
969,1158
969,1370
971,1817
976,1149
981,1206
983,1717
987,1368
987,1974
991,1014
991,1772
992,1305
993,1586
993,1665
993,1758
999,1668
999,1983
1000,1456
1001,1047
1001,1321
1002,1369
1004,1741
1005,1132
1009,1776
1009,1160
1012,1475
1012,1834
1018,1650
1018,1700
1019,1063
1019,1143
1021,1375
1021,1799
1024,1963
1032,1187
1032,1318
1032,1734
1036,1332
1052,1462
1052,1287
1057,1202
1058,1941
1060,1246
1061,1645
1062,1915
1064,1376
1064,1909
1064,1841
1065,1164
1065,1896
1066,1658
1066,1371
1068,1749
1068,1361
1068,1637
1071,1616
1072,1199
1072,1754
1072,1755
1073,1490
1078,1945
1078,1998
1082,1150
1085,1712
1087,1397
1090,1485
1090,1469
1093,1693
1095,1746
1099,1618
1100,1295
1101,1186
1105,1917
1108,1290
1111,1819
1112,1437
1112,1672
1112,1669
1118,1865
1119,1922
1126,1832
1130,1687
1130,1902
1136,1202
1149,1205
1149,1813
1153,1306
1155,1831
1158,1370
1160,1776
1165,1226
1172,1607
1173,1460
1173,1657
1187,1324
1188,1342
1190,1517
1191,1327
1193,1316
1203,1739
1205,1232
1205,1813
1208,1592
1209,1632
1210,1959
1217,1752
1218,1706
1219,1934
1225,1661
1225,1408
1226,1855
1232,1813
1234,1385
1236,1467
1259,1399
1262,1870
1262,1921
1264,1985
1267,1337
1268,1271
1269,1887
1269,1369
1277,1363
1281,1399
1287,1462
1291,1566
1294,1485
1304,1656
1306,1334
1307,1901
1308,1565
1309,1346
1311,1972
1323,1429
1324,1894
1326,1393
1331,1388
1331,1868
1332,1873
1349,1431
1350,1746
1351,1832
1352,1814
1361,1637
1363,1579
1366,1644
1368,1908
1371,1810
1371,1401
1382,1619
1384,1506
1392,1663
1394,1906
1395,1731
1408,1455
1408,1661
1422,1473
1430,1640
1452,1805
1453,1797
1455,1661
1480,1951
1484,1816
1489,1849
1490,1563
1491,1530
1505,1864
1519,1668
1528,1798
1534,1678
1538,1871
1543,1577
1545,1724
1546,1556
1555,1859
1571,1618
1572,1620
1574,1626
1599,1634
1601,1948
1607,1670
1613,1839
1613,1978
1616,1933
1632,1655
1649,1949
1651,1823
1659,1697
1659,1922
1666,1771
1683,1718
1686,1770
1692,1766
1701,1831
1706,1840
1708,1949
1710,1801
1756,1843
1765,1946
1787,1958
1787,1988
1790,1980
1807,1929
1858,1885
1921,1924
1945,1998
1985,1996
