0 1 0.37
0 2 0.83
0 4 0.53
0 5 0.57
0 7 0.86
0 10 0.76
0 11 0.41
0 12 0.74
0 13 0.93
0 27 0.99
0 29 0.44
0 30 0.09
0 31 0.85
0 32 0.15
0 33 0.86
0 34 0.37
0 35 1.0
0 36 0.47
0 37 0.02
0 38 0.4
0 39 0.47
0 40 0.91
0 41 0.54
0 42 0.34
0 43 0.43
1 2 0.39
1 3 0.88
3 76 0.19
4 5 0.03
4 6 0.2
4 9 0.08
4 10 0.58
4 12 0.15
4 13 0.35
4 14 0.32
4 15 0.75
5 6 0.2
5 7 0.52
5 8 0.23
5 9 0.55
5 10 0.03
5 11 0.26
7 25 0.21
7 26 0.3
8 50 0.77
9 15 0.99
9 27 0.97
9 28 0.6
9 51 0.89
10 14 0.46
10 27 0.52
10 35 0.6
10 65 0.19
10 71 0.36
10 72 0.46
10 73 0.08
10 74 0.73
11 35 0.13
11 37 0.86
11 75 0.75
13 35 0.46
13 37 0.62
13 49 0.28
14 34 0.37
14 42 0.15
15 66 0.01
15 109 0.32
15 111 0.25
16 17 0.33
16 18 0.72
16 27 0.57
16 44 0.02
16 45 0.71
16 57 0.33
16 65 0.45
16 72 0.28
16 76 0.69
16 88 0.02
16 113 0.81
16 184 0.49
16 185 0.77
16 186 0.79
16 187 0.06
16 188 0.69
17 18 0.04
17 19 0.47
17 20 0.11
17 21 0.99
17 22 0.38
17 23 0.29
17 24 0.22
18 22 0.16
18 56 0.34
18 69 0.97
18 80 0.2
18 104 0.89
18 129 0.03
18 149 0.84
18 197 0.37
18 220 0.72
18 221 0.91
18 222 0.1
19 64 0.55
19 128 0.22
19 168 0.84
19 248 0.14
19 307 0.63
19 308 0.2
19 309 0.29
19 310 0.01
20 70 0.43
20 76 0.44
20 149 0.13
20 158 0.44
20 281 0.95
20 296 0.27
20 357 0.88
20 492 0.77
21 82 0.86
21 252 0.13
21 444 0.16
21 471 0.82
22 75 0.6
22 82 0.35
22 127 0.05
22 158 0.15
22 171 0.06
22 247 0.33
22 253 0.75
22 255 0.58
22 258 0.92
22 259 0.66
22 274 0.46
22 277 0.06
22 309 0.01
22 310 0.85
22 367 0.9
22 373 0.95
22 374 0.67
22 400 0.17
22 407 0.14
22 408 0.85
22 423 0.05
22 429 0.56
22 441 0.84
22 455 0.04
22 459 0.75
22 460 0.71
22 467 0.05
22 530 0.18
22 598 0.6
22 654 0.71
23 244 0.23
23 283 0.77
23 427 0.75
23 751 0.72
24 308 0.89
24 393 0.4
24 562 0.75
24 646 0.16
24 781 0.23
25 51 0.41
27 28 0.3
27 34 0.87
27 36 0.99
27 44 0.51
27 45 0.46
27 46 0.7
27 47 0.36
27 48 0.71
28 29 0.96
28 30 0.3
29 36 0.95
30 95 0.75
30 96 0.88
34 42 0.29
35 51 0.02
38 50 0.26
39 76 1.0
40 50 0.98
42 50 0.25
42 108 0.06
44 61 0.74
44 73 0.19
44 88 0.81
44 113 0.45
44 114 0.19
44 115 0.68
45 47 0.7
45 65 0.4
45 72 0.36
45 129 0.36
45 134 0.78
45 135 0.52
45 136 0.13
45 137 0.66
45 138 0.63
46 56 0.01
46 79 0.99
46 114 0.06
46 129 0.77
46 131 0.38
47 59 0.01
47 68 0.52
47 80 0.27
47 86 0.82
47 101 0.08
47 129 0.21
47 130 0.14
47 131 0.56
47 139 0.2
47 141 0.48
47 142 0.16
47 149 0.26
47 154 0.5
47 155 0.67
48 86 0.32
50 66 0.66
50 97 0.85
50 98 0.07
50 110 0.2
50 116 0.09
50 117 0.54
51 52 0.07
51 53 0.37
51 54 0.59
51 55 0.23
51 56 0.68
51 57 0.43
51 58 0.64
51 59 0.14
51 60 0.81
51 61 0.36
51 62 0.45
51 63 0.71
51 64 0.19
53 97 0.78
55 57 0.74
55 60 0.31
55 64 0.3
55 68 0.28
55 179 0.79
56 87 0.15
57 64 0.67
59 69 0.33
59 80 0.39
59 102 0.31
59 134 0.26
59 141 1.0
59 146 0.76
59 147 0.51
59 237 0.73
60 64 0.15
60 86 0.89
60 114 0.52
60 148 0.84
60 149 0.51
60 197 0.52
60 200 0.69
60 292 0.52
60 294 0.81
60 312 0.21
60 313 0.18
61 115 0.9
61 349 0.41
62 147 0.34
62 181 0.72
62 240 0.98
62 241 0.01
62 355 0.7
63 64 0.74
63 76 0.51
63 119 0.43
63 146 0.78
63 198 0.13
63 348 0.89
64 114 0.38
64 119 0.52
64 137 0.6
64 158 0.25
64 160 0.76
64 164 0.66
64 168 0.75
64 192 0.01
64 197 0.88
64 202 0.97
64 249 0.93
64 252 0.15
64 292 0.42
64 359 0.71
64 370 0.74
64 374 0.54
64 390 0.83
64 394 0.22
64 400 0.22
64 403 0.97
64 404 0.29
64 405 0.55
64 406 0.66
64 407 0.46
64 408 0.63
64 409 0.6
64 410 0.92
65 66 0.46
65 67 0.07
65 68 0.51
65 69 0.99
65 70 0.19
66 77 0.89
66 109 0.86
66 110 0.14
66 111 0.58
66 112 0.93
67 89 0.17
67 111 0.08
67 139 0.44
67 140 0.95
68 94 0.06
68 135 0.53
68 147 0.75
68 157 0.69
69 76 0.71
69 79 0.51
69 80 0.64
69 100 0.11
69 103 0.0
69 129 0.53
69 136 0.2
69 141 0.86
69 144 0.25
69 149 0.75
69 154 0.79
69 169 0.8
69 190 0.67
69 192 0.48
70 78 0.56
70 80 0.39
70 113 0.67
70 149 0.99
70 173 0.97
70 201 0.09
70 202 0.45
72 86 0.64
72 87 0.06
72 88 0.07
72 89 0.32
72 90 0.79
72 91 0.37
72 92 0.6
72 93 0.93
72 94 0.18
75 81 0.87
75 82 0.58
75 83 0.22
75 85 0.44
75 100 0.9
75 102 0.04
75 105 0.4
75 106 0.06
75 118 0.72
75 125 0.52
75 128 0.0
75 149 0.69
75 152 0.05
75 158 0.44
75 160 0.63
75 170 0.7
75 171 0.47
75 177 0.11
75 200 0.22
75 211 0.31
75 221 0.39
75 228 0.62
75 230 0.04
75 236 0.7
75 239 0.54
75 240 0.3
75 244 0.41
75 245 0.42
75 246 0.63
75 247 0.62
75 248 0.89
75 250 0.96
75 251 0.34
75 252 0.97
75 262 0.62
75 265 0.77
75 272 0.49
75 277 0.53
75 299 0.34
75 303 0.57
75 308 0.69
75 309 0.05
75 323 0.77
75 325 0.38
75 326 0.39
75 341 0.91
75 366 0.39
75 367 0.13
75 369 0.46
75 385 0.9
75 400 0.26
75 406 0.48
75 407 0.68
75 411 0.17
75 412 0.81
75 418 0.71
75 440 0.15
75 444 0.66
75 448 0.9
75 449 0.34
75 450 0.73
75 451 0.92
75 452 0.83
75 453 0.32
75 454 0.56
75 455 0.69
75 456 0.68
75 457 0.5
75 458 0.15
75 459 0.53
75 460 0.68
75 461 0.23
75 462 0.37
75 463 0.37
75 464 0.57
75 465 0.91
75 466 0.0
75 467 0.66
75 468 0.92
75 469 0.08
75 470 0.11
75 471 0.61
75 472 0.61
75 473 0.21
75 474 0.01
75 475 0.86
75 476 0.3
75 477 0.14
75 478 0.56
75 479 0.57
76 77 0.83
76 78 0.18
76 79 0.13
76 80 0.01
76 81 0.61
76 82 0.76
76 83 0.57
76 84 0.84
76 85 0.31
77 161 0.13
78 118 1.0
78 165 0.64
78 166 0.87
78 167 0.74
79 80 0.43
79 130 0.4
79 133 0.11
79 141 0.63
79 147 0.27
79 149 0.68
79 150 0.52
79 189 0.61
80 86 0.84
80 91 0.85
80 129 0.96
80 131 0.06
80 141 0.38
80 142 0.06
80 145 0.65
80 150 0.86
80 174 0.41
80 187 0.86
80 192 0.62
80 196 0.13
80 234 0.19
81 141 0.07
81 144 0.0
81 149 0.31
81 158 0.22
81 198 0.86
81 303 0.97
82 83 0.94
82 123 0.07
82 127 0.01
82 221 0.45
82 222 0.86
82 253 0.86
82 329 0.33
82 370 0.48
82 410 0.53
82 451 0.3
82 455 0.78
82 471 0.36
82 500 0.63
82 537 0.49
83 127 0.34
83 158 0.49
83 171 0.25
83 208 0.66
83 210 0.07
83 211 0.44
83 221 0.76
83 222 0.65
83 244 0.24
83 248 0.7
83 250 0.97
83 253 0.68
83 258 0.57
83 259 0.82
83 277 0.68
83 310 0.12
83 350 0.28
83 360 0.03
83 368 0.78
83 370 0.9
83 378 0.74
83 379 0.28
83 410 0.9
83 437 0.45
83 444 0.21
83 451 0.42
83 457 0.21
83 469 0.9
83 471 0.54
83 473 1.0
83 489 0.77
83 505 0.47
83 513 0.91
83 528 0.5
83 531 0.87
83 534 0.91
83 538 0.76
83 539 0.02
83 543 0.69
83 548 0.59
83 550 0.74
83 553 0.56
83 555 0.49
83 567 0.29
83 574 0.91
83 577 0.25
83 579 0.32
83 580 0.52
83 601 0.79
83 619 0.65
83 621 0.82
83 658 0.4
83 683 0.04
83 685 0.07
83 708 0.06
83 709 0.71
83 710 0.28
84 158 0.14
84 210 0.82
84 248 0.95
84 607 0.98
84 654 0.22
84 703 0.7
85 207 0.14
85 208 0.26
85 217 0.67
85 244 0.81
85 283 0.4
85 309 0.67
85 393 0.4
85 427 0.89
85 440 0.65
85 444 0.84
85 468 0.32
85 470 0.16
85 472 0.02
85 477 0.9
85 478 0.99
85 518 0.22
85 610 0.46
85 682 0.78
85 699 0.31
85 703 0.94
85 704 0.61
85 714 0.33
85 722 0.2
85 725 0.52
85 730 0.65
85 738 0.91
85 739 0.39
85 741 0.6
85 749 0.97
85 756 0.19
86 129 0.21
86 130 0.88
86 131 0.72
86 132 0.6
86 133 0.93
87 90 0.43
88 144 0.9
88 149 0.08
88 181 0.72
88 189 0.97
91 92 0.03
91 131 0.88
91 235 0.35
94 134 0.33
95 98 0.21
99 100 1.0
100 101 0.37
100 102 0.63
100 103 0.99
100 104 0.18
100 105 0.56
101 197 0.66
101 198 0.92
102 105 0.54
102 106 0.4
102 262 0.46
102 280 0.46
102 286 0.13
102 287 0.48
102 288 0.86
102 289 0.27
103 149 0.65
103 189 0.94
103 194 0.47
103 195 0.91
104 106 0.69
104 119 0.42
104 149 0.94
104 163 0.32
104 192 0.41
104 200 0.78
104 201 0.33
104 202 0.1
104 248 0.37
104 280 0.41
104 319 0.67
104 359 0.82
104 386 0.28
104 387 0.17
104 388 0.31
104 389 0.99
104 390 0.35
105 167 0.71
105 240 0.53
105 286 0.69
105 288 0.96
105 302 0.52
105 418 0.18
105 431 0.01
105 433 0.57
106 107 0.09
106 149 0.07
106 158 0.43
106 163 0.93
106 202 0.54
106 227 0.03
106 228 0.77
106 240 0.88
106 262 0.61
106 265 0.52
106 268 0.81
106 295 0.22
106 299 0.99
106 300 0.37
106 319 0.3
106 326 0.24
106 327 0.6
106 345 0.81
106 357 0.02
106 358 0.93
106 359 0.41
106 360 0.84
106 361 0.73
108 109 0.9
111 125 0.75
113 130 0.91
113 134 0.78
113 139 0.92
113 141 0.63
113 144 0.36
113 172 0.75
113 192 0.93
113 231 0.31
113 232 0.11
113 233 0.49
114 202 0.54
114 304 0.65
115 149 0.42
115 182 0.1
115 268 0.94
115 281 0.24
115 322 0.41
115 325 0.23
115 349 0.9
115 352 0.77
115 353 0.84
115 354 0.27
116 176 0.96
118 119 0.04
118 149 0.11
119 120 0.86
119 121 0.92
119 122 0.54
119 123 0.03
119 124 0.75
119 125 0.89
119 126 0.78
119 127 0.72
119 128 0.78
120 149 0.83
120 182 0.5
120 192 0.94
120 198 0.34
120 237 0.12
120 297 0.2
121 158 0.18
121 171 0.92
121 254 0.04
121 274 0.02
121 411 0.6
121 412 0.96
123 125 0.35
123 226 0.88
123 241 0.11
123 303 0.83
123 424 0.66
123 495 0.11
124 332 0.69
124 359 0.45
124 425 0.57
125 251 0.66
125 370 0.56
125 374 0.01
125 377 0.51
125 385 0.65
125 441 0.14
125 453 0.98
125 458 0.87
125 495 0.52
125 510 0.74
125 547 0.48
125 578 0.46
126 262 0.04
126 304 0.35
126 452 0.02
127 208 0.15
127 210 0.5
127 244 0.92
127 250 0.2
127 252 0.91
127 258 0.22
127 259 0.41
127 260 0.02
127 367 0.81
127 370 0.28
127 372 0.67
127 378 0.53
127 380 0.45
127 399 0.72
127 409 0.77
127 412 0.71
127 444 0.78
127 473 0.02
127 487 0.67
127 510 0.46
127 524 0.5
127 543 0.01
127 553 0.98
127 575 0.69
127 599 0.89
127 620 0.9
127 655 0.58
127 682 0.31
127 683 0.5
127 684 0.46
128 160 0.97
128 168 0.59
128 177 0.8
128 256 0.15
128 276 0.28
128 370 0.61
128 374 0.01
128 400 0.63
128 408 0.92
128 455 0.16
128 457 0.71
129 195 0.17
129 196 0.88
130 141 0.06
130 144 0.75
130 150 0.27
130 151 0.43
130 156 0.35
131 141 0.19
132 197 0.37
134 141 0.68
135 186 0.85
136 139 0.94
137 202 0.17
138 144 0.33
138 147 0.96
138 278 0.11
139 172 0.66
139 173 0.28
139 174 0.62
139 175 0.35
141 142 0.02
141 143 0.51
141 144 0.2
141 145 0.59
141 146 0.46
141 147 0.07
141 148 0.06
141 149 0.69
141 150 0.12
141 151 0.58
141 152 0.68
141 153 0.86
142 191 0.98
144 145 0.84
144 150 0.09
144 192 0.21
144 198 0.59
144 199 0.71
145 192 0.64
146 175 0.28
146 195 0.89
146 237 0.29
146 261 0.46
146 263 0.02
146 279 0.92
146 280 0.49
147 182 0.1
147 198 0.61
147 301 0.55
147 302 0.05
148 149 0.43
148 193 0.09
149 158 0.67
149 166 0.87
149 167 0.26
149 170 0.45
149 173 0.27
149 195 0.74
149 220 0.25
149 227 0.65
149 228 0.94
149 230 0.31
149 236 0.78
149 237 0.4
149 240 0.61
149 242 1.0
149 243 0.68
149 245 0.56
149 261 0.03
149 264 0.99
149 265 0.66
149 266 0.65
149 275 0.29
149 281 0.87
149 303 0.4
149 311 0.45
149 314 0.43
149 315 0.89
149 316 0.37
149 317 0.46
149 318 0.64
149 319 0.59
149 320 0.91
149 321 0.28
149 322 0.14
149 323 0.84
149 324 0.1
149 325 0.76
149 326 0.87
149 327 0.87
149 328 0.56
149 329 0.62
149 330 0.8
149 331 0.46
149 332 0.85
149 333 0.08
149 334 0.69
149 335 0.86
149 336 0.82
149 337 1.0
150 195 0.74
152 266 0.47
152 330 0.17
153 345 0.22
157 241 0.51
157 385 0.86
158 159 0.44
158 162 0.93
158 163 0.45
158 171 0.05
158 177 0.25
158 221 0.55
158 230 0.85
158 241 0.32
158 244 0.26
158 245 0.94
158 247 0.46
158 248 0.3
158 249 0.64
158 250 0.26
158 252 0.76
158 253 0.5
158 254 0.26
158 255 0.14
158 256 0.49
158 257 0.29
158 262 0.48
158 276 0.77
158 277 0.0
158 281 0.85
158 307 0.24
158 308 0.56
158 316 0.33
158 364 0.11
158 365 0.76
158 366 0.13
158 367 0.41
158 368 0.01
158 369 0.75
158 370 0.19
158 371 0.55
158 372 0.74
158 373 0.11
158 374 0.92
158 375 0.6
158 376 0.01
158 377 0.42
158 378 0.84
158 379 0.78
158 380 0.44
158 381 0.96
159 160 0.35
160 171 0.13
160 250 0.24
160 253 0.41
160 401 0.87
160 427 0.07
160 441 0.13
160 490 0.6
160 513 0.96
160 571 0.43
160 572 0.0
162 163 0.18
162 164 0.37
163 201 0.11
163 228 0.42
163 236 0.37
163 240 0.01
163 248 0.64
163 262 0.01
163 266 0.53
163 300 0.16
163 303 0.6
163 319 0.27
163 326 0.42
163 327 0.48
163 419 0.48
163 430 0.37
163 446 0.43
164 243 0.36
164 303 0.1
164 328 0.69
164 400 0.85
166 167 0.3
166 182 0.72
166 200 0.77
166 227 0.91
166 240 0.53
166 241 0.46
166 293 0.98
166 294 0.95
166 324 0.82
166 356 0.52
166 391 0.22
166 392 0.89
167 200 0.47
167 237 0.18
167 265 0.26
167 302 0.15
167 324 0.11
167 326 0.42
167 391 0.43
169 170 0.36
169 171 0.21
170 228 0.86
170 288 0.4
170 404 0.68
171 204 0.79
171 208 0.25
171 215 0.55
171 216 0.46
171 219 0.73
171 222 0.43
171 245 0.52
171 247 0.81
171 248 0.34
171 250 0.27
171 252 0.18
171 254 0.71
171 255 0.98
171 257 0.37
171 258 0.32
171 262 0.08
171 270 0.98
171 272 0.01
171 273 0.63
171 274 0.62
171 308 0.66
171 310 0.53
171 367 0.63
171 369 0.21
171 371 0.11
171 372 0.04
171 373 0.15
171 375 0.19
171 378 0.26
171 398 0.07
171 406 0.76
171 411 0.44
171 412 0.46
171 413 0.22
171 421 0.31
171 444 0.71
171 446 0.09
171 450 0.52
171 458 0.7
171 459 0.72
171 462 0.72
171 464 0.79
171 469 0.59
171 470 0.06
171 471 0.11
171 474 0.07
171 475 0.94
171 477 0.54
171 478 0.56
171 503 0.73
171 504 0.97
171 515 0.23
171 525 0.8
171 552 0.4
171 567 0.75
171 568 0.04
171 583 0.24
171 588 0.02
171 590 0.16
171 593 0.24
171 601 0.99
171 603 0.77
171 611 0.01
171 612 0.89
171 613 0.59
171 614 0.99
171 615 0.55
171 616 0.25
171 617 0.26
171 618 0.73
171 619 0.87
171 620 0.39
171 621 0.79
171 622 0.93
171 623 0.59
171 624 0.61
171 625 0.56
171 626 0.3
171 627 0.6
171 628 0.45
171 629 0.39
171 630 0.35
171 631 0.42
171 632 0.56
171 633 0.52
171 634 0.47
171 635 0.34
171 636 0.03
171 637 0.61
171 638 0.96
171 639 0.59
171 640 0.91
171 641 0.58
171 642 0.14
171 643 0.06
173 179 0.68
173 195 0.19
173 200 0.5
173 238 0.8
173 239 0.06
173 240 0.82
173 241 0.98
173 242 0.97
173 243 0.63
175 200 0.96
175 261 0.04
176 180 0.58
177 178 0.94
177 244 0.13
177 248 0.19
177 254 0.72
177 408 0.41
177 450 0.54
177 455 0.15
177 460 0.8
177 499 0.78
177 569 0.1
177 603 0.12
179 402 0.08
182 183 0.4
182 198 0.75
182 237 0.34
182 291 0.51
182 292 0.79
186 187 0.65
187 195 0.34
189 195 0.68
189 305 0.99
189 306 0.9
192 193 0.83
192 198 0.44
192 199 0.08
192 200 0.7
195 236 0.07
195 237 0.53
197 234 0.09
198 348 0.57
200 240 0.96
200 241 0.17
200 261 0.38
200 263 0.26
200 265 0.27
200 280 0.24
200 286 0.89
200 319 0.4
200 326 0.32
201 223 0.42
201 240 0.16
201 253 0.01
201 319 0.6
201 326 0.24
201 328 0.13
201 371 0.37
201 396 0.12
201 397 0.49
201 398 0.66
202 290 0.26
202 359 0.2
202 389 0.82
203 204 0.88
203 217 0.46
203 508 0.75
203 509 0.38
204 205 0.42
204 206 0.08
204 207 0.95
204 208 0.98
204 209 0.93
204 210 0.18
204 211 0.8
204 212 0.72
204 213 0.04
204 214 0.78
204 215 0.08
204 216 0.97
204 217 0.32
204 218 0.36
204 219 0.27
205 368 0.86
205 409 0.49
205 444 0.26
205 508 0.03
205 558 0.93
205 594 0.28
205 595 0.28
206 476 0.13
206 678 0.3
206 679 0.79
207 374 0.55
207 409 0.97
207 444 0.12
207 682 0.0
207 696 0.95
207 697 0.89
208 283 0.81
208 444 0.91
208 470 0.36
208 503 0.94
208 553 0.18
208 557 0.28
208 599 0.21
208 655 0.71
208 682 0.68
209 250 0.58
209 438 0.86
209 444 0.28
209 518 0.97
209 553 0.78
209 602 0.05
209 622 0.24
209 719 0.63
210 244 0.13
210 248 0.67
210 250 0.31
210 252 0.2
210 378 0.24
210 444 0.74
210 462 0.64
210 463 0.72
210 469 0.91
210 471 0.15
210 473 0.66
210 474 0.28
210 567 0.33
210 569 0.09
210 580 0.07
210 601 0.46
210 619 0.84
210 621 0.9
210 624 0.09
210 652 0.57
210 682 0.87
210 685 0.16
210 718 0.6
210 734 0.83
210 735 0.62
210 736 0.68
210 737 0.37
211 367 0.09
211 369 0.78
211 474 0.69
211 479 0.95
211 531 0.43
211 619 0.71
211 705 0.39
212 648 0.87
212 701 0.68
213 539 0.36
213 588 0.8
213 594 0.39
213 621 0.16
213 646 0.43
213 649 0.62
213 720 0.48
213 768 0.87
214 393 0.61
214 472 0.55
214 477 0.57
214 538 0.73
214 546 0.69
214 610 0.49
214 627 0.08
214 648 0.75
214 660 0.66
214 673 0.13
214 677 0.27
214 703 0.18
214 732 0.69
214 738 0.09
214 747 0.47
214 758 0.34
214 792 0.6
214 793 0.66
214 794 0.57
215 217 0.0
215 269 0.82
215 270 0.77
215 271 0.56
215 444 0.09
215 523 0.9
215 594 0.55
215 626 0.4
215 627 0.57
215 628 0.8
215 641 0.37
215 659 0.04
215 677 0.19
215 702 0.94
215 703 0.56
215 714 0.78
215 754 0.83
215 786 0.55
215 788 0.36
215 802 0.26
215 809 0.92
215 810 0.8
216 217 0.42
216 270 0.27
216 477 0.14
216 522 0.02
216 627 0.1
216 628 0.01
216 630 0.32
216 664 0.82
216 677 0.24
216 703 0.01
216 705 0.56
216 739 0.09
216 754 0.48
216 756 0.72
216 788 0.26
216 819 0.81
216 823 0.78
216 824 0.06
217 365 0.19
217 444 0.37
217 477 0.52
217 478 0.17
217 506 0.35
217 509 0.33
217 522 0.25
217 523 0.6
217 594 0.63
217 628 0.99
217 700 0.09
217 702 0.34
217 703 0.04
217 782 0.17
217 809 0.94
217 822 0.12
217 826 0.91
218 257 0.26
218 427 0.52
218 686 0.91
218 741 0.73
219 444 0.85
219 477 0.3
219 478 0.58
219 509 0.78
219 522 0.59
219 525 0.6
219 588 0.56
219 610 0.17
219 677 0.16
219 724 0.55
219 726 0.05
219 731 0.75
219 741 0.08
219 762 0.3
219 803 0.82
219 815 0.17
219 838 0.64
220 324 0.59
220 352 0.49
221 249 0.61
221 398 0.74
221 400 0.55
221 406 0.78
221 407 0.26
221 410 0.49
221 451 0.25
221 455 0.46
221 519 0.46
221 539 0.77
221 567 0.73
221 569 0.43
221 577 0.42
221 671 0.2
222 309 0.92
222 472 0.5
222 475 0.24
222 478 0.52
222 479 0.31
222 527 0.37
222 539 0.56
222 555 0.93
222 584 0.88
222 585 0.38
222 682 0.58
222 684 0.57
222 738 0.99
222 750 0.73
223 224 0.53
224 420 0.62
225 226 0.88
226 227 0.39
226 228 0.22
226 229 0.65
226 230 0.01
227 228 0.43
227 229 0.1
227 237 0.27
227 240 0.51
227 248 0.79
227 249 0.56
227 261 0.87
227 266 0.27
227 268 0.7
227 319 0.94
227 324 0.68
227 358 0.53
227 359 0.32
227 391 0.52
227 403 0.18
227 416 0.71
227 418 0.13
227 441 0.41
228 230 0.0
228 239 0.38
228 262 0.21
228 268 0.93
228 318 0.18
228 319 0.22
228 327 0.86
228 353 0.39
228 359 0.04
228 418 0.39
228 480 0.69
229 303 0.7
229 327 0.93
229 336 0.77
229 418 0.05
230 248 0.21
230 266 0.92
230 276 0.8
230 326 0.03
230 327 0.92
230 367 0.37
230 413 0.82
230 416 0.95
230 535 0.37
232 233 0.19
233 347 0.81
234 339 0.69
235 279 0.6
236 248 0.01
236 303 0.8
236 350 0.64
236 351 0.28
237 241 0.46
237 261 0.4
237 280 0.58
237 292 0.55
237 312 0.7
237 316 0.99
237 319 0.86
237 320 0.34
237 362 0.78
237 382 0.56
237 383 0.22
239 265 0.51
239 326 0.45
239 331 0.77
239 356 0.48
240 241 0.27
240 265 0.91
240 294 0.72
240 302 0.3
240 319 0.23
240 326 0.12
240 391 0.62
240 413 0.1
240 414 0.74
241 254 0.0
241 265 0.64
241 275 0.57
241 319 0.92
241 341 0.01
241 343 0.34
241 371 0.56
241 376 0.14
241 377 0.38
241 385 0.49
241 417 0.62
241 418 0.08
241 419 0.56
242 289 0.99
243 331 0.09
243 402 0.01
244 245 0.87
244 246 0.73
244 247 0.8
244 248 0.62
244 249 0.23
244 250 0.28
244 251 0.75
244 252 0.76
244 253 0.66
244 254 0.64
244 255 0.74
244 256 0.39
244 257 0.44
244 258 0.66
244 259 0.11
244 260 0.21
245 360 0.14
245 364 0.7
245 374 0.31
245 385 0.86
245 401 0.88
245 452 0.09
246 254 0.98
246 258 0.38
246 277 0.89
246 455 0.98
246 457 0.13
246 560 0.25
246 561 0.72
247 249 0.61
247 254 0.02
247 255 0.15
247 277 0.69
247 310 0.28
247 370 0.36
247 534 0.18
247 548 0.48
247 568 0.56
248 250 0.48
248 251 0.1
248 252 0.28
248 253 0.46
248 258 0.97
248 259 0.36
248 266 0.97
248 277 0.46
248 281 0.97
248 303 0.88
248 309 0.18
248 310 0.1
248 326 0.02
248 337 0.29
248 341 0.4
248 370 0.16
248 373 0.28
248 378 0.09
248 379 0.68
248 409 0.87
248 419 0.54
248 423 0.28
248 424 0.92
248 453 0.22
248 455 0.27
248 458 0.07
248 460 0.44
248 462 0.47
248 463 0.16
248 466 0.53
248 469 0.39
248 473 0.38
248 500 0.28
248 505 0.74
248 513 0.52
248 525 0.09
248 541 0.68
248 577 0.95
248 578 0.62
248 579 0.59
248 580 0.58
248 581 0.42
249 252 0.6
249 253 0.34
249 300 0.46
249 327 0.3
249 374 0.04
249 400 0.66
249 403 0.28
249 408 0.61
249 410 0.95
249 411 0.17
249 457 0.12
249 459 0.02
249 473 0.19
249 513 0.25
249 569 0.69
250 251 0.27
250 252 0.92
250 253 0.85
250 254 0.78
250 255 0.84
250 256 0.02
250 257 0.52
250 258 0.58
250 259 0.12
250 260 0.01
250 303 0.74
250 308 0.92
250 310 0.44
250 370 0.54
250 371 0.51
250 373 0.26
250 385 0.91
250 390 0.9
250 398 0.61
250 399 0.13
250 408 0.02
250 411 0.66
250 413 0.43
250 419 0.69
250 453 0.2
250 457 0.22
250 459 0.17
250 464 0.12
250 489 0.97
250 530 0.79
250 533 0.14
250 534 0.51
250 538 0.95
250 550 0.33
250 569 0.13
250 597 0.82
250 598 0.41
250 599 0.17
250 600 0.67
251 259 0.29
251 406 0.85
251 411 0.73
251 412 0.3
251 600 0.08
252 253 0.06
252 255 0.83
252 258 0.14
252 259 0.12
252 260 0.05
252 277 0.54
252 371 0.97
252 380 0.47
252 399 0.46
252 408 0.27
252 419 0.32
252 455 0.05
252 457 0.98
252 471 0.56
252 473 0.2
252 529 0.92
252 530 0.77
252 550 0.7
252 568 0.95
252 572 0.7
252 593 0.5
252 599 0.92
252 621 0.53
252 652 0.08
252 655 0.58
253 255 0.46
253 260 0.1
253 274 0.93
253 275 0.35
253 373 0.34
253 374 0.33
253 379 0.79
253 452 0.55
253 459 0.52
253 461 0.4
253 464 0.06
253 469 0.23
253 602 0.11
253 603 0.14
253 671 0.75
254 256 0.28
254 258 0.44
254 274 0.54
254 374 0.2
254 457 0.18
254 459 0.28
254 466 0.38
255 256 0.47
255 259 0.4
255 274 0.12
255 308 0.75
255 457 0.07
255 612 0.77
256 258 0.07
256 276 0.35
256 373 0.49
256 429 0.0
257 686 0.73
257 687 0.5
258 259 0.57
258 260 0.25
258 308 0.62
258 310 0.94
258 371 0.93
258 377 0.18
258 406 0.0
258 410 0.03
258 457 0.27
258 473 0.52
258 489 0.9
258 529 0.64
258 530 0.38
258 550 0.41
258 593 0.41
258 599 0.54
258 607 0.27
258 617 0.24
258 655 0.95
258 680 0.85
259 308 0.19
259 390 0.11
259 400 0.93
259 451 0.26
259 455 0.65
259 471 0.58
259 601 0.31
259 693 0.24
260 370 0.41
260 378 0.3
260 455 0.81
260 473 0.21
260 530 0.74
260 550 0.12
260 599 0.29
260 701 0.07
261 262 0.02
261 263 0.33
262 274 0.88
262 300 0.57
262 333 0.03
262 350 0.47
262 364 0.32
262 421 0.94
262 422 0.4
262 423 0.52
262 424 0.29
263 312 0.81
263 319 0.84
264 265 0.65
264 266 0.53
264 267 0.2
264 268 0.5
265 305 0.45
265 319 0.43
265 324 0.49
265 325 0.41
265 394 0.52
265 418 0.24
265 431 0.79
266 303 0.75
266 325 0.96
266 366 0.5
266 405 0.08
266 416 0.56
266 423 0.12
267 281 0.49
268 281 0.93
268 289 0.9
268 300 0.39
268 311 0.23
268 322 0.67
268 326 0.43
268 349 0.53
268 353 0.06
268 416 0.68
268 526 0.11
269 270 0.25
269 271 0.42
269 272 0.54
269 273 0.92
270 477 0.48
270 616 0.16
270 627 0.84
270 630 0.55
270 668 0.19
270 702 0.09
270 712 0.43
270 742 0.2
270 874 0.43
271 588 0.7
271 627 0.86
271 639 0.96
271 640 0.66
271 754 0.98
271 798 0.02
272 519 0.37
273 627 0.88
273 664 0.59
273 787 0.73
274 275 0.32
274 276 0.11
274 277 0.69
275 385 0.69
275 400 0.52
275 458 0.96
276 374 0.24
276 400 0.52
276 423 0.39
276 455 0.82
276 460 0.39
276 513 0.94
276 647 0.69
277 310 0.05
277 370 0.07
277 373 0.39
277 374 0.48
277 380 0.71
277 450 0.34
277 452 0.83
277 457 0.15
277 464 0.44
277 568 0.49
277 569 0.05
277 617 0.7
278 392 0.48
280 320 0.51
280 435 0.64
281 282 0.68
281 289 0.82
281 300 0.03
281 346 0.44
281 353 0.67
281 366 0.41
281 389 0.04
281 416 0.27
281 531 0.6
283 284 0.5
283 308 0.02
283 393 0.26
283 444 0.3
283 477 0.73
283 494 0.22
283 503 0.14
283 540 0.72
283 596 0.05
283 616 0.52
283 731 0.25
283 732 0.64
283 733 0.02
284 285 0.43
285 519 0.56
285 541 0.03
285 660 0.33
285 700 0.89
285 727 0.91
285 809 0.56
286 305 0.06
286 394 0.18
286 433 0.85
289 300 0.89
289 404 0.68
289 416 0.16
289 499 0.12
291 292 0.04
293 294 0.98
295 296 0.17
295 297 0.85
295 299 0.73
295 332 0.82
295 359 0.68
296 297 0.52
297 317 0.84
298 299 0.19
299 300 0.83
300 311 0.36
300 316 0.64
300 322 0.53
300 325 0.29
300 326 0.65
300 354 0.58
300 366 0.01
300 514 0.09
302 319 0.8
302 382 0.53
303 326 0.08
303 373 0.8
303 400 0.78
303 423 0.16
303 453 0.55
303 505 0.82
303 506 0.86
303 507 0.88
304 405 0.81
304 500 0.79
304 510 0.77
305 320 0.2
305 338 0.32
306 382 0.51
308 357 0.84
308 397 0.21
308 409 0.44
308 420 0.14
308 458 0.51
308 469 0.66
308 470 0.56
308 471 0.27
308 473 0.4
308 489 0.33
308 505 0.72
308 529 0.41
308 530 0.33
308 538 0.49
308 548 0.62
308 549 0.23
308 550 0.6
308 551 0.42
308 552 0.13
308 553 0.36
308 554 0.97
308 555 0.9
308 556 0.1
308 557 0.91
308 558 0.59
309 326 0.22
309 400 0.41
309 473 0.45
309 539 0.68
309 542 0.8
310 367 0.58
310 380 0.34
310 408 0.47
310 456 0.2
310 464 0.96
310 469 0.34
310 534 0.71
310 569 0.61
310 598 0.67
312 340 0.76
315 363 1.0
316 384 0.43
317 332 0.53
317 399 0.54
319 320 0.47
319 324 0.39
319 327 0.96
319 345 0.06
319 392 0.85
319 418 0.04
319 442 0.83
320 445 0.6
321 343 0.79
322 326 0.23
322 416 0.68
322 435 0.15
323 345 0.47
324 327 0.84
325 326 0.15
325 423 0.26
326 353 0.62
326 367 0.86
326 400 0.37
326 404 0.35
326 483 0.25
327 359 0.26
327 366 0.52
327 403 0.23
327 405 0.86
327 418 0.16
327 448 0.71
327 480 0.37
328 353 0.48
329 373 0.5
330 353 0.92
330 367 0.9
331 402 0.45
332 425 0.22
335 535 0.22
337 537 0.51
338 490 0.74
338 502 0.91
341 342 0.98
341 493 0.56
341 563 0.8
343 344 0.0
345 359 0.21
345 361 0.64
345 418 0.19
348 356 0.35
349 353 0.66
349 416 0.64
350 393 0.94
352 512 0.41
353 425 0.86
355 374 0.13
355 421 0.93
355 429 0.55
359 395 0.32
359 418 0.76
359 481 0.96
360 406 0.44
360 473 0.11
360 500 0.74
360 501 0.77
364 436 0.48
364 437 0.63
364 438 0.17
364 439 0.16
364 440 0.5
365 412 0.89
365 518 0.41
367 369 0.98
367 370 0.08
367 463 0.61
367 474 0.4
367 539 0.65
367 540 0.21
369 562 0.44
370 377 0.46
370 419 0.03
370 452 0.32
370 453 0.36
370 457 0.3
370 500 0.79
370 543 0.09
370 568 0.45
370 569 0.42
371 377 0.83
371 453 0.75
371 454 0.3
371 457 0.02
371 489 0.95
371 511 0.33
371 530 0.34
371 589 0.52
372 498 0.63
372 538 0.06
372 554 0.35
373 419 0.72
373 457 0.35
373 469 0.76
373 593 0.18
374 423 0.51
374 452 0.05
374 457 0.69
374 459 0.88
374 468 0.82
374 495 0.66
374 502 0.86
374 598 0.34
374 617 0.34
374 644 0.18
374 645 0.14
375 594 0.16
375 627 0.31
375 631 0.0
375 635 0.93
375 658 0.94
375 659 0.62
375 660 0.56
375 661 0.65
375 662 0.69
375 663 0.68
375 664 0.74
375 665 0.02
375 666 0.9
375 667 0.97
375 668 0.92
375 669 0.99
375 670 0.15
376 452 0.55
376 559 0.31
377 398 0.17
377 495 0.75
377 530 0.05
378 457 0.36
378 473 0.45
378 583 0.96
378 593 0.34
378 683 0.61
379 380 0.94
379 390 0.0
379 451 0.59
379 474 0.97
379 513 0.56
380 427 0.7
380 444 0.82
380 455 0.24
380 461 0.73
380 462 0.6
380 567 0.93
380 593 0.75
382 443 0.06
383 444 0.73
385 400 0.82
385 401 0.44
390 460 0.23
390 469 0.29
391 447 0.66
393 506 0.66
393 538 0.83
393 588 0.59
393 649 0.68
393 677 0.94
393 700 0.29
393 722 0.71
393 764 0.52
393 827 0.36
394 395 0.67
396 415 0.67
397 398 0.04
398 429 0.83
398 441 0.91
398 464 0.52
398 495 0.4
398 538 0.91
399 489 0.94
400 404 0.87
400 411 0.35
400 423 0.16
400 430 0.14
400 446 0.13
400 500 0.35
400 513 0.96
400 542 0.71
403 513 0.03
404 532 0.25
406 457 0.85
407 457 0.99
408 455 0.09
408 570 0.81
408 651 0.06
409 495 0.23
409 694 0.18
410 490 0.13
410 499 0.98
410 569 0.59
410 588 0.02
410 661 0.11
410 693 0.71
410 695 0.2
411 505 0.2
411 507 0.34
411 574 0.75
412 507 0.16
412 647 0.77
413 443 0.44
419 424 0.25
419 513 0.47
419 534 0.39
419 593 0.68
420 470 0.78
420 471 0.08
420 553 0.71
420 575 0.23
420 585 0.53
420 745 0.93
423 456 0.2
423 482 0.05
423 542 0.23
423 543 0.9
425 426 0.21
427 428 0.48
428 596 0.26
428 609 0.56
428 725 1.0
428 798 0.31
429 441 0.3
429 458 0.21
429 495 0.96
432 433 0.55
432 434 0.37
433 434 0.68
436 703 0.13
436 753 0.4
436 754 0.18
437 555 0.64
437 558 0.79
438 439 0.51
439 444 0.75
439 477 0.2
439 698 0.08
439 718 0.88
439 731 0.05
439 753 0.94
439 791 0.31
440 594 0.81
440 608 0.29
440 731 0.89
440 785 0.16
440 846 0.55
441 546 0.05
442 493 0.74
444 465 0.32
444 470 0.66
444 472 0.4
444 475 0.19
444 503 0.18
444 531 0.46
444 537 0.73
444 543 0.55
444 546 0.69
444 550 0.63
444 551 0.45
444 553 0.32
444 579 0.24
444 584 0.99
444 588 0.6
444 599 0.1
444 607 0.45
444 608 0.88
444 609 0.69
444 610 0.31
444 617 0.48
444 624 0.22
444 649 0.5
444 658 0.28
444 672 0.0
444 675 0.16
444 677 0.25
444 704 0.4
444 709 0.42
444 721 0.71
444 722 0.17
444 723 0.57
446 517 0.42
446 590 0.09
449 494 0.48
450 525 0.43
451 464 0.36
451 474 0.37
451 539 0.32
451 567 0.53
451 574 0.29
451 575 0.89
451 576 0.26
452 486 0.66
452 500 0.13
452 601 0.2
453 486 0.74
453 500 0.51
453 507 0.44
455 460 0.4
455 469 0.27
455 513 0.3
456 460 0.15
456 483 0.38
457 459 0.54
457 464 0.48
457 466 0.48
457 534 0.24
457 569 0.37
457 618 0.42
457 656 0.34
457 657 0.83
458 494 0.6
458 559 0.37
459 489 0.77
460 505 0.59
460 513 0.96
462 469 0.64
462 471 0.94
462 473 0.07
462 525 0.61
462 552 0.11
462 680 0.33
462 685 0.18
464 534 0.07
464 689 0.77
464 690 0.65
465 677 0.59
465 692 0.81
468 494 0.48
468 553 0.67
468 703 0.49
468 704 0.23
469 471 0.02
469 473 0.08
469 513 0.29
469 531 0.74
469 543 0.71
469 567 0.47
469 593 0.26
469 603 0.45
469 619 0.11
469 621 0.36
469 685 0.53
469 701 0.46
469 707 0.5
469 714 0.83
469 715 0.88
470 525 0.94
470 528 0.13
470 540 0.87
470 553 0.38
470 585 0.28
470 622 0.16
470 649 0.75
470 682 0.18
470 716 0.13
470 719 0.81
470 720 0.87
471 536 0.1
471 539 0.59
471 555 0.34
471 590 0.88
471 601 0.79
471 645 0.2
471 685 0.27
471 710 0.14
471 720 0.68
472 477 0.15
472 509 0.04
472 528 0.7
472 564 0.11
472 649 0.28
472 677 0.38
472 724 0.48
472 725 0.68
472 726 0.07
472 727 0.49
472 728 0.57
472 729 0.08
473 504 0.71
473 505 0.26
473 567 0.93
473 577 0.21
473 601 0.38
473 615 0.2
473 619 0.43
473 658 0.05
473 682 0.88
473 685 0.57
473 693 0.84
473 734 0.7
474 680 0.66
475 479 0.21
475 531 0.95
475 649 0.58
475 709 0.67
475 722 0.96
475 725 0.96
475 739 0.4
475 760 0.28
475 811 0.22
475 812 0.13
476 494 0.03
476 502 0.07
476 781 0.19
477 478 0.13
477 494 0.65
477 521 0.04
477 522 0.76
477 588 0.97
477 627 0.48
477 628 0.04
477 633 0.66
477 638 0.93
477 640 0.11
477 659 0.94
477 660 0.53
477 661 0.98
477 677 0.16
477 702 0.24
477 703 0.09
477 711 0.52
477 726 0.74
477 727 0.8
477 728 0.89
477 731 0.04
477 738 0.06
477 739 0.45
477 763 0.37
477 766 0.65
477 772 0.41
477 773 0.44
477 775 0.42
477 808 0.83
477 809 0.22
477 817 0.33
477 830 0.47
478 509 0.82
478 521 0.6
478 522 0.03
478 523 0.87
478 588 0.51
478 627 0.12
478 628 0.95
478 660 0.87
478 663 0.5
478 728 0.22
478 739 0.36
478 785 0.67
478 817 0.04
478 833 0.96
478 839 0.52
478 845 0.15
479 539 0.97
481 486 0.27
483 542 0.85
484 485 0.59
484 544 0.4
484 545 0.44
487 488 0.79
487 531 0.66
487 701 0.09
487 759 0.78
489 619 0.31
490 491 0.98
490 533 0.15
490 534 0.83
494 691 0.78
496 497 0.18
497 498 0.87
499 514 0.94
500 582 0.87
502 591 0.9
502 605 0.65
503 504 0.78
506 607 0.58
506 648 0.24
506 649 0.95
506 650 0.28
507 652 0.36
507 653 0.47
508 731 0.86
508 861 0.1
509 588 0.76
509 627 0.08
509 660 0.26
509 728 0.67
509 806 0.17
510 578 0.4
510 601 0.95
510 602 0.47
510 603 0.23
510 604 0.28
513 652 0.27
515 516 0.12
518 648 0.31
518 649 0.07
518 704 0.33
519 520 0.93
519 566 0.7
519 621 0.21
519 628 0.32
519 649 0.45
519 780 0.33
520 521 0.1
520 522 0.6
520 523 0.41
521 523 0.25
521 627 0.66
521 633 0.46
521 639 0.31
522 633 0.92
522 644 0.36
522 739 0.14
522 817 0.22
522 869 0.34
523 626 0.68
523 627 0.39
523 630 0.04
523 639 0.91
523 695 0.43
523 702 0.4
523 741 0.56
523 794 0.38
523 834 0.69
523 845 0.88
523 856 0.94
523 862 0.78
523 864 0.44
523 870 0.64
525 553 0.74
525 627 0.33
527 528 0.25
528 553 0.2
528 649 0.69
528 716 0.16
529 530 0.17
530 550 0.6
530 599 0.63
530 655 0.28
531 539 0.21
531 588 0.76
533 559 0.7
534 552 0.57
534 569 0.56
534 676 0.47
537 624 0.11
537 707 0.44
538 552 0.8
538 610 0.66
538 649 0.73
538 673 0.65
538 677 0.13
539 541 0.77
539 555 0.91
539 579 0.39
539 610 0.27
540 549 0.11
540 557 0.62
540 703 0.63
540 714 0.64
540 716 0.28
543 610 0.4
544 769 0.24
545 557 0.6
545 757 0.6
546 578 0.14
546 606 0.96
546 702 0.9
548 567 0.26
549 646 0.84
550 599 0.33
550 655 0.78
551 552 0.49
551 573 0.45
552 553 0.3
552 677 0.46
552 716 0.03
553 557 0.05
553 567 0.69
553 575 0.33
553 584 0.4
553 586 0.18
553 625 0.62
553 649 0.94
553 682 0.23
553 684 0.2
553 703 0.89
553 718 0.23
553 719 0.83
555 585 0.88
555 682 0.19
555 752 0.21
556 683 0.89
556 755 0.15
557 717 0.38
560 645 0.5
560 648 0.17
564 565 0.1
564 566 0.65
565 588 0.64
565 628 0.35
565 677 0.03
565 739 0.69
565 740 0.66
565 741 0.26
566 588 0.75
566 610 0.96
566 649 0.02
566 727 0.15
566 771 0.66
566 799 0.44
567 619 0.23
569 618 0.02
571 592 0.27
571 593 0.64
575 622 0.17
576 730 0.75
578 588 0.07
578 610 0.27
578 674 0.37
584 585 0.19
584 586 0.63
584 587 0.86
584 588 0.88
585 645 0.6
585 721 0.38
585 752 0.89
586 649 0.35
586 795 0.48
588 594 0.59
588 609 0.69
588 628 0.83
588 638 0.39
588 647 0.26
588 695 0.9
588 702 0.95
588 703 0.65
588 728 0.67
588 731 0.44
588 751 0.35
588 753 0.14
588 760 0.53
588 786 0.75
588 794 0.15
588 796 0.07
588 806 0.83
588 810 0.71
588 816 0.46
588 817 0.67
588 818 0.77
588 819 0.78
593 622 0.41
594 666 0.9
594 731 0.45
594 804 0.27
594 805 0.57
594 806 1.0
599 655 0.84
599 682 0.02
601 652 0.39
601 680 0.5
601 681 0.16
602 603 0.09
605 660 0.86
605 700 0.71
605 731 0.56
607 608 0.05
607 609 0.74
608 738 0.87
609 650 0.83
610 677 0.88
610 709 0.34
610 731 0.31
610 744 0.02
610 751 0.97
611 651 0.03
616 635 0.08
616 705 0.69
619 621 0.57
619 680 0.18
621 647 0.26
623 624 0.48
625 682 0.81
625 790 0.54
626 638 0.34
626 639 0.37
626 753 0.5
626 754 0.09
626 787 0.97
627 628 0.8
627 629 0.23
627 630 0.4
627 631 0.62
627 636 0.78
627 640 0.16
627 641 0.79
627 664 0.91
627 677 0.41
627 688 0.4
627 695 0.5
627 702 0.92
627 711 0.9
627 724 0.46
627 726 0.05
627 728 0.63
627 742 0.59
627 754 0.72
627 774 0.24
627 787 0.45
627 788 0.16
627 809 0.93
627 817 0.88
627 818 0.84
627 838 0.14
627 839 0.61
627 848 0.31
627 849 0.05
627 850 0.37
628 633 0.19
628 702 0.16
628 703 0.9
628 726 0.39
628 834 0.74
628 851 0.95
629 633 0.61
629 664 0.42
629 784 0.27
629 852 0.83
629 853 0.86
629 854 0.17
629 855 0.96
630 640 0.03
630 641 0.27
630 702 0.61
630 711 0.06
630 754 0.08
630 766 0.57
630 771 0.03
630 787 0.8
630 809 0.1
630 810 0.98
630 847 0.65
630 863 0.29
631 667 0.74
631 712 0.5
631 754 0.45
631 788 0.28
631 855 0.58
631 860 0.48
631 866 0.72
632 641 0.79
632 712 0.93
633 635 0.61
633 636 0.03
633 637 0.39
633 664 0.6
633 702 0.08
633 765 0.97
633 786 0.38
633 799 0.79
633 834 0.39
633 849 0.77
633 863 0.41
633 868 0.36
635 695 0.02
635 830 0.87
635 853 0.38
635 873 0.47
636 639 0.27
636 640 0.84
636 711 0.17
637 639 0.38
637 641 0.88
637 764 0.89
638 702 0.23
639 702 0.77
639 806 0.68
639 809 0.33
640 641 0.05
640 664 0.19
640 878 0.6
641 659 0.13
641 664 0.74
641 669 0.48
641 754 0.96
641 787 0.97
641 798 0.89
641 819 1.0
641 878 0.13
641 886 0.76
643 788 0.99
643 853 0.43
645 648 0.65
645 710 0.2
646 659 0.82
647 677 0.52
648 677 0.05
648 704 0.79
648 714 0.88
649 659 0.12
649 682 0.27
649 691 0.86
649 725 0.91
649 789 0.35
650 677 0.91
650 703 0.19
650 777 0.64
650 821 0.86
652 653 0.33
655 682 0.27
655 719 0.23
655 746 0.83
656 683 0.33
658 677 0.66
659 677 0.17
659 731 0.76
659 754 0.0
659 783 0.28
659 784 0.47
659 785 0.4
659 786 0.28
659 787 0.1
659 788 0.77
660 677 0.49
660 695 0.47
660 704 0.51
660 716 0.38
660 724 0.4
660 738 0.54
660 796 0.64
661 677 0.94
661 706 0.2
661 712 0.8
661 754 0.88
661 850 0.79
663 798 0.22
663 848 0.8
664 667 0.67
664 705 0.12
664 711 0.34
664 784 0.06
664 798 0.41
664 801 0.78
664 823 0.89
664 878 0.26
664 879 0.93
665 787 0.25
665 883 0.77
666 806 0.23
666 884 0.35
667 754 0.7
667 787 0.06
669 819 0.42
669 879 0.11
672 673 0.65
677 702 0.54
677 703 0.36
677 704 0.5
677 722 0.41
677 725 0.64
677 728 0.46
677 731 0.65
677 751 0.75
677 760 0.81
677 761 0.89
677 762 0.66
677 763 0.32
677 764 0.9
677 765 0.09
677 766 0.26
677 767 0.71
678 702 0.42
678 741 0.79
679 740 0.74
679 860 0.88
682 704 0.04
682 719 0.78
682 732 0.45
682 743 0.97
682 744 0.04
683 716 0.93
695 729 0.76
695 754 0.54
695 766 0.86
695 828 0.75
695 857 0.61
695 872 0.19
699 700 0.91
700 825 0.86
702 741 0.46
702 742 0.42
702 763 0.43
702 798 0.41
702 806 0.45
702 859 0.76
703 772 0.52
703 773 0.49
703 774 0.36
704 760 0.07
711 712 0.69
711 713 0.71
712 754 0.41
712 850 0.45
712 884 0.16
714 742 0.4
716 738 0.69
718 743 0.88
722 778 0.15
724 741 0.88
724 796 0.68
725 731 0.75
725 767 0.84
726 728 0.37
726 738 0.99
726 806 0.55
727 728 0.1
727 817 0.26
727 837 0.77
728 806 0.32
728 839 0.79
731 738 0.67
732 779 0.94
738 762 0.41
738 763 0.97
739 770 0.18
739 794 0.16
739 799 0.34
739 810 0.63
739 813 0.71
739 814 0.08
740 820 0.72
741 791 0.62
741 860 0.94
744 825 0.53
747 748 0.56
754 774 0.87
754 787 0.28
754 800 0.29
754 836 0.65
754 850 0.7
754 853 0.53
754 880 0.12
754 886 0.2
754 887 0.23
754 888 0.48
760 800 0.96
764 785 0.52
764 831 0.37
766 817 0.42
770 771 0.43
771 785 0.52
771 832 0.23
772 844 0.86
773 794 0.97
774 806 0.24
775 776 0.06
775 806 0.93
777 778 0.48
777 797 0.59
780 805 0.1
783 829 0.85
785 794 0.47
786 817 0.94
786 852 0.18
786 853 0.23
787 853 0.09
787 868 0.16
787 873 0.23
787 880 0.05
788 875 0.54
788 881 0.38
794 816 0.91
794 832 0.53
794 865 0.4
798 805 0.79
799 832 0.21
804 807 0.96
805 842 0.25
806 873 0.49
806 877 0.14
807 842 0.16
809 839 0.97
816 853 0.73
817 843 0.23
818 834 0.01
819 885 0.79
834 835 0.12
836 837 0.32
838 843 0.4
839 840 0.48
839 841 0.04
840 845 0.3
846 867 0.19
848 851 0.38
853 855 0.77
857 858 0.51
865 871 0.99
873 882 0.02
874 880 0.67
875 876 0.05
