5
1
2
4998
1
5
6
9
8
9
16
11
12
13
16
19
16
21
18
19
25
21
26
23
24
25
26
27
28
29
27
31
32
29
34
837
36
35
38
43
40
41
2636
43
44
45
46
47
48
45
50
51
52
53
54
55
56
57
60
61
60
61
62
63
64
65
66
67
68
69
70
71
72
73
74
75
77
77
78
75
77
77
82
83
84
82
86
83
86
87
90
86
94
93
99
95
96
97
98
99
97
100
102
103
105
105
106
107
106
109
112
2900
4398
113
114
115
116
117
118
119
120
121
122
124
447
124
126
127
128
129
130
131
127
133
143
135
131
142
143
143
145
145
143
143
144
145
143
147
148
149
147
152
152
153
154
155
156
153
161
2317
160
161
166
167
164
165
166
167
170
169
170
171
172
173
174
175
181
177
182
184
180
181
184
183
184
185
186
187
184
189
186
196
192
194
194
195
196
196
198
199
202
201
202
203
204
205
206
207
208
209
210
211
209
214
214
215
216
220
224
219
220
221
222
223
224
224
226
224
228
229
228
231
228
231
236
236
236
240
238
235
4371
245
242
994
928
246
246
247
248
249
250
251
252
253
254
253
253
261
261
259
265
261
263
263
264
265
266
267
268
269
270
271
274
273
274
270
276
274
278
279
285
277
283
283
284
285
289
287
291
289
295
291
292
293
294
295
296
297
298
299
300
301
302
303
843
305
303
307
308
306
310
311
312
313
316
315
316
322
318
319
320
326
327
326
327
325
326
327
328
329
2955
331
332
333
334
335
336
337
338
339
340
341
342
343
344
344
346
347
349
349
350
354
349
353
354
355
356
361
358
359
361
358
366
358
361
365
366
367
366
369
370
374
372
368
2514
372
376
372
373
375
382
384
4841
383
387
385
390
387
388
389
390
391
392
393
391
399
396
397
399
399
400
399
402
403
399
405
402
407
403
409
414
416
412
417
418
417
417
417
418
424
420
421
422
423
424
425
426
427
426
429
430
426
432
433
435
435
438
437
438
439
443
441
442
443
448
447
446
447
448
450
450
451
447
453
450
455
456
457
458
459
460
461
462
463
463
465
466
1632
468
469
466
471
469
469
474
475
476
477
478
4256
480
481
479
483
484
485
2251
492
4933
491
495
491
492
496
494
495
496
501
498
496
500
499
504
503
504
505
506
503
504
3608
506
507
508
513
512
522
518
522
518
520
522
521
522
518
524
525
526
527
523
529
530
536
1421
533
534
535
536
537
538
539
540
542
542
542
544
540
542
544
548
549
555
551
556
553
554
555
556
560
558
559
560
561
562
563
564
565
570
567
565
569
570
571
572
573
574
575
576
577
578
579
580
584
582
583
582
585
586
587
3255
584
587
586
588
588
594
598
596
597
598
599
600
601
599
609
609
609
606
607
609
609
610
611
609
613
614
615
613
622
618
619
620
622
622
622
624
620
622
622
624
634
630
631
632
633
634
635
636
637
638
639
637
644
642
645
644
647
648
647
648
653
652
651
652
657
654
658
656
657
658
663
660
661
662
663
664
665
666
667
668
669
670
671
672
673
671
675
673
677
678
678
675
677
682
683
684
677
683
687
692
689
1575
687
697
1575
694
699
699
697
3625
699
700
701
702
703
704
710
706
707
708
709
710
710
712
713
714
715
716
717
718
714
718
718
722
647
724
729
729
727
730
729
730
731
734
733
734
735
736
737
738
739
740
743
742
743
744
748
746
747
1959
751
745
751
752
758
757
755
756
757
758
759
760
761
762
763
762
765
766
774
768
774
770
771
1553
773
774
777
3637
777
786
776
777
781
782
1568
784
782
786
787
788
793
790
794
794
793
790
794
798
797
798
799
798
801
802
803
801
801
806
811
808
809
808
811
926
813
817
820
820
817
818
819
820
821
822
823
827
825
830
827
825
834
830
835
835
830
834
835
836
837
838
839
840
839
842
839
844
845
840
849
848
849
850
855
852
853
854
855
855
857
861
861
860
861
862
863
864
866
866
862
873
873
870
871
872
873
876
876
876
876
878
879
876
881
882
883
884
885
886
887
885
889
890
891
892
893
899
895
893
897
898
899
900
899
902
903
1353
905
903
907
908
908
908
907
912
908
917
920
916
917
922
919
920
921
922
923
924
925
926
927
923
929
933
931
932
933
934
935
936
937
938
937
936
941
942
942
942
941
941
942
373
952
945
942
952
127
1732
960
960
957
960
960
960
960
962
963
964
2708
966
967
968
967
970
971
972
973
975
975
980
980
978
984
980
981
982
983
984
985
986
987
990
989
990
991
992
993
994
995
996
997
998
999
