197
197
29
197
197
80
197
197
197
197
0
197
0
0
197
197
0
197
0
0
0
197
198
0
29
29
0
197
0
194
1
92
1
92
1
1
1
4
4
1
0
199
1
148
1
92
4
148
1
1
1
20
1
1
1
1
1
1
1
1
197
5
4
4
78
5
4
4
78
4
6
78
78
1
6
5
4
4
4
77
4
2
78
5
4
1
5
4
5
4
3
176
78
1
3
5
5
4
176
4
4
4
5
1
5
5
5
5
177
176
4
4
5
5
3
4
154
4
177
176
4
6
6
6
4
6
4
5
6
6
4
4
6
4
6
4
4
6
4
4
6
6
159
4
4
4
5
5
4
4
78
5
78
77
159
5
78
78
5
78
4
159
78
5
4
6
5
78
5
5
5
5
5
6
6
5
160
5
4
4
6
7
6
6
6
6
9
4
6
6
6
6
6
6
7
6
6
4
6
6
6
6
4
6
7
9
7
6
6
6
7
7
4
6
6
6
5
6
6
9
9
7
6
6
7
9
9
4
6
9
7
7
7
6
124
9
6
6
7
7
7
8
6
8
6
7
7
7
9
6
6
9
6
8
7
7
149
7
7
6
115
149
6
7
7
6
25
6
8
8
162
10
9
9
9
9
7
9
9
9
9
9
9
9
162
9
9
9
13
9
9
9
9
12
13
9
9
9
7
9
124
10
104
126
124
7
13
124
126
7
124
104
104
104
124
7
10
124
10
104
124
124
9
126
9
7
126
14
124
124
13
13
16
11
39
9
42
39
16
11
14
16
16
16
9
11
9
13
13
11
58
14
13
16
16
16
13
14
16
16
16
14
16
124
13
124
16
17
124
124
16
124
16
124
16
124
124
16
16
16
16
124
124
9
13
124
16
13
124
6
16
16
17
17
14
17
16
16
16
16
16
17
17
16
16
14
16
17
16
16
16
16
16
17
17
16
17
17
13
16
16
16
16
16
14
16
16
124
16
16
16
16
16
16
17
16
16
16
13
16
16
16
14
9
14
13
16
17
16
16
17
17
17
16
17
17
16
16
17
16
16
17
17
16
16
16
17
17
17
17
17
16
17
17
16
17
17
16
17
17
19
18
17
17
17
17
16
17
17
17
17
18
17
17
18
17
17
17
17
17
17
17
17
17
17
17
18
17
17
17
17
17
17
18
17
17
17
17
18
17
17
17
17
17
17
17
17
17
17
17
17
17
17
17
17
17
17
20
17
17
18
17
17
18
18
23
19
18
18
17
20
18
17
18
18
18
19
17
20
19
17
23
18
18
18
18
17
18
20
17
19
23
18
19
17
18
17
17
18
19
17
18
18
19
17
19
18
17
19
17
17
17
19
17
17
17
25
17
17
19
20
23
145
145
148
20
20
20
19
148
23
148
20
148
20
145
20
145
17
145
20
20
20
20
20
17
148
145
145
145
23
23
20
18
23
23
23
23
23
23
19
23
18
23
23
23
23
23
23
23
23
19
19
18
23
23
23
23
20
18
24
25
23
24
23
23
23
23
23
25
25
23
25
23
23
22
23
24
20
23
23
19
23
19
25
25
25
23
25
23
23
20
23
23
23
23
23
104
20
23
25
23
20
149
23
23
26
23
23
27
23
23
23
23
23
148
23
23
19
23
25
23
25
23
27
24
24
24
27
23
23
149
27
25
25
27
25
23
27
27
26
26
25
24
25
25
26
20
25
24
25
25
25
25
106
25
25
107
25
25
112
25
25
25
25
25
110
112
96
25
154
25
25
25
25
25
25
27
25
154
26
27
26
26
26
149
23
26
26
23
149
26
26
26
26
24
26
26
26
25
27
26
27
26
26
26
26
23
149
26
27
27
25
27
27
27
27
25
27
27
26
149
27
27
27
27
27
27
27
27
27
27
27
25
27
25
27
27
27
26
28
142
143
25
28
27
107
28
28
24
27
27
143
143
146
146
28
28
25
27
26
142
25
25
27
27
146
142
146
27
67
30
67
27
67
67
25
26
30
27
67
67
67
27
67
27
27
27
30
27
27
67
29
30
27
67
27
27
27
27
133
27
27
27
30
27
27
30
31
30
30
133
30
27
30
30
133
149
30
30
30
27
30
30
27
27
30
27
27
31
31
34
31
31
34
32
31
34
34
31
32
33
34
34
34
32
31
34
32
27
28
34
31
32
34
37
31
34
34
34
34
34
34
37
34
32
34
31
34
33
31
34
34
34
34
34
37
34
37
34
31
34
34
34
37
32
37
34
34
34
34
37
37
34
34
37
37
34
37
37
37
37
34
37
37
37
37
37
37
37
34
37
37
37
37
37
37
34
37
37
37
37
37
37
34
37
37
37
37
37
37
37
37
33
37
37
37
37
37
37
37
37
37
37
37
37
37
37
37
37
37
37
37
37
37
37
37
37
34
37
72
34
37
37
34
37
37
37
34
37
34
37
37
72
37
37
34
37
37
37
37
37
38
37
34
37
37
37
37
38
37
37
37
38
37
38
38
39
37
37
37
37
37
37
38
37
37
37
39
37
37
38
38
37
37
37
38
37
37
37
37
37
37
37
37
37
37
38
37
38
37
37
37
38
38
37
37
37
37
38
38
38
38
38
37
37
38
37
37
38
38
38
38
38
38
37
37
37
37
37
37
38
38
37
38
37
38
38
38
37
38
38
38
38
37
38
37
38
38
38
38
39
38
38
39
38
37
38
38
38
39
38
40
38
38
39
38
38
38
38
39
40
39
38
38
38
40
38
38
38
40
39
38
38
38
39
38
40
40
38
38
38
40
40
37
40
40
38
38
38
38
41
39
38
39
41
39
41
39
38
39
41
39
39
41
38
41
39
39
41
41
39
38
39
40
39
41
38
41
39
41
77
39
39
41
141
41
41
77
39
141
39
60
42
176
42
141
39
39
42
42
42
42
41
42
42
41
41
41
42
41
39
41
39
39
41
41
38
41
41
43
41
40
41
41
39
44
38
41
38
41
39
41
41
41
41
41
41
39
41
39
41
41
39
41
44
41
41
44
41
39
41
44
45
44
44
41
42
41
41
44
44
41
44
46
41
41
42
44
45
45
44
45
45
45
41
46
91
45
45
45
48
46
197
46
45
45
45
46
45
46
45
45
44
45
195
45
42
44
41
46
44
46
45
42
46
46
41
45
42
47
48
48
41
46
45
46
46
48
46
48
45
44
46
44
44
45
48
45
45
47
121
46
123
123
123
123
123
48
48
121
48
123
48
123
141
43
44
123
123
124
47
123
122
123
47
48
47
123
46
48
48
91
48
91
91
91
48
48
48
48
48
48
48
91
48
48
46
91
91
91
48
91
91
48
91
48
48
48
91
48
91
52
48
49
48
91
91
48
48
48
48
48
44
49
50
48
91
48
50
48
48
50
48
48
49
48
49
48
48
91
50
48
91
50
48
15
91
48
48
48
48
170
48
91
47
48
123
50
91
50
48
91
91
123
48
50
15
50
49
51
69
52
52
178
72
51
51
51
49
178
51
51
52
51
178
52
178
49
49
52
49
51
178
49
132
178
37
51
48
50
48
169
58
52
56
118
52
56
52
52
61
52
61
52
55
55
48
52
52
118
52
53
49
48
52
56
49
114
47
56
113
120
55
118
67
113
67
118
120
53
56
118
52
55
67
118
55
55
56
56
118
56
113
61
53
59
120
59
120
56
59
59
56
52
61
52
59
59
58
55
59
55
59
55
58
52
56
61
56
56
56
59
57
61
59
52
59
56
61
57
59
59
59
56
61
56
56
58
59
52
59
59
52
55
61
120
61
61
118
61
55
61
61
61
52
59
61
61
58
58
56
58
59
59
59
58
59
61
59
59
59
59
59
59
61
58
56
59
61
61
56
58
56
59
59
61
56
59
61
77
77
77
77
77
77
74
61
61
77
57
74
77
63
77
57
57
77
77
74
77
77
77
77
57
77
58
77
77
64
55
61
59
56
59
144
59
56
61
56
61
61
58
61
61
144
58
58
61
61
61
59
59
61
58
59
11
61
59
59
61
82
61
61
61
61
61
61
61
61
61
61
61
61
62
57
61
61
61
61
59
61
61
61
61
61
61
59
57
61
67
71
67
64
66
71
69
69
66
63
66
69
69
67
69
67
62
69
69
69
67
69
71
69
67
60
62
63
63
69
64
62
61
61
64
61
61
64
64
66
64
64
61
66
64
64
66
64
62
64
61
62
62
69
64
61
61
61
61
58
64
64
67
64
62
64
64
64
64
64
64
61
64
64
61
64
62
66
64
64
64
67
64
64
64
64
64
64
64
64
64
66
66
66
67
66
66
66
64
67
63
66
64
64
64
64
66
64
66
66
66
67
64
67
67
66
64
67
67
66
64
66
67
62
64
66
64
67
64
64
66
66
66
66
64
64
64
64
67
67
64
66
67
67
64
66
64
66
67
67
67
67
67
67
66
67
67
67
67
67
67
66
67
67
64
67
67
67
67
67
67
67
66
67
67
67
67
67
67
67
67
67
67
67
67
69
67
67
69
67
67
67
67
67
67
67
67
69
67
67
67
67
67
67
67
67
67
67
67
67
67
67
67
67
67
69
67
67
67
67
69
69
67
67
67
67
67
67
67
67
67
67
69
67
69
67
67
67
67
67
67
69
67
67
69
67
67
67
67
69
67
67
67
68
67
67
67
69
69
68
67
69
67
67
67
67
69
67
67
69
69
67
67
69
69
69
69
69
67
69
69
69
69
68
69
67
67
69
69
69
69
69
69
69
68
69
67
69
67
69
67
68
69
69
69
69
69
69
69
69
69
70
69
70
69
69
69
67
67
70
69
67
69
67
69
69
69
67
69
69
69
69
69
67
69
71
69
69
69
69
69
69
69
69
69
69
69
69
69
69
69
69
69
67
69
69
69
69
69
69
69
69
69
69
69
69
69
68
69
72
70
72
69
69
69
72
69
69
72
72
69
69
69
69
69
69
69
72
72
69
69
75
69
74
72
69
74
74
72
75
74
72
69
69
74
72
77
72
72
77
74
74
72
74
75
69
74
72
69
72
76
72
74
69
72
74
74
69
72
69
69
72
69
69
69
74
69
72
74
72
69
72
72
72
75
72
69
74
74
72
75
72
72
74
72
75
72
74
72
74
74
75
69
74
72
74
74
74
72
75
74
72
75
75
72
74
74
69
74
72
69
69
69
69
69
69
74
72
76
69
69
72
69
69
69
72
69
69
72
69
69
74
69
74
69
69
69
69
69
69
74
74
77
74
75
75
74
75
74
74
75
74
75
74
77
74
75
75
74
74
74
74
74
75
77
74
74
74
75
74
75
75
75
77
77
72
77
77
75
75
75
75
77
77
72
77
75
75
77
77
77
77
75
75
77
75
75
77
75
77
74
77
77
77
77
77
77
77
77
79
77
80
77
77
80
82
79
77
79
77
74
77
77
77
79
77
77
80
77
77
80
77
79
80
0
79
80
80
0
77
80
77
197
80
77
0
197
79
80
80
80
80
80
80
81
79
80
0
80
79
80
81
81
81
81
83
80
81
80
77
80
81
81
80
81
80
80
79
81
80
81
81
80
80
79
79
111
81
80
81
58
77
82
61
146
77
61
77
79
58
61
80
61
82
80
77
77
82
77
146
80
146
61
82
80
52
71
82
74
79
83
168
86
83
81
81
83
80
83
81
83
83
83
83
80
81
80
81
84
83
83
83
83
83
81
84
83
83
86
83
79
83
81
81
86
80
81
83
111
81
81
84
83
84
81
81
81
81
81
81
83
80
83
83
81
111
83
81
86
81
83
89
70
85
70
83
83
85
70
70
83
70
86
87
86
83
70
86
86
70
86
70
86
85
70
86
86
85
70
87
86
84
86
83
86
86
86
87
135
86
86
86
86
83
86
83
86
86
83
84
86
86
84
86
83
80
86
86
89
83
86
133
133
89
87
105
83
87
86
86
87
133
87
83
87
87
86
86
170
87
87
87
87
170
87
87
133
87
86
87
86
88
88
88
190
86
88
89
88
190
91
88
190
86
89
91
88
91
88
89
89
190
88
86
190
88
192
89
86
91
87
91
91
89
91
91
86
91
89
91
91
89
86
91
91
69
89
89
91
89
86
91
91
89
87
91
91
87
89
89
91
91
89
91
91
91
91
91
91
91
91
91
91
91
91
91
91
91
91
91
91
91
91
91
91
89
91
91
91
89
91
91
91
91
91
91
91
91
91
91
91
91
91
91
94
91
91
91
91
91
91
91
91
91
94
91
91
94
91
91
89
69
91
69
91
92
91
91
91
94
91
69
91
92
92
91
69
91
91
92
92
94
91
69
91
91
91
92
91
91
91
94
94
94
134
91
94
94
91
94
94
94
94
94
94
91
91
91
94
91
94
91
94
91
91
91
91
94
94
91
94
94
96
94
94
94
96
94
94
94
91
94
94
96
96
96
91
94
94
134
94
96
94
94
96
94
94
94
134
94
91
94
96
96
96
96
96
96
94
96
94
94
96
96
96
96
94
97
96
96
96
96
96
94
94
96
94
96
96
96
97
94
96
94
97
97
96
96
96
99
99
96
97
97
96
137
96
99
96
94
96
96
97
97
97
96
96
97
96
96
97
97
99
137
97
97
97
97
99
137
97
97
97
97
97
137
137
97
97
97
97
140
137
99
137
99
97
137
99
99
99
99
99
100
97
97
100
101
96
96
97
100
99
99
100
103
97
96
99
99
101
99
99
100
97
96
97
97
97
97
97
99
99
97
99
99
99
99
103
97
100
101
105
97
104
99
99
99
99
99
100
99
99
97
97
97
104
99
97
97
102
99
99
99
100
101
100
99
97
99
99
97
100
100
97
99
97
99
101
4
160
99
97
102
99
99
100
99
171
99
99
104
4
100
4
100
101
104
101
101
101
103
99
101
101
101
103
103
103
101
101
101
101
103
104
101
101
104
103
103
4
9
6
160
102
160
160
158
5
106
102
103
4
159
160
4
4
160
159
5
162
4
4
158
4
162
160
101
161
160
106
106
103
106
106
103
107
105
105
107
106
105
106
105
105
106
106
107
106
106
106
106
106
106
106
106
105
106
106
106
107
25
107
106
104
106
107
107
107
106
107
107
107
107
107
107
107
107
104
107
107
107
107
107
107
107
107
107
107
107
105
106
106
107
107
106
106
106
105
105
105
107
105
106
107
105
107
105
106
105
105
105
106
107
105
106
106
107
105
107
107
107
106
107
106
107
106
107
107
106
107
107
106
106
106
107
107
107
107
106
106
106
107
107
107
107
107
107
107
107
107
107
107
107
107
107
107
107
107
107
107
107
107
107
107
107
107
107
107
107
107
107
107
110
107
107
110
107
110
107
190
72
161
107
110
158
75
72
108
158
158
161
107
108
110
160
69
110
108
108
75
160
160
161
158
72
72
110
108
158
110
106
107
107
107
107
107
106
107
107
107
107
107
107
107
146
107
107
109
107
107
109
40
106
107
109
107
109
106
107
110
108
110
75
77
107
110
75
134
110
75
110
75
75
110
107
75
110
75
75
75
110
110
110
110
108
75
75
110
75
111
111
114
110
111
79
81
110
111
194
111
111
81
110
79
111
81
111
81
110
112
81
81
81
81
110
110
81
111
81
19
19
19
112
84
114
112
19
107
112
112
112
112
110
110
17
112
112
114
110
19
110
112
112
112
112
112
19
112
110
114
114
112
114
114
114
114
112
112
114
114
114
114
114
114
114
112
194
112
111
112
113
110
17
114
114
112
111
113
112
194
114
194
192
194
194
114
194
192
194
194
194
194
114
194
194
194
194
194
114
194
192
194
194
114
194
114
111
114
110
187
194
114
115
187
115
114
187
114
115
187
184
115
187
114
115
115
187
187
187
115
190
187
115
114
114
114
187
114
114
114
114
118
194
117
192
192
114
114
118
114
192
194
187
192
120
184
114
114
114
67
114
120
187
191
194
194
114
67
114
120
120
120
118
118
192
67
120
121
114
114
117
114
67
194
118
114
118
114
117
114
114
120
194
118
114
114
114
120
114
121
120
121
120
118
121
121
117
117
66
120
120
67
67
120
114
120
120
114
120
120
120
118
120
67
120
120
120
120
120
121
120
122
121
120
117
122
122
121
120
121
120
120
121
120
117
117
120
120
120
117
120
194
120
124
121
120
120
122
122
120
124
122
121
121
124
121
122
122
121
121
121
122
121
120
121
121
121
121
120
124
121
122
121
121
122
122
120
122
121
121
121
121
121
122
122
122
121
122
124
122
122
121
122
121
124
124
124
122
122
122
122
122
122
121
124
122
122
121
122
121
122
124
122
124
121
122
122
124
121
121
122
122
124
122
122
122
121
124
122
124
121
124
121
122
124
121
122
124
124
122
122
124
122
122
123
122
124
122
124
122
124
124
121
122
124
123
122
122
124
122
47
122
122
122
121
121
124
122
122
124
124
124
124
124
124
124
124
124
124
124
124
124
124
124
124
124
124
124
124
124
124
124
124
124
124
124
124
122
41
183
183
124
184
126
127
122
124
124
124
184
185
127
183
124
124
122
127
124
124
128
124
124
184
125
124
185
124
184
124
124
124
124
124
124
124
126
124
124
124
185
124
124
124
124
126
124
122
122
124
124
124
122
126
124
126
124
124
124
124
124
124
124
126
127
126
163
163
126
127
124
163
163
126
163
163
124
127
163
127
124
163
83
124
124
163
127
124
163
127
133
130
163
124
128
132
128
130
133
132
126
130
127
126
133
133
126
124
133
124
127
133
127
133
127
127
83
126
132
133
130
180
133
133
130
132
129
132
133
133
130
133
177
132
132
129
132
132
133
132
130
132
132
132
132
132
130
132
177
130
130
133
132
133
133
133
133
133
133
133
133
133
133
133
133
133
133
133
133
133
133
133
133
133
133
133
133
133
133
133
133
134
133
133
133
133
133
133
133
133
133
133
133
133
133
133
133
133
133
133
133
133
133
133
133
133
133
133
133
133
133
133
133
133
132
133
133
133
133
133
133
133
133
133
134
133
132
133
133
133
133
133
133
133
133
133
133
133
133
133
133
133
133
87
133
133
134
133
133
133
133
133
133
133
133
133
133
133
133
133
133
133
133
133
133
133
30
133
133
133
134
134
133
134
133
133
134
133
134
133
134
133
94
133
133
133
134
134
134
133
134
134
134
134
134
133
134
134
133
134
136
133
133
133
139
136
134
67
86
86
136
134
133
135
133
136
136
67
133
133
133
137
134
136
133
133
136
134
136
86
67
133
136
136
136
134
136
133
136
133
67
134
136
133
133
67
67
67
133
133
136
133
67
67
67
136
136
67
67
136
137
139
137
139
139
139
137
139
140
97
134
139
139
99
137
139
137
137
137
134
137
139
137
137
137
137
139
137
137
137
139
140
141
139
143
143
141
133
141
139
141
143
141
140
134
143
139
136
146
141
42
139
141
67
139
139
136
143
143
105
140
141
141
143
139
139
139
143
141
139
141
47
141
140
139
139
139
139
140
139
139
42
139
139
143
139
141
139
140
139
146
137
141
140
140
141
143
141
143
140
140
141
143
140
143
146
139
139
143
141
141
139
140
105
105
141
140
141
139
140
143
143
143
143
143
42
141
143
141
143
140
42
143
140
141
141
146
141
146
146
146
143
141
143
141
146
143
146
141
143
143
146
146
146
146
146
143
146
146
146
143
28
143
146
146
141
141
27
146
143
146
146
146
146
143
144
143
143
146
143
146
143
143
146
143
146
143
146
143
146
146
146
143
143
143
146
143
143
146
144
146
143
143
146
146
143
146
143
143
143
146
58
144
146
146
146
58
146
144
58
146
58
146
144
146
146
144
146
146
146
146
143
143
56
146
144
146
146
146
143
148
146
146
146
146
148
146
146
146
146
145
146
146
146
146
148
143
146
146
146
146
146
146
146
146
146
146
146
146
148
146
143
146
146
146
143
146
146
146
146
82
109
146
146
148
146
146
146
146
146
146
144
146
146
146
147
143
148
143
146
148
148
148
148
148
146
148
147
146
146
148
146
148
147
148
147
148
146
146
148
146
148
146
148
148
146
148
148
148
146
148
148
148
148
146
146
151
148
148
148
148
146
146
148
146
151
148
148
148
148
149
148
151
148
148
146
148
148
146
148
149
149
149
27
146
27
149
8
149
148
149
149
25
149
149
149
149
149
148
149
149
149
149
149
149
149
149
152
149
149
150
35
38
148
150
148
151
150
38
37
148
148
38
150
150
38
38
38
37
148
38
148
148
38
148
148
38
150
38
148
188
153
154
151
151
156
153
155
155
151
151
152
153
154
156
151
38
155
153
160
155
153
154
185
153
160
153
153
153
154
151
151
148
149
154
154
154
148
152
152
149
154
173
154
154
154
154
149
149
38
154
152
154
154
152
154
152
154
154
151
154
156
153
153
154
154
154
153
154
154
154
154
155
154
155
153
155
155
154
38
152
155
154
154
152
149
154
154
154
154
155
154
154
154
154
151
154
155
154
152
152
154
152
153
183
155
154
154
154
151
155
155
154
155
154
153
151
154
59
151
155
155
155
59
178
155
154
155
59
155
155
154
59
155
155
154
155
152
154
155
155
155
155
154
152
155
154
155
155
155
155
156
160
86
155
153
154
156
153
155
156
153
155
156
86
155
153
156
155
156
156
155
157
156
160
155
153
156
155
156
94
160
157
156
94
160
94
156
160
160
155
160
156
134
157
160
161
157
94
94
134
160
158
94
94
94
156
94
157
156
160
160
161
160
160
160
160
160
160
160
160
160
160
160
160
161
160
160
160
158
158
160
161
160
161
161
161
156
160
160
160
160
5
156
86
160
160
156
155
160
156
160
156
156
160
154
155
160
80
155
160
154
160
156
155
159
156
156
156
160
161
160
160
160
151
160
161
161
155
160
160
161
160
160
160
161
161
151
160
160
160
161
160
160
156
160
160
156
156
160
161
161
161
164
161
161
161
160
160
161
161
161
161
161
161
161
161
161
161
161
160
161
161
160
161
161
161
161
161
161
161
161
162
162
159
161
160
164
9
156
160
161
160
160
161
162
9
160
160
161
161
162
160
161
162
160
161
161
161
161
161
163
161
161
161
163
161
163
161
163
161
163
161
163
163
163
161
161
161
161
163
161
161
163
163
161
161
163
163
163
70
164
164
70
161
70
70
70
164
69
69
70
70
164
164
70
70
70
164
70
163
70
70
70
164
164
164
164
70
69
163
165
165
83
83
165
166
168
163
163
163
166
161
165
83
166
163
165
168
165
163
163
165
164
164
165
70
166
165
165
164
163
163
163
164
164
161
166
166
163
163
169
166
163
164
163
163
166
161
163
166
165
163
163
165
163
163
166
164
166
87
168
83
83
168
83
168
83
168
83
83
168
168
170
170
83
83
168
166
83
170
168
83
168
165
168
170
168
170
166
165
166
166
166
168
165
166
83
165
166
165
161
163
166
163
166
168
166
168
166
163
100
166
166
166
166
164
163
170
52
166
166
168
163
166
170
163
168
168
166
166
168
168
163
166
168
166
166
166
166
168
168
168
166
168
169
83
168
163
166
168
170
83
83
168
170
170
168
170
170
170
170
168
170
83
83
170
83
83
170
170
170
168
170
83
83
83
83
168
83
168
168
166
171
168
165
168
166
168
168
168
163
192
171
168
168
171
168
166
166
168
168
190
168
168
168
166
99
170
171
192
192
190
193
190
192
191
190
190
192
192
191
190
192
187
192
192
192
192
192
192
192
190
171
192
192
190
192
190
192
178
176
175
171
176
176
177
168
175
152
177
175
177
154
152
175
176
168
175
176
176
35
154
154
172
176
124
154
154
176
184
184
184
192
187
187
171
183
184
175
187
171
184
174
184
168
171
180
173
187
187
187
171
168
185
171
187
187
184
187
178
177
178
175
152
175
126
126
180
178
175
177
178
126
177
154
175
177
69
178
63
175
124
178
175
176
176
180
178
177
177
181
177
180
183
63
176
174
177
175
154
177
183
177
176
154
176
63
176
176
177
173
176
176
176
179
176
180
180
176
179
177
64
180
177
180
180
64
177
177
63
180
177
180
177
180
177
177
177
177
177
64
64
64
64
180
180
177
64
63
178
35
35
72
72
175
154
72
35
155
34
35
178
72
35
37
34
70
34
37
178
71
69
70
35
35
70
34
35
155
180
183
180
180
180
184
180
180
183
180
180
180
181
180
180
183
180
183
183
180
183
180
180
180
180
180
180
180
180
180
180
180
183
180
180
180
180
180
180
180
180
180
180
180
180
180
180
180
180
180
180
180
180
180
180
180
180
180
180
180
180
178
183
181
183
180
183
180
180
180
183
184
183
183
183
183
183
183
183
180
178
183
180
180
183
185
180
183
183
183
183
184
183
180
180
185
184
183
183
184
183
183
184
184
183
124
184
183
180
185
183
185
185
183
183
185
183
184
43
185
183
184
183
183
183
183
183
183
183
183
183
183
183
183
183
180
183
183
183
183
183
183
184
180
184
183
183
184
187
183
183
184
184
124
184
184
185
187
187
184
180
183
183
184
183
183
184
183
183
183
183
184
184
183
184
183
184
183
184
183
185
183
185
41
184
124
185
184
185
185
184
185
184
183
184
185
124
185
185
184
124
185
183
124
185
185
185
185
185
124
184
184
184
124
190
187
184
184
184
184
184
189
184
187
183
187
184
184
184
187
184
190
187
187
183
184
190
184
187
187
187
187
184
187
184
184
177
184
187
189
189
187
184
187
187
184
184
185
184
187
187
184
187
185
187
187
187
184
187
184
185
185
185
185
191
189
185
31
34
184
188
184
184
189
191
188
185
185
185
184
185
188
185
185
187
184
185
151
191
185
187
184
189
190
191
190
190
184
192
190
192
190
187
192
190
190
192
190
192
192
190
190
189
191
192
190
192
189
192
190
190
187
192
192
192
191
192
192
192
192
192
192
192
187
192
192
187
192
192
192
192
192
192
191
191
192
192
192
192
192
192
191
192
192
192
191
192
192
192
191
193
191
193
192
192
191
192
191
192
193
191
192
191
192
191
192
192
192
192
192
192
192
192
193
192
192
192
192
193
192
192
193
192
192
192
192
192
192
192
192
192
192
192
192
192
193
192
192
192
192
193
193
192
192
193
193
192
193
193
193
193
192
193
193
193
192
193
193
193
192
192
193
193
192
193
192
193
193
192
193
193
193
193
193
193
194
194
193
193
193
193
193
193
193
193
194
193
192
192
193
193
193
193
193
193
193
193
193
194
194
193
195
193
17
192
194
195
192
195
193
195
195
195
195
195
195
193
192
193
17
195
193
193
197
193
193
192
193
17
193
45
197
45
193
193
195
195
197
197
45
45
197
46
195
197
195
197
195
197
197
195
195
44
195
197
185
197
45
45
193
196
193
17
195
197
197
193
197
193
197
197
193
195
197
17
193
197
194
197
197
45
195
197
193
193
197
195
195
197
193
198
197
137
197
137
63
177
177
180
0
137
198
177
198
198
195
139
197
197
177
177
139
177
197
197
177
177
137
198
137
197
185
0
199
185
197
0
0
0
185
199
199
199
199
185
199
1
197
197
199
185
1
197
185
185
199
0
199
199
197
