6,
6,
47,
6,
4,
6,
61,
125,
9,
178,
8,
62,
245,257,
245,257,
257,
8,
168,
13,
179,356,
245,257,
245,257,283,
17,
8,
9,
8,
181,
356,
8,
8,
121,
379,
125,
379,
312,
125,138,
43,
9,
43,
43,
187,
8,43,
78,
312,
47,
47,
125,
8,9,65,
62,358,
47,
8,63,59,362,
63,362,
8,
39,
29,
29,
66,
62,
223,
47,
93,
47,
11,
181,29,
63,362,
8,
8,
66,
236,
438,
63,72,62,
78,
8,
168,
78,
179,
17,
84,
8,
245,257,283,
181,
62,358,
196,
39,
179,
143,
223,
62,358,
29,
47,
9,179,
438,
8,
66,
245,257,283,
8,
8,
17,13,
316,
178,
39,
125,
236,
43,
168,
168,
125,
29,
356,
125,
196,
38,118,135,
116,
132,
125,138,
116,
8,
125,138,
125,
121,
125,138,
38,118,
312,
125,
125,
125,
125,
8,
121,
125,
116,
125,
116,
29,
8,
181,
39,
43,
116,
125,
116,
121,
135,
125,
125,
132,
38,118,
125,138,
125,
38,118,
179,
125,
8,
116,
168,
47,
8,
8,164,
66,
20,
245,257,
63,62,55,362,
4,
178,
8,
63,362,
181,
178,
63,62,362,
63,362,
43,
43,
43,
187,
8,
8,
47,
8,43,
181,236,
39,
216,
47,
8,
17,
88,
8,
125,
257,
8,9,
8,
125,
6,
6,
47,
8,
181,
63,62,
4,
223,
8,
47,
8,
179,356,
216,
121,
143,
187,
39,
66,
66,84,
4,
223,
8,
17,
6,
6,
133,
8,
43,
181,
143,
133,
39,
63,62,223,362,
66,
59,
8,53,
63,59,362,
438,
438,
8,
47,
236,
133,
133,
132,
8,
13,
4,
47,
43,
223,
61,
8,
125,138,
62,
13,
125,
223,
356,
223,
47,
29,
283,
4,
179,
38,118,
125,138,
11,
257,
8,
245,257,283,
47,
47,
63,362,
8,43,
135,
43,
8,
47,
43,236,
125,
223,
8,
356,
39,
356,
66,
245,257,
8,
125,
61,
311,
6,
313,
438,
194,
181,236,
139,
245,257,
116,
8,
63,362,
63,62,362,
6,
6,
6,
6,
2,438,
47,
331,
179,356,
187,
337,
34,
125,
125,
29,
125,
43,84,
116,
135,
4,
6,
6,
8,
84,
17,
43,
8,
245,257,
66,
84,
8,
4,
84,
8,
6,
178,
8,
125,
8,125,
164,
9,179,
312,
47,
8,179,
245,257,283,
66,
6,
312,
121,
62,358,
125,
245,257,
20,
63,362,
116,
179,
6,
6,
38,118,
116,
337,
116,
8,26,236,
8,
164,
223,
8,
187,
6,
168,
165,
168,
8,
47,
63,362,
63,
8,
257,
8,
47,
8,43,
8,
8,
84,
356,
66,
39,
84,
39,
66,
61,
43,
84,
356,
6,
6,
8,
8,
62,83,
236,
84,
61,
179,
236,
125,
116,
125,
125,
223,
8,245,257,
61,
236,
6,
43,
168,
187,
125,
78,
178,
116,
8,
125,
223,
125,
121,
168,
135,
38,118,
8,
125,
