47,
63,
46,
63,
116,
386,
4,
4,
4,
4,
80,
240,59,104,
181,59,104,
71,
71,
181,59,104,
82,
240,
71,
4,
80,
8,
107,
107,
107,
107,
4,
82,
240,
116,
59,104,
38,254,317,
116,
116,
116,
240,59,104,
240,
107,
391,
4,63,
240,
96,240,59,104,
78,49,
47,
116,
43,59,104,
353,
47,
52,
107,
53,
63,72,
8,
8,
53,
107,
65,
181,59,104,
47,
52,
181,240,59,104,
107,
82,
52,
82,
52,
8,
82,
4,
82,
43,59,104,
391,
82,
59,104,
181,59,104,
8,
240,
4,
240,
53,
8,
240,
8,
71,
107,
240,71,
181,59,104,
53,
181,59,104,
181,59,104,
4,
59,104,
240,
107,
240,
82,
82,
8,82,
181,59,104,
107,
156,
53,
4,
181,59,104,
181,59,104,
353,391,
4,
8,
116,
8,
148,
8,
240,71,
82,
8,
4,
164,
51,
116,
8,
38,254,317,
132,
116,
134,
116,
63,
96,
391,
123,
135,
353,
240,71,
240,
8,
4,
4,
240,59,104,
353,391,
38,254,317,
116,
353,
353,134,
116,
353,391,
116,
116,
134,
116,
116,
353,
353,391,
353,
38,254,317,
240,
8,
181,59,104,
181,59,104,
181,59,104,
4,
4,
72,
8,
4,
65,
181,59,104,
52,53,
8,
181,59,104,
240,
65,
4,
52,
107,
240,59,104,
107,
59,104,
61,
4,63,
71,
116,
46,
64,
4,
82,
71,
4,
71,
240,
71,
8,
63,
0,
8,
72,
8,
240,
63,
181,59,104,
4,
47,
8,
181,59,104,
116,
38,254,317,
53,
52,53,
52,
8,
8,
4,9,63,358,
72,
107,
52,
4,9,63,358,
5,
53,
107,
65,
240,
353,
65,
240,
107,
353,
353,
181,59,104,
53,
240,
181,59,104,
240,59,104,
181,59,104,
53,
181,59,104,
82,
116,
240,
4,
8,
82,
240,
4,
107,
8,
71,
107,
82,
8,
8,
8,
8,
47,
181,59,104,
4,
4,
240,59,104,
116,
38,130,254,317,
71,
82,
8,
181,59,104,
47,
8,
107,
181,59,104,
135,
71,
4,63,
181,59,104,
46,
8,
72,
4,
4,
53,
82,
4,9,63,358,
82,
8,
8,
8,
164,
5,
313,
116,
8,
240,59,104,
116,
130,
353,391,
4,
52,53,
4,
1,330,
4,9,63,358,
5,
5,
4,9,63,358,
47,
164,
240,
107,
373,
116,
135,
120,
240,
8,
71,
116,
135,
63,
63,
5,
8,
240,59,104,
4,
53,
4,
4,
4,
240,
4,
386,
4,
8,
5,386,
181,59,104,
4,
38,254,317,
64,
8,
8,
132,
53,
391,
240,
0,
4,9,63,358,
78,
353,391,
47,
240,
107,
181,59,104,
4,63,
116,
8,262,
116,
116,
116,
116,
82,
82,
71,
107,
4,
141,
107,
181,59,104,
63,
65,
4,
181,59,104,
4,
47,
53,
240,
107,
107,
240,
353,
4,
107,
391,
8,
4,
240,
240,
107,
240,
240,
61,
4,
240,
240,59,104,
63,
4,9,63,358,
52,
264,315,
164,
46,
4,
80,
52,53,
46,
148,
135,
116,
156,
72,
9,358,
240,
59,104,
5,
4,
142,
240,
116,
47,
4,
353,
53,
53,
4,
116,
353,
107,
135,
135,
82,
52,
