0,2,4,385,386,
385,386,
2,26,47,244,52,63,72,181,241,17,51,53,80,82,97,108,125,234,236,292,
4,
0,2,4,385,386,
0,4,6,63,385,386,53,108,141,408,225,
8,9,
8,9,
8,9,
8,
8,9,26,43,61,174,183,244,245,186,11,27,52,63,66,72,96,165,181,235,240,241,262,290,17,25,31,51,53,59,62,64,65,67,69,71,73,80,82,83,91,104,141,176,179,182,184,214,234,236,237,243,257,266,55,180,
8,
4,8,9,26,43,47,61,174,183,244,245,186,11,27,52,63,66,72,96,165,181,235,240,241,262,290,17,25,31,51,53,59,62,64,65,67,69,71,73,80,82,83,91,104,141,176,179,182,184,200,209,214,234,236,237,243,257,266,351,55,58,180,259,161,352,74,169,204,263,264,
8,9,47,96,64,71,80,82,91,133,200,74,164,264,134,14,18,
8,9,47,96,240,64,71,80,82,91,
4,8,9,26,61,174,183,245,186,11,27,52,63,66,72,165,235,240,241,262,290,17,25,31,51,53,59,62,64,65,67,69,71,73,80,82,83,91,141,176,179,182,184,214,234,236,257,55,180,74,204,264,
8,9,63,72,17,51,64,80,82,91,97,
4,8,9,26,43,47,61,174,183,244,245,186,11,27,52,63,66,72,94,96,165,181,235,240,241,262,290,12,17,25,31,51,53,59,62,64,65,67,69,71,73,80,82,83,91,104,141,176,179,182,184,214,234,236,237,242,243,248,257,266,55,58,172,180,239,259,161,205,207,223,211,57,74,261,169,247,204,263,264,267,268,420,283,
4,8,9,26,61,70,174,183,245,186,52,63,66,72,96,165,235,241,262,17,25,31,51,53,59,62,64,65,67,69,71,73,80,82,83,91,133,141,176,179,182,184,200,234,236,248,257,266,55,180,74,204,264,
4,8,9,26,43,47,61,70,174,183,244,245,186,11,27,52,63,66,72,96,165,181,235,240,241,262,290,12,17,25,31,51,53,59,62,64,65,67,69,71,73,80,82,83,91,104,141,176,179,182,184,214,234,236,237,242,243,257,266,55,58,180,170,259,161,205,207,223,56,57,68,74,164,169,247,204,258,263,264,265,267,268,168,134,171,272,
8,9,47,96,64,71,80,82,91,74,164,264,134,
4,8,9,26,61,70,186,52,63,66,72,235,262,17,31,51,53,59,62,64,65,67,69,71,73,80,82,83,91,141,176,182,214,248,257,266,55,180,74,204,264,
4,8,9,26,43,47,61,70,174,183,244,245,186,11,27,52,63,66,72,96,165,181,235,240,241,262,290,31,51,53,59,64,65,67,71,73,80,82,176,209,55,58,223,57,
2,4,8,9,26,43,47,61,174,183,244,245,186,11,27,52,60,63,66,72,96,165,181,235,240,241,262,290,25,31,51,53,59,64,65,67,71,73,80,82,97,104,105,108,109,176,184,234,236,237,55,58,180,259,263,
4,8,9,26,61,174,183,244,186,52,66,96,181,240,290,53,59,64,65,71,80,82,105,184,55,
2,4,8,9,26,43,47,61,174,183,244,245,186,11,27,52,60,63,66,72,94,96,107,165,181,235,240,241,262,290,429,438,25,31,51,53,59,64,65,67,71,73,80,82,93,97,104,105,106,108,109,176,184,209,234,236,237,353,54,55,58,172,178,180,239,274,275,259,223,57,263,
8,
8,9,26,61,186,52,60,63,66,72,235,262,17,31,51,53,59,62,64,65,67,69,71,73,80,82,83,91,97,125,141,176,182,197,214,248,257,266,292,
8,
123,125,133,134,116,138,117,128,380,38,
107,240,123,125,133,
107,240,123,125,133,78,373,134,116,138,117,128,38,113,118,119,121,124,126,127,129,130,131,132,135,137,139,
107,240,123,125,133,116,380,38,113,118,119,121,124,126,127,129,130,131,132,135,137,139,122,120,
123,125,133,116,38,113,118,119,121,124,126,127,129,130,131,132,135,137,139,
240,123,125,133,134,116,138,117,128,380,38,113,118,119,121,124,126,127,129,130,131,132,135,137,139,
8,
2,8,9,26,43,61,174,183,244,245,250,186,11,27,52,60,63,66,72,96,165,181,235,240,241,262,290,17,25,31,51,53,59,62,64,65,67,69,71,73,80,82,83,91,93,97,104,105,106,108,109,125,141,176,179,182,184,187,195,196,197,199,200,209,214,234,236,237,243,257,266,292,351,
8,9,26,43,174,183,186,66,181,59,184,
2,8,9,26,43,61,174,183,186,66,181,39,59,179,182,184,185,187,
2,8,9,26,43,174,183,244,245,186,11,27,52,60,63,66,72,96,165,181,235,240,241,262,290,429,438,25,31,51,53,59,64,65,67,71,73,80,82,93,97,104,105,106,108,109,176,184,209,234,236,237,353,55,
8,
2,8,9,26,43,174,183,186,66,181,59,179,182,184,187,
46,116,38,132,135,148,152,311,122,312,49,
26,47,52,63,72,51,53,80,82,108,259,
26,47,244,52,63,72,51,53,80,82,108,
49,
8,9,26,61,174,183,244,245,186,52,60,63,66,72,165,235,262,290,31,51,53,59,62,64,65,67,69,71,73,80,82,83,108,140,141,176,209,257,381,408,
26,244,52,63,72,51,53,80,82,108,
8,9,26,61,174,183,245,186,52,60,63,66,72,165,235,262,31,51,53,59,62,64,65,67,69,71,73,80,82,83,108,141,176,257,
2,4,8,9,26,43,47,61,174,183,244,245,186,11,27,52,60,63,66,72,94,96,107,165,181,208,235,240,241,262,290,25,31,51,53,59,64,65,67,71,73,80,82,93,97,104,105,106,108,109,176,184,209,234,236,237,54,55,58,172,177,178,180,239,274,275,259,223,57,263,
8,9,26,47,61,174,183,244,245,186,52,60,63,66,72,165,235,262,290,31,51,53,59,64,65,67,71,73,80,82,108,176,55,275,57,
72,80,
4,8,9,26,47,61,70,174,183,244,245,186,52,60,63,66,72,165,235,262,290,31,51,53,59,62,64,65,67,69,71,73,80,82,83,108,141,176,257,55,58,274,275,170,259,223,56,57,68,74,89,164,273,
4,8,9,26,47,61,70,186,52,60,63,66,72,235,262,17,31,51,53,59,62,64,65,67,69,71,73,80,82,83,91,97,141,176,182,214,257,266,292,55,58,180,259,161,205,207,223,211,56,57,68,74,164,260,261,169,204,258,263,264,267,268,
4,8,9,26,47,61,174,183,244,245,186,52,60,63,66,72,165,235,262,290,31,51,53,59,64,65,67,71,73,80,82,108,176,209,55,259,
2,8,9,26,43,47,61,174,183,244,245,186,11,27,52,60,63,66,72,96,165,181,235,240,241,262,290,429,438,31,51,53,59,64,65,67,71,73,80,82,108,176,209,55,
8,9,26,61,174,183,244,245,186,52,60,63,66,72,165,235,262,290,31,51,53,59,62,64,65,67,69,71,73,80,82,83,108,140,141,176,209,257,381,408,
4,8,9,26,43,61,174,183,244,245,186,11,27,52,60,63,66,72,96,165,181,235,240,241,262,290,17,31,51,53,59,62,64,65,67,69,71,73,80,82,83,91,104,108,141,176,179,182,184,196,199,209,214,234,236,243,257,266,351,55,180,74,204,264,
26,47,244,52,63,72,51,53,80,82,108,259,
8,9,61,52,66,53,59,64,80,82,55,
4,8,9,26,47,61,174,183,245,186,11,27,52,60,63,66,72,94,165,208,235,240,241,262,290,17,25,31,51,53,59,62,64,65,67,69,71,73,80,82,83,91,97,108,141,176,179,182,184,196,209,214,234,236,257,266,292,54,55,58,172,178,180,239,274,275,259,161,205,207,223,211,57,74,260,261,169,247,204,258,263,264,267,268,420,
8,9,26,174,60,63,66,72,262,
8,9,26,61,186,52,60,63,66,72,235,262,31,51,53,59,62,64,65,67,69,71,73,80,82,83,141,176,257,
4,8,9,26,47,61,70,174,183,244,245,186,52,60,63,66,72,94,165,208,235,262,290,31,51,53,59,62,64,65,67,69,71,73,80,82,83,108,141,176,257,55,58,172,178,239,274,275,259,223,56,57,68,74,164,260,261,
4,8,9,26,47,61,70,186,52,60,63,66,72,235,262,17,31,51,53,59,62,64,65,67,69,71,73,80,82,83,91,97,125,141,176,182,197,214,257,266,292,55,58,180,259,161,205,207,223,211,56,57,68,74,164,260,261,169,204,258,263,264,267,268,
4,8,9,26,47,61,70,174,183,244,245,186,52,60,63,66,72,94,107,165,235,262,290,31,51,53,59,62,64,65,67,69,71,73,80,82,83,108,141,176,209,257,55,58,172,178,239,274,275,170,259,223,56,57,68,74,89,164,260,261,
4,8,9,26,47,61,70,186,52,63,66,72,235,262,31,51,53,59,62,64,65,67,69,71,73,80,82,83,141,176,257,55,58,259,223,56,57,68,74,164,
72,82,
8,
72,82,
43,
8,9,26,43,47,61,174,183,186,66,107,181,240,59,64,80,82,125,184,55,172,78,
8,9,47,61,52,63,66,72,17,51,53,59,64,80,82,91,97,214,55,58,161,74,164,169,134,
8,9,26,43,47,61,174,183,186,66,107,181,240,59,64,80,82,123,125,133,184,55,172,78,
4,8,9,26,47,61,186,52,60,63,66,72,235,262,17,31,51,53,59,62,64,65,67,69,71,73,80,82,83,91,97,125,141,176,182,197,214,257,266,292,55,58,180,259,161,74,169,204,263,264,
8,9,26,61,186,52,63,66,72,235,262,31,51,53,59,62,64,65,67,69,71,73,80,82,83,141,176,257,
2,4,8,9,26,43,61,174,183,244,245,250,186,11,27,52,60,63,66,72,94,96,165,181,235,240,241,262,290,12,17,25,31,51,53,59,62,64,65,67,69,71,73,80,82,83,91,97,104,105,108,109,123,125,141,176,179,182,184,196,197,214,234,236,237,242,243,257,266,289,292,295,297,323,325,391,444,172,180,239,205,207,223,
8,9,63,72,17,51,64,69,71,80,82,91,248,
4,8,9,26,47,61,186,52,63,66,72,235,262,17,31,51,53,59,62,64,65,67,69,71,73,80,82,83,91,133,141,176,182,214,248,257,266,55,58,180,259,161,205,207,223,211,57,74,260,261,169,204,258,263,264,267,268,
8,
4,8,9,26,61,186,52,63,66,72,235,262,17,31,51,53,59,62,64,65,67,69,71,73,80,82,83,91,141,176,182,214,257,266,180,205,207,223,
8,
4,8,9,26,47,61,70,174,183,244,245,186,52,60,63,66,72,165,235,262,290,31,51,53,59,62,64,65,67,69,71,73,80,82,83,108,140,141,176,209,257,381,408,55,58,259,74,89,164,
8,
8,9,26,61,174,183,244,186,52,66,96,181,240,290,53,59,64,65,71,80,82,105,184,
8,9,64,71,80,82,91,
2,4,8,9,26,43,61,174,183,244,245,186,11,27,52,60,63,66,72,96,165,181,235,240,241,262,290,53,108,141,
2,4,8,9,26,43,47,174,183,244,245,186,11,27,52,60,63,66,72,96,165,181,235,240,241,262,290,25,31,51,53,59,64,65,67,71,73,80,82,93,97,104,105,106,108,109,176,184,209,234,236,237,55,58,259,263,
4,8,9,26,47,61,186,52,60,63,66,72,94,96,208,235,241,262,17,31,51,53,59,62,64,65,67,69,71,73,80,82,83,91,97,108,141,176,182,209,214,257,266,292,55,58,180,161,205,207,223,211,57,260,261,169,258,263,268,
2,4,8,9,26,43,47,61,174,183,244,245,250,186,11,27,52,60,63,66,72,96,165,181,235,240,241,262,290,31,51,53,59,62,64,65,67,69,71,73,80,82,83,108,141,176,209,257,55,58,259,74,
2,4,8,9,26,43,47,174,183,244,245,250,186,11,27,52,60,63,66,72,96,165,181,235,240,241,262,290,429,438,31,51,53,59,62,64,65,67,69,71,73,80,82,83,108,140,141,176,209,257,381,408,55,58,74,164,
2,4,8,9,26,43,47,61,174,183,244,245,250,11,27,52,60,63,66,72,96,165,181,186,235,240,241,262,290,12,17,25,31,51,53,59,62,64,65,67,69,71,73,80,82,83,91,97,104,105,108,109,123,125,141,176,179,182,184,196,197,214,234,236,237,242,243,248,257,266,289,292,295,297,323,325,391,444,55,58,180,274,275,259,161,205,207,223,57,74,169,247,204,258,263,264,267,268,
8,
4,8,9,26,43,47,61,174,183,244,245,186,11,27,52,63,66,72,96,165,181,235,240,241,262,290,25,31,51,53,59,64,65,67,71,73,80,82,104,176,184,209,234,236,237,353,55,58,180,263,
8,
4,8,9,26,47,61,186,52,60,63,66,72,235,262,31,51,53,59,64,65,67,71,73,80,82,97,176,55,58,180,259,263,
8,9,63,72,17,51,64,69,71,80,82,91,74,204,264,267,
4,8,9,26,61,186,52,60,63,66,72,235,262,17,31,51,53,59,62,64,65,67,69,71,73,80,82,83,91,97,141,176,182,214,248,257,266,292,325,55,180,223,74,204,264,267,420,
52,
2,4,8,9,26,43,47,61,174,183,244,245,186,11,27,52,60,63,66,72,96,165,181,235,240,241,262,290,25,31,51,53,59,64,65,67,71,73,80,82,97,104,105,108,109,176,184,234,236,237,55,58,180,274,275,223,57,263,
107,
8,9,26,61,174,183,244,186,52,63,66,290,53,59,64,65,71,80,82,108,
2,8,9,26,43,61,174,183,244,245,250,186,11,27,52,60,63,66,72,96,165,181,235,240,241,262,290,12,17,25,31,51,53,59,62,64,65,67,69,71,73,80,82,83,91,97,104,105,108,109,123,125,141,176,179,182,184,196,197,214,234,236,237,242,243,248,257,266,289,292,295,297,323,325,391,444,55,180,
8,9,47,61,174,245,52,63,66,72,165,17,25,51,53,59,64,80,82,91,214,236,55,58,170,161,74,164,169,247,258,268,168,134,171,
8,9,47,61,174,245,52,63,66,72,165,17,25,51,53,59,64,80,82,91,97,108,214,236,55,58,172,161,74,169,247,258,268,
116,
8,
8,9,26,61,186,52,60,63,66,72,235,262,31,51,53,59,62,64,65,67,69,71,73,80,82,83,141,176,257,
125,133,134,116,
125,133,134,116,138,
123,125,133,373,134,380,38,
116,
116,
116,
116,
8,
116,
125,
123,125,133,134,116,138,117,128,380,38,113,118,119,121,124,126,127,129,130,131,132,135,137,139,
116,
116,
116,38,
116,
116,
116,
133,
4,8,9,26,47,174,183,245,52,60,63,66,72,96,165,186,235,241,262,17,25,31,51,53,59,62,64,65,67,69,71,73,80,82,83,91,97,108,123,125,141,176,179,182,184,196,197,214,234,236,248,257,266,292,325,55,58,161,74,164,169,204,263,264,134,272,
116,
116,
107,240,123,125,133,134,380,38,
125,133,134,138,
116,
8,
8,9,26,61,186,52,60,63,66,72,235,262,17,31,51,53,59,62,64,65,67,69,71,73,80,82,83,91,97,125,133,141,176,182,197,214,248,257,266,292,325,
8,
8,
8,
116,
116,
116,
116,
123,125,133,373,134,116,138,128,38,113,118,119,121,124,126,127,129,130,131,132,135,137,139,
116,
116,
116,
107,240,123,125,133,373,134,116,138,117,128,380,38,
4,8,9,26,47,61,70,174,183,244,186,52,66,96,107,181,240,290,53,59,64,65,71,80,82,91,105,123,125,133,184,195,196,197,199,200,257,341,351,353,55,172,239,274,291,298,413,205,207,246,74,164,385,386,264,265,373,134,116,138,128,380,38,154,
107,240,123,125,133,134,116,138,117,128,380,38,113,118,119,121,124,126,127,129,130,131,132,135,137,139,
123,125,133,134,380,38,
107,240,123,125,133,134,116,138,117,128,380,38,
116,
240,123,125,133,134,116,138,380,38,
107,240,123,125,133,134,116,138,117,128,380,38,113,118,119,121,124,126,127,129,130,131,132,135,137,139,122,120,136,
8,9,47,61,174,245,52,63,66,72,165,17,25,51,53,59,64,80,82,91,97,108,236,55,58,161,74,169,
4,8,9,26,47,61,70,186,52,60,63,66,72,235,262,17,31,51,53,59,62,64,65,67,69,71,73,80,82,83,91,97,141,176,182,214,257,266,292,55,58,259,161,205,207,223,56,57,68,74,164,169,204,258,263,264,265,267,268,134,
4,8,9,26,47,61,70,174,183,245,186,52,60,63,66,72,165,235,241,262,17,25,31,51,53,59,62,64,65,67,69,71,73,80,82,83,91,97,108,141,176,179,182,184,234,236,257,266,292,55,58,180,259,161,74,164,169,204,263,264,265,134,272,
2,4,8,9,26,43,47,61,70,174,183,244,245,250,186,11,27,52,60,63,66,72,96,165,181,235,240,241,262,290,17,25,31,51,53,59,62,64,65,67,69,71,73,80,82,83,91,97,104,105,108,125,141,176,179,182,184,196,197,214,234,236,237,243,257,266,292,55,58,180,239,259,161,74,89,164,362,169,204,263,264,265,134,272,
2,4,8,9,26,43,47,61,70,174,183,244,245,186,11,27,52,60,63,66,72,96,165,181,235,240,241,262,290,31,51,53,59,62,64,65,67,69,71,73,80,82,83,108,141,176,257,55,58,259,223,56,57,68,74,164,
72,
8,9,47,61,174,245,52,63,66,72,165,17,25,51,53,59,64,80,82,91,97,108,214,236,297,391,55,
72,
4,8,9,26,47,61,70,174,183,244,245,186,52,60,63,66,72,94,165,235,262,290,31,51,53,59,62,64,65,67,69,71,73,80,82,83,108,141,176,257,55,58,172,239,170,259,223,56,57,68,74,164,260,261,
72,80,
4,8,9,26,47,61,174,183,244,245,186,52,60,63,66,72,94,165,235,262,290,31,51,53,59,62,64,65,67,69,71,73,80,82,83,108,141,176,257,55,58,172,239,274,275,259,223,57,74,260,261,
2,4,8,9,26,43,47,61,174,183,244,245,250,186,11,27,52,60,63,66,72,96,165,181,235,240,241,262,290,17,25,31,51,53,59,62,64,65,67,69,71,73,80,82,83,91,97,104,105,108,109,125,141,176,179,182,184,196,197,214,234,236,237,243,257,266,292,55,58,180,274,275,259,161,205,207,223,57,74,169,247,204,258,263,264,267,268,
4,8,9,26,47,61,174,183,245,186,52,60,63,66,72,94,165,235,262,31,51,53,59,62,64,65,67,69,71,73,80,82,83,108,141,176,257,55,58,172,178,239,274,275,223,57,
4,8,9,26,47,61,186,52,60,63,66,72,235,262,17,31,51,53,59,62,64,65,67,69,71,73,80,82,83,91,97,125,133,141,176,182,197,214,248,257,266,292,325,341,180,259,161,164,169,264,
72,
8,9,26,66,
4,8,9,26,47,61,174,183,244,245,186,52,60,63,66,72,94,107,165,235,262,290,31,51,53,59,62,64,65,67,69,71,73,80,82,83,108,141,176,209,257,55,58,172,178,239,274,275,223,57,
8,
4,8,9,26,61,186,52,60,63,66,72,235,262,17,31,51,53,59,62,64,65,67,69,71,73,80,82,83,91,97,125,141,176,182,197,214,257,266,292,55,180,
8,9,26,43,47,61,174,183,244,245,186,11,27,52,63,66,72,96,165,181,235,240,241,262,290,53,
8,
2,4,8,9,26,43,47,61,174,183,244,245,186,11,27,52,60,63,66,72,96,165,181,235,240,241,262,290,25,31,51,53,59,64,65,67,71,73,80,82,97,104,105,108,109,176,184,234,236,237,55,58,180,259,263,
8,9,26,61,174,183,186,66,181,59,184,55,
8,
2,8,9,26,43,61,174,183,244,245,186,11,27,52,60,63,66,72,96,165,181,235,240,241,262,290,429,438,25,31,51,53,59,64,65,67,71,73,80,82,93,97,104,105,108,109,176,184,209,234,236,237,353,55,172,180,
2,8,9,26,43,47,174,183,244,245,250,186,11,27,52,60,63,66,72,96,165,181,235,240,241,262,290,17,25,31,51,53,59,62,64,65,67,69,71,73,80,82,83,91,93,97,104,105,106,108,109,125,141,176,179,182,184,187,195,196,197,199,200,209,214,234,236,237,243,251,257,266,292,351,164,264,134,
116,
26,47,52,63,72,241,17,51,53,80,82,234,236,259,
8,9,61,174,245,52,63,66,72,165,17,25,51,53,59,64,80,82,91,214,236,
4,8,9,26,47,61,70,174,183,245,186,11,27,52,63,66,72,165,235,240,241,262,290,17,25,31,51,53,59,62,64,65,67,69,71,73,80,82,83,84,91,133,141,176,179,182,184,206,209,234,236,257,266,55,58,180,259,161,74,164,169,204,263,264,134,14,18,
8,9,26,63,66,72,262,65,91,141,266,180,
8,9,96,71,125,195,196,197,199,200,
8,9,47,64,71,80,82,91,125,133,197,341,74,164,264,134,
8,9,64,80,82,91,
8,
8,9,47,96,64,71,80,82,91,123,125,133,195,196,197,199,200,341,
8,9,47,64,71,80,82,91,125,197,164,264,265,134,116,201,
0,2,3,4,63,385,386,53,108,141,408,225,
2,4,6,385,386,
72,82,
63,66,72,
4,8,9,26,47,61,186,52,60,63,66,72,235,262,31,51,53,59,62,64,65,67,69,71,73,80,82,83,141,176,257,55,58,259,
2,4,8,9,26,43,47,61,174,183,244,245,186,11,27,52,60,63,66,72,94,96,165,181,208,235,240,241,262,290,17,25,31,51,53,59,62,64,65,67,69,71,73,80,82,83,91,97,104,105,108,109,125,141,176,179,182,184,196,197,214,234,236,237,243,257,266,292,55,58,172,178,180,239,274,275,259,161,205,207,223,211,57,74,260,261,169,247,204,258,263,264,267,268,420,
2,4,63,53,108,
4,8,9,26,43,47,61,174,183,244,245,186,11,27,52,60,63,66,72,96,181,235,240,262,17,31,51,53,59,62,64,65,67,69,71,73,80,82,83,91,104,108,141,176,179,182,184,214,234,236,243,257,266,55,58,180,259,161,74,169,204,263,264,
8,9,
26,52,63,72,51,53,80,82,
4,8,9,26,47,61,70,186,52,60,63,66,72,235,262,17,31,51,53,59,62,64,65,67,69,71,73,80,82,83,91,97,141,176,182,214,257,266,292,55,58,180,259,161,205,207,223,211,56,57,68,74,164,260,261,169,204,258,263,264,267,268,
4,8,9,26,61,174,183,245,186,52,60,63,66,72,96,165,235,241,262,17,25,31,51,53,59,62,64,65,67,69,71,73,80,82,83,91,97,108,125,141,176,179,182,184,195,196,197,199,200,214,234,236,257,266,292,55,180,223,74,204,264,267,
116,
116,
8,
8,9,26,61,174,183,244,245,186,52,60,63,66,72,165,235,262,290,31,51,53,59,62,64,65,67,69,71,73,80,82,83,108,141,176,209,257,
8,9,26,61,174,183,244,245,186,52,60,63,66,72,165,235,262,290,31,51,53,59,62,64,65,67,69,71,73,80,82,83,108,141,176,209,257,
63,
4,8,9,26,47,61,70,174,183,245,186,52,60,63,66,72,165,235,262,31,51,53,59,62,64,65,67,69,71,73,80,82,83,108,141,176,257,55,172,239,274,259,223,74,89,164,
385,386,
4,8,9,26,43,47,61,174,183,244,245,186,11,27,52,60,63,66,72,94,96,181,235,240,262,10,12,17,31,51,53,59,62,64,65,67,69,71,73,80,81,82,83,84,90,104,108,140,141,144,176,179,182,184,199,206,214,234,236,242,243,257,266,295,324,351,353,356,358,381,392,422,440,444,172,180,239,161,352,205,207,223,74,169,247,204,264,267,
2,4,8,9,26,43,47,61,174,183,244,245,186,11,27,52,60,63,66,72,94,96,165,181,235,240,241,262,290,429,438,25,31,51,53,59,64,65,67,71,73,80,82,93,97,104,105,108,109,176,184,209,234,236,237,353,55,58,172,178,180,239,274,275,259,223,57,263,
4,8,9,26,47,61,174,183,244,245,186,52,60,63,66,72,94,165,235,262,290,31,51,53,59,62,64,65,67,69,71,73,80,82,83,108,141,176,209,257,172,239,223,74,164,
385,386,
0,2,3,4,6,385,386,
4,8,9,26,47,61,174,183,244,245,186,52,60,63,66,72,94,165,208,235,262,290,31,51,53,59,64,65,67,71,73,80,82,108,176,209,55,58,172,178,239,274,275,259,223,57,
2,26,43,47,70,244,52,63,72,181,241,51,53,80,82,97,108,234,236,
8,9,26,47,61,174,183,244,245,52,60,63,66,72,165,186,235,262,290,31,51,53,59,62,64,65,67,69,71,73,80,82,83,108,140,141,176,209,257,381,408,
8,
8,9,26,61,186,66,
4,8,9,26,47,61,174,183,244,245,186,52,60,63,66,72,165,235,262,290,31,51,53,59,62,64,65,67,69,71,73,80,82,83,108,140,141,176,209,257,381,408,55,58,259,74,
2,4,8,9,26,43,47,61,174,183,244,245,250,186,11,27,52,60,63,66,72,96,165,181,235,240,241,262,290,12,17,25,31,51,53,59,62,64,65,67,69,71,73,80,82,83,91,97,104,105,108,109,123,125,141,176,179,182,184,196,197,214,234,236,237,242,243,248,257,266,289,292,295,297,323,325,391,444,55,58,180,161,169,263,
2,4,8,9,26,43,47,61,70,174,183,244,245,186,11,27,52,60,63,66,72,94,96,165,181,208,235,240,241,262,290,429,438,385,386,31,51,53,59,64,65,67,71,73,80,82,108,176,209,55,58,172,178,239,274,275,259,223,56,57,68,
4,8,9,26,47,61,70,174,183,244,245,186,52,60,63,66,72,165,235,262,290,31,51,53,59,62,64,65,67,69,71,73,80,82,83,108,140,141,176,209,257,381,408,55,58,
4,8,9,26,47,186,52,60,63,66,72,235,262,53,
2,4,8,9,26,43,47,61,174,183,244,245,250,186,11,27,52,60,63,66,72,96,165,181,235,240,241,262,290,17,25,31,51,53,59,62,64,65,67,69,71,73,80,82,83,91,93,97,104,105,106,108,109,125,141,176,179,182,184,187,195,196,197,199,200,209,214,234,236,237,243,251,257,266,292,351,55,58,180,259,161,352,74,169,204,263,264,
4,8,9,26,47,61,70,174,183,244,245,186,52,60,63,66,72,94,165,235,262,290,53,108,
8,9,52,66,
63,
8,
2,4,8,9,26,43,47,61,174,183,244,245,186,11,27,52,60,63,66,72,96,165,181,235,240,241,262,290,17,25,31,51,53,59,62,64,65,67,69,71,73,80,82,83,91,93,97,104,105,106,108,109,125,141,176,179,182,184,187,195,196,197,199,200,209,214,234,236,237,243,257,266,292,351,55,58,180,274,275,259,161,352,205,207,223,57,74,169,247,204,258,263,264,267,268,
4,8,9,26,47,61,70,174,183,244,245,186,52,60,63,66,72,94,165,235,262,290,53,108,
2,4,8,9,26,43,47,61,174,183,244,245,250,186,11,27,52,60,63,66,72,96,165,181,235,240,241,262,290,17,25,31,51,53,59,62,64,65,67,69,71,73,80,82,83,91,93,97,104,105,106,108,109,125,141,176,179,182,184,187,195,196,197,199,200,209,214,234,236,237,243,251,257,266,292,351,55,58,180,263,
8,9,47,64,71,80,82,91,125,197,74,164,264,265,134,116,138,
47,123,125,133,134,116,38,
8,26,52,66,59,
8,72,
4,8,9,26,47,61,70,186,52,60,63,66,72,94,208,235,262,31,51,53,59,62,64,65,67,69,71,73,80,82,83,108,141,176,209,257,55,58,259,223,56,57,68,74,164,261,
72,
4,8,9,26,43,47,61,174,183,244,245,186,11,27,52,63,66,72,94,96,165,181,235,240,241,262,290,31,51,53,59,62,64,65,67,69,71,73,80,82,83,141,176,209,257,55,58,172,239,274,275,223,57,
4,8,9,26,43,47,61,70,174,183,244,245,186,11,27,52,60,63,66,72,94,96,181,208,235,240,262,53,108,141,
2,4,8,9,26,43,47,61,70,174,183,244,245,186,11,27,52,60,63,66,72,96,165,181,235,240,241,262,290,25,31,51,53,59,64,65,67,71,73,80,82,93,97,104,105,108,109,176,184,209,234,236,237,55,58,180,274,275,259,223,56,57,68,263,
8,9,64,71,80,82,74,
240,125,
4,8,9,26,61,186,52,60,63,66,72,235,241,262,31,51,53,59,64,65,67,71,73,80,82,176,209,55,58,180,263,
4,8,9,26,47,61,186,52,60,63,66,72,235,262,17,31,51,53,59,62,64,65,67,69,71,73,80,82,83,91,97,141,176,182,214,248,257,266,292,325,55,58,180,259,161,205,207,223,211,57,74,260,261,169,204,258,263,264,267,268,420,
4,8,9,26,47,61,186,52,60,63,66,72,235,262,17,31,51,53,59,62,64,65,67,69,71,73,80,82,83,91,97,125,133,141,176,182,197,214,248,257,266,292,325,341,55,58,180,259,161,205,207,223,57,74,169,204,258,263,264,267,268,
4,8,9,26,61,186,52,63,66,72,51,53,59,64,65,69,71,80,82,257,74,
8,9,47,63,72,17,51,64,69,71,80,82,91,97,125,197,248,292,325,259,161,74,204,264,267,
8,9,63,72,17,51,64,69,71,80,82,91,
26,244,52,63,72,51,53,80,82,108,
63,72,17,80,
2,4,8,9,26,43,47,61,174,183,244,245,250,186,11,27,52,60,63,66,72,94,165,181,235,240,241,262,290,17,25,31,51,53,59,62,64,65,67,69,71,73,80,82,83,91,97,105,108,109,123,125,141,176,179,182,184,196,197,214,234,236,237,242,257,266,289,292,295,297,323,325,391,55,58,172,180,239,274,275,170,259,161,205,207,223,56,57,68,74,164,273,204,263,264,265,267,134,
2,8,9,26,43,47,61,174,183,244,245,250,186,11,27,52,60,63,66,72,96,165,181,235,240,241,262,290,429,438,31,51,53,59,62,64,65,67,69,71,73,80,82,83,108,140,141,176,209,257,381,408,55,172,275,170,57,
8,
107,240,123,125,133,134,116,138,117,128,380,38,
107,240,123,125,133,373,116,138,117,128,38,
8,9,91,199,
8,9,64,71,80,82,91,74,264,
4,8,9,26,47,61,52,63,66,72,186,235,262,17,31,51,53,59,62,64,65,67,69,71,73,80,82,83,91,141,176,182,214,257,266,55,58,180,259,161,205,207,223,57,169,258,263,264,268,
4,8,9,26,61,186,52,63,66,72,235,262,17,31,51,53,59,62,64,65,67,69,71,73,80,82,83,91,141,176,182,214,257,266,55,180,223,74,204,264,267,
2,26,47,244,52,63,72,181,241,51,53,80,82,97,108,234,236,259,
26,47,52,63,72,51,53,80,82,
4,8,9,26,43,61,70,174,183,244,245,186,11,27,52,60,63,66,72,96,165,181,235,240,241,262,290,53,108,
2,4,8,9,26,43,47,61,174,183,244,245,186,11,27,52,60,63,66,72,96,165,181,235,240,241,262,290,31,51,53,59,62,64,65,67,69,71,73,80,82,83,108,141,176,209,257,55,58,
107,240,
2,4,8,9,26,43,47,61,70,174,183,244,245,250,186,11,27,52,60,63,66,72,96,165,181,235,240,241,262,290,12,17,25,31,51,53,59,62,64,65,67,69,71,73,80,82,83,91,97,104,105,108,109,123,125,141,176,179,182,184,196,197,214,234,236,237,242,243,248,257,266,289,292,295,297,323,325,391,55,58,180,263,
4,8,9,26,61,174,183,244,245,186,52,60,63,66,72,165,235,262,290,31,51,53,59,64,65,67,71,73,80,82,108,176,55,172,274,223,
26,
26,47,70,52,63,72,241,17,51,53,80,82,97,108,292,
8,9,47,64,71,80,82,74,
4,8,9,26,47,61,70,186,52,60,63,66,72,94,96,235,241,262,17,31,51,53,59,62,64,65,67,69,71,73,80,82,83,91,108,141,176,182,206,209,214,257,266,55,58,180,259,161,205,207,223,211,56,57,68,74,164,260,261,169,204,258,263,264,267,268,
2,4,8,9,26,43,47,174,183,244,245,250,11,27,52,60,63,66,72,96,165,181,186,235,240,241,262,290,12,17,25,31,51,53,59,62,64,65,67,69,71,73,80,82,83,91,97,104,105,108,109,123,125,141,176,179,182,184,196,197,214,234,236,237,242,243,257,266,289,292,295,297,323,325,391,444,55,58,263,
8,
4,8,9,26,47,61,186,52,60,63,66,72,235,262,31,51,53,59,62,64,65,67,69,71,73,80,82,83,108,141,176,257,55,58,259,
4,8,9,26,61,186,52,60,63,66,72,235,262,17,31,51,53,59,62,64,65,67,69,71,73,80,82,83,91,97,125,133,141,176,182,197,214,248,257,266,292,325,341,55,180,223,74,204,264,267,420,283,315,
4,8,9,26,47,61,70,174,183,244,186,52,66,96,107,181,240,290,385,386,53,59,64,65,71,80,82,257,55,172,239,274,164,301,
72,
8,9,47,64,71,80,82,91,125,133,197,341,74,164,264,265,134,
8,9,47,64,71,80,82,91,125,197,74,164,264,265,134,
82,
125,78,311,
4,385,386,46,116,38,132,312,49,
312,
107,240,123,125,133,373,134,380,38,
4,8,9,26,61,186,52,63,66,72,235,262,31,51,53,59,62,64,65,67,69,71,73,80,82,83,141,176,257,55,223,74,
8,9,26,61,186,52,63,66,72,235,262,17,31,51,53,59,62,64,65,67,69,71,73,80,82,83,91,141,176,182,214,248,257,266,55,180,
116,
116,
116,
2,4,8,9,26,43,47,61,70,174,183,244,245,186,11,27,52,60,63,66,72,96,165,181,235,240,241,262,290,12,17,25,31,51,53,59,62,64,65,67,69,71,73,80,82,83,91,97,104,105,108,109,123,125,141,176,179,182,184,196,197,214,234,236,237,242,243,248,257,266,289,292,295,297,323,325,391,444,55,58,180,239,259,161,89,164,362,169,263,
4,8,9,26,47,61,174,183,244,245,186,52,60,63,66,72,94,165,235,262,290,31,51,53,59,62,64,65,67,69,71,73,80,82,83,108,141,176,209,257,55,58,172,239,259,223,57,260,261,
8,
0,6,
385,386,
0,2,4,6,385,386,
0,2,3,4,6,385,386,
385,386,
4,8,9,26,47,61,70,186,52,60,63,66,72,235,262,17,31,51,53,59,62,64,65,67,69,71,73,80,82,83,91,97,125,141,176,182,197,214,257,266,292,55,58,180,259,74,204,263,264,
8,9,26,43,174,244,11,27,63,66,72,262,65,84,91,141,206,243,266,285,180,223,
4,8,9,26,61,186,52,60,63,66,72,235,262,17,31,51,53,59,62,64,65,67,69,71,73,80,82,83,91,97,125,133,141,176,182,197,214,248,257,266,292,325,341,55,180,223,74,204,264,267,
2,8,9,26,43,47,61,174,183,244,245,11,27,52,60,63,66,72,96,165,181,186,235,240,241,262,290,25,31,51,53,59,64,65,67,71,73,80,82,97,104,105,108,109,176,184,234,236,237,55,180,
107,240,123,125,133,337,148,
123,125,133,116,38,113,118,119,121,124,126,127,129,130,131,132,135,137,139,122,120,136,
107,240,123,125,133,134,116,138,128,380,38,113,118,119,121,124,126,127,129,130,131,132,135,137,139,
107,240,123,125,133,373,134,116,138,380,38,113,118,119,121,124,126,127,129,130,131,132,135,137,139,148,156,318,
8,
4,8,9,26,47,61,52,66,186,53,59,64,65,71,80,82,91,125,133,197,257,341,55,74,164,264,
8,9,47,96,64,71,80,82,91,123,125,133,195,196,197,199,200,341,74,164,264,
116,
123,125,133,134,116,138,117,128,380,38,113,118,119,121,124,126,127,129,130,131,132,135,137,139,122,120,
385,386,
0,2,4,6,8,9,47,96,107,240,385,386,301,
0,2,4,6,385,386,
4,8,9,26,47,61,186,52,60,63,66,72,235,262,17,31,51,53,59,62,64,65,67,69,71,73,80,82,83,91,97,141,176,182,214,257,266,292,55,58,180,259,74,204,263,264,
8,
8,52,72,
4,8,9,26,47,61,174,183,244,245,186,52,60,63,66,72,94,107,165,235,262,290,31,51,53,59,64,65,67,71,73,80,82,108,176,209,55,58,172,178,239,274,275,223,57,
8,
8,
8,9,
8,
8,26,66,72,65,
63,53,141,
8,
4,8,9,26,47,61,186,52,63,66,72,235,262,17,31,51,53,59,62,64,65,67,69,71,73,80,82,83,91,141,176,182,214,257,266,55,58,180,259,161,205,207,223,57,74,169,204,258,263,264,267,268,
385,386,
4,8,9,26,47,61,174,183,245,186,52,60,63,66,72,96,165,235,241,262,17,25,31,51,53,59,62,64,65,67,69,71,73,80,82,83,91,97,108,125,141,176,179,182,184,196,197,214,234,236,257,266,292,55,58,180,259,161,74,169,204,263,264,
63,72,
373,
107,
4,8,9,26,47,61,186,52,60,63,66,72,235,262,31,51,53,59,62,64,65,67,69,71,73,80,82,83,141,176,257,55,58,259,74,
4,8,9,26,47,61,70,186,52,60,63,66,72,235,262,31,51,53,59,62,64,65,67,69,71,73,80,82,83,141,176,257,55,58,259,223,56,57,68,74,164,260,261,
116,38,132,135,148,122,
4,8,9,26,47,61,174,183,244,245,186,52,60,63,66,72,165,235,262,290,31,51,53,59,64,65,67,71,73,80,82,108,176,209,55,58,259,
8,9,26,61,174,183,186,66,181,
4,8,9,26,47,61,186,52,63,66,72,235,262,17,31,51,53,59,62,64,65,67,69,71,73,80,82,83,91,133,141,176,182,214,248,257,266,55,58,180,259,161,74,169,204,263,264,
4,385,386,53,
4,385,386,
385,386,46,116,38,132,135,148,122,312,49,
123,125,133,
2,26,43,244,52,63,72,181,241,51,53,80,82,97,108,234,236,
8,9,
8,9,26,43,47,61,174,183,244,245,186,11,27,52,63,66,72,96,165,181,235,240,241,262,290,25,31,51,53,59,64,65,67,71,73,80,82,104,176,184,209,234,236,237,353,55,180,
4,8,9,26,43,47,61,174,183,244,245,186,11,27,52,63,66,72,96,165,181,235,240,241,262,290,17,25,31,51,53,59,62,64,65,67,69,71,73,80,82,83,91,104,141,176,179,182,184,214,234,236,237,243,257,266,55,58,180,239,259,161,74,169,204,263,264,
2,4,8,9,26,43,61,174,183,244,245,186,11,27,52,60,63,66,72,96,165,181,235,240,241,262,290,429,438,25,31,51,53,59,64,65,67,71,73,80,82,93,97,104,105,106,108,109,176,184,209,234,236,237,353,55,180,223,
116,
4,8,9,26,61,186,52,60,63,66,72,235,262,31,51,53,59,64,65,67,71,73,80,82,97,176,55,180,223,
2,4,385,386,
2,4,385,386,
8,9,47,96,107,240,301,38,277,
107,240,123,125,133,134,116,138,117,128,380,38,113,118,119,121,124,126,127,129,130,131,132,135,137,139,122,120,
47,125,116,38,113,118,119,121,124,126,127,129,130,131,132,135,137,139,122,120,136,
107,240,64,80,82,123,125,133,74,264,134,116,138,128,38,113,118,119,121,124,126,127,129,130,131,132,135,137,139,
8,9,47,63,53,64,71,80,82,108,141,408,
8,9,26,61,174,183,244,245,186,52,63,66,72,96,165,181,235,240,241,262,290,31,51,53,59,64,65,67,71,73,80,82,176,
8,
4,8,9,26,47,61,174,183,244,245,186,52,60,63,66,72,94,165,235,262,290,31,51,53,59,62,64,65,67,69,71,73,80,82,83,108,140,141,176,209,257,381,408,172,239,223,74,164,
2,4,8,9,26,43,47,61,174,183,244,245,186,11,27,52,60,63,66,72,94,96,165,181,235,240,241,262,290,429,438,25,31,51,53,59,64,65,67,71,73,80,82,93,97,104,105,108,109,176,184,209,234,236,237,353,55,58,172,180,239,223,57,263,
2,8,9,26,43,47,61,174,183,244,245,250,186,11,27,52,60,63,66,72,96,165,181,235,240,241,262,290,17,25,31,51,53,59,62,64,65,67,69,71,73,80,82,83,91,93,97,104,105,106,108,109,125,141,176,179,182,184,187,195,196,197,199,200,209,214,234,236,237,243,251,257,266,292,351,55,180,
385,386,
8,9,61,66,59,55,164,169,
63,72,64,
8,9,47,61,174,245,52,63,66,72,165,17,25,51,53,59,64,80,82,91,97,108,214,236,55,58,170,161,74,164,169,247,258,268,168,134,171,
64,
26,47,52,63,72,53,
4,8,9,26,47,61,174,183,244,245,186,52,63,66,72,165,235,262,290,31,51,53,59,64,65,67,71,73,80,82,176,55,58,259,
8,9,52,66,
2,4,8,9,26,43,47,61,174,183,244,245,186,11,27,52,60,63,66,72,96,165,181,235,240,241,262,290,429,438,25,31,51,53,59,64,65,67,71,73,80,82,93,97,104,105,108,176,184,209,234,236,237,353,55,58,180,239,259,263,
4,8,9,26,43,47,61,70,174,183,244,245,186,11,27,52,63,66,72,96,165,181,235,240,241,262,290,31,51,53,59,64,65,67,71,73,80,82,176,55,58,259,
8,9,52,66,
4,8,9,26,47,61,186,52,60,63,66,72,235,262,31,51,53,59,64,65,67,71,73,80,82,97,176,55,58,180,259,223,57,263,
8,9,
2,4,8,9,26,43,47,61,174,183,244,245,186,11,27,52,60,63,66,72,96,165,181,235,240,241,262,290,25,31,51,53,59,64,65,67,71,73,80,82,97,104,105,108,109,176,184,234,236,237,55,58,180,274,275,259,223,57,263,
8,9,26,43,47,61,174,183,186,66,107,181,240,59,64,80,82,125,184,55,172,78,46,
8,9,64,71,80,82,91,125,133,197,341,201,
8,
2,4,8,9,26,43,47,61,174,183,244,245,250,186,11,27,52,60,63,66,72,96,107,165,181,235,240,241,262,290,429,438,53,108,141,408,
4,8,9,26,47,61,70,174,183,244,186,52,66,96,181,240,290,53,59,64,65,71,80,82,91,105,123,125,184,196,197,257,55,74,164,264,
4,8,9,26,43,61,174,183,244,245,186,11,27,52,63,66,72,96,165,181,235,240,241,262,290,31,51,53,59,64,65,67,71,73,80,82,104,176,184,209,234,236,180,
8,9,
8,
8,
8,9,
8,
8,9,
0,2,3,4,63,385,386,53,108,141,408,225,
0,2,4,6,385,386,
4,8,9,26,61,70,186,52,63,66,72,235,262,31,51,53,59,62,64,65,67,69,71,73,80,82,83,141,176,257,55,223,74,
72,
8,9,47,64,71,80,82,91,125,133,197,341,74,264,
2,26,47,244,52,63,72,181,241,17,51,53,80,82,97,108,125,234,236,292,259,
8,
4,8,9,26,61,174,183,245,186,52,60,63,66,72,96,165,235,241,262,17,25,31,51,53,59,62,64,65,67,69,71,73,80,82,83,91,97,108,125,141,176,179,182,184,196,197,214,234,236,257,266,292,55,180,274,223,
8,9,26,61,174,183,244,245,186,52,60,63,66,72,165,235,262,290,31,51,53,59,62,64,65,67,69,71,73,80,82,83,108,141,176,257,
52,63,53,80,82,108,
116,
107,240,123,125,133,134,116,138,128,380,38,113,118,119,121,124,126,127,129,130,131,132,135,137,139,
107,240,123,125,133,134,116,138,117,128,380,38,113,118,119,121,124,126,127,129,130,131,132,135,137,139,122,120,136,
107,240,123,125,133,134,116,38,
4,8,9,26,43,47,61,70,174,183,244,245,186,11,27,52,60,63,66,72,94,96,181,208,235,240,262,385,386,12,17,31,51,53,59,62,64,65,67,69,71,73,80,82,83,91,104,108,141,176,179,182,184,214,234,236,242,243,257,266,295,444,55,58,172,178,180,239,274,275,259,161,205,207,223,211,56,57,68,74,89,164,260,261,362,169,247,204,258,263,264,267,268,
8,52,72,
8,
8,9,26,43,47,61,174,183,186,66,107,181,240,59,64,80,82,125,184,55,172,46,
0,2,3,4,6,385,386,
8,
8,9,47,61,174,245,52,63,66,72,165,17,25,51,53,59,64,80,82,91,97,108,214,236,297,391,55,58,161,169,
8,
116,
43,
8,9,
125,133,134,116,138,
4,8,9,26,47,61,174,183,244,245,186,52,63,66,72,165,235,262,290,31,51,53,59,64,65,67,71,73,80,82,176,55,274,223,
107,
72,
116,
123,125,133,134,116,138,117,128,380,38,113,118,119,121,124,126,127,129,130,131,132,135,137,139,122,120,136,
8,9,61,174,245,52,63,66,72,165,25,51,53,59,64,80,82,97,108,236,55,
123,125,133,134,116,138,117,128,380,38,
123,125,133,134,116,138,128,380,38,113,118,119,121,124,126,127,129,130,131,132,135,137,139,
4,8,9,26,47,61,186,52,60,63,66,72,235,262,31,51,53,59,64,65,67,71,73,80,82,97,176,55,58,180,259,223,57,263,
116,
