0,
0,
19,
56,
0,
0,
0,
76,
25,
0,
1,
25,
0,
1,
19,
1,
30,
25,
0,1,25,
0,
0,
2,
0,
92,
2,
2,
0,
92,
55,
2,
3,
3,
0,
57,
57,
3,
3,
3,
0,
25,
0,
56,
2,
56,
1,
0,
1,
57,
0,
147,
5,
30,64,
132,
5,
5,
5,
5,
5,
5,
1,
8,
22,
6,
8,
6,
30,
2,
2,
5,
2,
7,
5,
36,
30,
39,
56,
22,
1,
30,
30,
5,
8,
0,
8,
69,8,
0,
8,
6,
8,
8,
11,
56,
9,
56,
56,
9,
56,
8,
0,
9,56,
10,
10,
10,
10,
0,
10,
10,
10,
10,
10,
33,
11,
22,
11,
11,
2,
33,
0,
33,
11,146,
10,
26,
0,
5,
10,
108,
12,
5,
83,
5,
13,
0,
39,
5,
39,
13,
13,
39,
19,
13,
0,
14,
160,
122,
153,
14,
14,
5,
14,
14,
4,20,
19,
15,
30,
6,
11,
100,35,
154,
8,
20,
36,
30,
22,
36,
30,
3,
0,
0,
14,
58,
17,
1,
17,
17,
17,
17,
17,
22,
17,
17,
18,
43,
18,
5,
43,
1,
5,
22,
18,
5,
0,
103,
19,
19,
19,
19,
0,
46,
19,
19,
20,
20,
20,
20,
9,
20,
20,
56,
20,
20,
67,
49,
0,
0,
20,
21,
75,
0,
21,
22,
22,
22,
2,
22,
22,
64,
2,
22,
22,
5,8,
0,
6,
10,
64,
22,
10,
2,
52,
0,
4,
100,20,
100,20,
24,
104,
24,
24,
10,
24,
55,
25,
146,
25,
25,
25,
146,
146,
25,
25,
26,
14,
26,
26,
26,
26,
26,
26,
26,
26,
143,
48,
14,
40,
14,
0,
14,
5,
160,
14,
1,
8,
5,
5,
30,
0,
25,
17,
5,
52,
19,
19,
19,
12,
0,
19,
17,
19,
19,
5,25,
22,
36,
30,
78,
30,
30,
52,30,
30,
35,
30,
31,
31,
25,55,
31,
31,
1,
31,
5,
5,
130,
0,
0,
32,
19,
0,
19,
103,
0,
19,
19,
2,
2,11,
11,
189,
191,
189,
189,
11,
11,
2,
26,
34,
14,
34,
26,
5,
5,
34,
30,
52,
30,
35,
71,
30,
30,
30,
1,
35,
147,
25,
22,
71,
36,
36,
0,
25,
36,
0,
36,
6,
5,
5,
43,
5,
5,
1,5,
132,
5,
5,
1,
38,
56,
199,
38,
10,
2,
38,
2,
38,
25,
39,
39,
39,
39,
5,
5,33,
5,43,
39,
11,
14,
14,
14,
14,
14,
14,
14,
14,26,
14,
14,
41,
35,
41,
41,
41,
41,
130,
41,
31,
83,
9,
9,
56,
56,
102,
0,
20,
102,
43,
5,
1,
43,
43,
123,
1,
43,
117,
43,
191,
0,
3,
39,
4,
3,4,57,
3,
11,
1,
44,
1,
1,
1,
25,
1,
1,
0,
1,
0,
1,
39,
19,
19,
25,
56,39,
9,
19,
49,
20,
0,
35,
47,
26,
1,5,
35,
47,
14,
26,
35,
5,
79,
4,
14,
79,
48,
48,
49,
79,
68,
48,
14,
0,
56,
0,
14,
49,
49,
14,49,
49,
130,
50,
50,
30,
36,
30,
0,
30,
36,
30,
0,
0,
14,
5,
6,
19,
57,
5,
0,
71,
5,
52,
0,
52,30,
30,
30,
30,52,
30,
52,
53,
0,
53,
196,
53,
53,178,
53,
2,
6,
2,
2,
0,
2,
57,
73,
2,
2,
0,
2,
0,
55,36,
55,36,
55,36,
25,
92,
92,
55,36,
14,
25,
0,
56,
56,
56,
56,
56,
56,
56,
56,
56,
0,
6,
3,
57,
1,
57,6,
57,
57,
57,
57,
57,
0,
77,
11,
58,
2,
2,
58,39,
2,
39,
58,
0,
1,
30,
19,
59,
0,
0,
1,
30,
2,
60,
0,
60,
0,
7,
60,
0,
0,
60,
22,
61,
0,
0,
0,
14,
2,
61,
5,
10,
10,
14,
52,
26,
26,
26,
25,
12,
0,
99,
12,
10,
5,
5,
26,
5,
24,
0,
5,
5,
0,
64,
5,
43,
5,
22,
64,
43,
5,
5,
5,
0,
65,
65,
10,
65,
65,
110,
14,
10,
65,
66,
56,
0,
56,
1,
56,
56,
0,
56,
2,
67,
14,
0,
0,
19,
67,
67,
0,
4,
0,
10,
68,
56,
48,
18,
24,
79,
0,
18,
20,
4,
17,
0,
0,
0,
0,69,
69,
155,
0,
8,
0,
0,
0,
3,
0,
3,
0,
1,
53,
0,
2,
38,
2,
30,
2,
2,
0,
71,
2,
2,
5,
0,
43,
2,
47,
5,
5,
73,
9,
18,
73,
73,
73,
1,
73,
73,
73,
55,
20,
20,
69,
1,
0,
52,
69,
5,
9,
75,
0,
64,
0,
43,
75,
0,
22,
19,
75,
13,
0,
22,
0,
122,
0,
19,
1,
19,
0,
71,
58,
0,
38,50,
110,
77,
30,
110,
38,
77,
0,2,3,
160,
94,
52,
14,
30,
0,
30,
30,
7,
7,
0,7,
0,
5,
0,
79,
14,
5,
7,
25,
80,
162,
0,
1,
0,
38,
56,
56,
14,
0,
0,
19,
49,
0,
0,
81,
14,24,
0,
0,
5,64,
43,
43,64,
25,
43,
1,
1,
5,
0,
43,
2,
83,
83,
83,
4,83,
83,
9,
44,
83,
83,
25,
84,
84,
84,
0,
25,
39,
0,
14,
84,
8,
8,
84,
14,
8,
14,
9,
0,
85,
8,
86,
1,
5,
1,
41,
41,
1,
86,
5,
5,
14,
26,
14,
14,
14,
26,
0,14,
1,
0,
56,
88,
2,
25,
30,
0,
88,
25,
2,
30,
36,
0,
4,
4,
6,
5,
1,
89,
5,
25,
90,
30,
130,
52,
52,
10,
10,
10,
10,
10,
30,
5,30,
36,
5,
43,
8,
0,60,
30,
43,
5,
2,
25,
25,
2,
92,
2,
2,
25,
92,
0,
26,
56,
26,
43,
14,
26,
0,
36,
94,
3,
36,
36,
92,
25,
130,
30,
14,
49,
25,
5,
0,
0,
43,
100,20,
0,
15,
20,
0,
96,
5,
96,
5,
20,
5,
5,
17,
0,
146,
11,
0,10,
0,
0,
25,
0,
19,
0,
35,
0,
1,
9,
1,
0,
5,9,
1,
154,
99,
52,
36,
177,
0,
99,
36,
30,
30,
99,
20,
20,
100,
20,
20,
20,
0,
20,
100,
49,
19,
19,
0,
75,
102,48,
102,
102,
102,
102,
102,
102,
102,
102,
102,
84,
103,
84,
0,2,
184,
46,
0,
19,
92,
55,
56,
20,
56,
26,
14,26,
26,
0,
0,
0,56,
5,
60,
38,
30,
11,146,
10,
19,
106,
5,
0,39,
39,
39,
0,
13,
84,
0,2,
84,
84,
5,
5,
5,
147,
84,
103,
5,
140,
122,
0,26,
5,
0,
140,
83,
108,
63,
54,
6,
109,
5,
18,
0,
5,
110,
43,
110,
13,
60,
110,
110,
110,
110,
110,
25,
18,
92,
5,
147,
18,
30,
18,
1,
18,
20,
56,
20,
56,
10,
20,
68,
20,
112,
112,
2,
2,
0,
92,
0,
0,
0,113,
4,
0,
0,
5,
14,
48,
0,
19,
19,92,
7,
14,
43,
115,
48,
5,
56,
56,
0,
0,
18,
116,100,
116,100,
1,
18,
100,
1,
0,
14,
100,116,
20,
20,
43,
14,
52,
19,
0,
74,
56,
30,
1,
14,11,
5,
0,
1,
1,
118,
160,
160,
1,
52,
30,
178,
32,
0,
119,
1,
32,
30,
8,
0,
14,
14,
14,
139,
10,
14,
40,
14,
121,
121,
2,
25,
121,
121,
38,
140,
122,
75,
122,
14,
145,
14,
14,
75,
122,
0,
1,
3,
6,
57,
57,
0,
57,
1,
57,
0,
2,
0,
0,
124,
71,
0,
35,
35,
14,
14,
122,
0,
14,
39,
49,
14,
14,49,
14,
43,
43,
30,
75,
1,18,
126,
30,
5,
1,
52,
5,
0,
1,
84,
5,
5,
26,
5,
5,
127,
118,
160,
14,
14,
160,
14,
31,
14,
14,
14,
2,22,
0,
30,
22,
2,22,30,
30,
129,
2,
157,
78,
0,
4,
130,
130,
130,
130,
0,
130,
130,
130,
20,
8,
68,
20,
20,
0,
20,
20,
20,
20,
30,
132,
132,
132,
132,
132,
36,
132,
30,
132,
5,
133,
5,
0,
133,
5,
5,
133,
5,
5,
5,
20,
56,
56,
26,
135,
14,
31,
102,
14,
0,
56,
49,
73,
9,
0,
5,
20,
20,
5,
26,
5,
0,
79,
7,
0,
137,
26,
26,
30,
138,
1,
1,
5,
30,
30,
0,
30,22,
30,
139,
178,
0,
3,
9,
139,
2,
139,
139,
3,
3,
140,
83,
5,
83,
140,
12,
83,
83,
3,
1,
141,
30,
1,
25,
5,
1,
35,
56,
1,
30,52,
26,
130,
5,
0,
0,1,
31,
6,
14,
0,
143,
143,
1,
14,
14,
1,
14,
1,
11,
2,
56,
145,
0,
0,
122,
19,
2,
146,
25,
2,
25,
0,
146,
39,
2,
44,
11,
84,
0,
84,
147,
84,
147,
147,
1,
84,
147,
0,
8,
25,
8,
0,
39,
13,
6,
39,
13,
1,
19,24,
24,
5,
10,
24,
24,
149,
24,
20,
39,
19,
25,
25,
39,
13,
8,
18,
18,
5,
5,
151,
84,
14,
19,
1,
84,
19,
151,
20,
17,
0,
17,
0,
20,
20,
96,
2,
20,
153,
153,
153,
153,
153,
153,
153,
153,
153,
153,
0,
56,
0,
103,
9,
103,
0,
31,
154,
19,
83,
0,
0,
0,
3,
56,
83,
0,
83,
83,
3,
53,
3,
0,
2,
56,
0,
4,
5,
0,
22,
30,
0,
30,
30,
5,
22,
83,
83,
3,
1,
17,
5,30,
18,
18,
110,
18,
18,
5,18,
18,
14,
160,
160,
14,
160,
14,
160,
160,
14,
160,
26,
14,
5,
0,
5,
35,
5,
11,
135,
5,
5,
5,
162,
5,
162,
10,
162,
5,
162,
162,
35,
0,
49,
0,
1,
0,
75,
5,
64,
0,
75,
75,
1,
19,
1,5,
2,
2,
2,
2,
57,
2,
53,
64,82,
0,
0,30,
30,
22,
30,
22,
22,
22,
22,
30,
11,
56,
25,
11,
43,
25,
0,
25,
56,
5,
25,
3,
5,
30,
25,
25,
2,
0,
1,
0,
169,
18,
19,
41,
14,
169,
132,
19,
13,
103,
170,
2,
76,
0,
0,
2,3,
0,
0,
38,
38,
5,
26,
5,
1,
14,
5,
92,
0,
1,
0,
0,
0,
0,
13,
24,
49,
0,
0,
8,
57,
8,
123,
0,
130,
1,
39,
12,
79,
4,102,
0,5,9,
79,
5,
174,
5,
12,
0,
0,
5,
5,
48,
10,
5,
10,
4,
5,
2,
25,
0,
92,
0,
0,
3,
0,
2,
2,
6,22,
0,
178,
30,
52,
126,
22,
30,
5,177,
30,
0,3,
0,
178,
178,
178,
178,
2,
178,
0,3,
178,
1,30,
5,
30,
52,
2,
36,
0,
91,
110,
6,
20,
5,
0,
139,
74,
14,
19,
92,
2,92,
14,
14,
84,
92,
14,
181,
55,
182,
55,36,
31,
11,146,
31,
36,
2,
55,
36,
2,
2,
2,
55,36,
2,
36,
22,
36,
184,
184,
184,
184,
184,
184,
184,
184,
184,
184,
56,
0,
17,
6,
8,
17,
18,
0,
0,
0,
0,
10,
0,
0,
186,
186,
0,
0,
8,
3,
147,
5,
178,
2,
178,
178,
0,
5,
49,
4,
0,
19,
188,
0,
0,
4,
14,
189,
143,
22,
1,
18,
84,
33,
84,
5,
147,
18,
18,
14,
189,
84,
147,
147,
84,
102,
11,
189,
11,
191,
39,
33,
21,
0,
21,
0,
0,
0,
75,
73,
9,
64,82,
57,
64,82,
73,
9,
9,
4,
4,
14,26,
14,
5,
1,18,
43,
5,
35,
26,
5,102,
30,
83,
3,
17,
3,
83,
57,
108,
83,
0,
178,
196,
0,
2,
0,
196,
0,
0,
53,
0,
2,
0,
26,
2,
2,
1,25,
14,49,
24,
0,
19,
0,
0,19,
14,
132,
50,
39,
148,
92,
3,
3,
3,
19,
0,
0,
178,
0,
0,
3,
