0,
0,
0,
0,
0,
0,
0,
0,
0,
0,
1,
1,
1,
1,
1,
1,
1,
1,
1,
1,
2,
2,
2,
2,
2,
2,
2,
2,
2,
2,
3,
3,
3,
3,
3,
3,
3,
3,
3,
3,4,6,
4,
4,
4,
4,
4,
4,
4,
4,
4,
4,
5,
5,
5,
5,
5,
5,
5,
5,
5,
5,
6,
6,
6,
6,
6,
6,
6,
6,
6,
6,
7,
7,
7,
7,
7,
7,
7,
7,
7,
7,
8,
8,
8,
8,
8,
2,9,13,8,
8,
8,
8,
8,
9,
9,
9,
9,
9,
9,
9,
9,
9,
9,
10,
10,
0,4,9,10,
10,
0,10,
10,
10,
10,
10,
10,
11,
11,
11,
11,
11,
11,
11,
0,9,13,19,25,11,
11,
11,
12,
12,
12,
12,
12,
12,
12,
12,
12,
12,
13,
0,13,19,
13,
13,
13,
13,
13,
13,
0,2,3,4,5,9,13,19,
13,
14,
14,
14,
14,
14,
14,
14,
14,
14,
14,
15,
0,9,19,56,69,6,15,11,85,
1,35,15,
1,14,35,15,30,31,34,41,
7,35,15,9,31,
0,15,
15,
1,5,9,10,14,56,15,31,
1,9,35,15,
0,9,14,15,
16,
2,16,30,6,22,38,7,36,
16,7,30,36,60,
16,30,36,
16,
16,
0,2,25,6,16,22,33,38,53,54,58,71,81,107,113,
16,6,
0,7,16,12,8,42,102,
16,
17,
5,10,6,17,
17,
17,
17,
17,
17,
17,9,
17,
17,
18,
18,
18,
18,
18,
18,
18,
18,
18,
18,
19,
19,
19,
19,
19,
19,
19,21,
19,
19,
19,
20,
20,
20,
20,
20,
20,
20,
20,
20,
20,
21,
21,
9,21,
0,1,5,9,13,19,21,32,75,46,29,114,
0,3,9,10,14,21,8,
21,
21,32,75,132,59,
0,9,19,21,
21,
22,
22,
22,
22,
22,
22,
22,
22,
22,
22,
23,
2,4,5,6,22,18,7,64,30,23,
6,7,30,23,22,
10,
2,22,33,18,23,64,
22,
10,
2,6,
7,23,22,60,
0,24,
24,
24,
24,
0,25,8,24,
0,10,24,26,
24,
24,
24,
24,
25,
0,25,
25,
25,
25,
0,25,
25,
25,
25,
25,
26,
26,
26,
26,
26,
26,
26,
26,
26,
26,
14,27,
27,40,
27,
0,9,10,19,15,42,85,27,40,65,
14,27,
0,1,3,4,5,9,14,6,27,8,
14,15,27,40,42,143,
0,4,5,9,10,19,125,12,27,8,15,42,102,40,85,31,65,
0,14,87,125,27,195,8,15,120,48,72,40,61,
14,40,27,
4,5,9,10,7,6,8,51,17,28,
6,
3,4,5,10,6,8,11,28,
6,4,5,8,10,9,28,148,
4,5,6,8,10,28,
4,5,7,6,8,51,37,28,
6,81,4,8,10,24,28,13,14,26,149,
4,5,10,17,28,
4,5,6,8,10,24,26,63,28,13,14,149,
4,6,
43,29,
0,3,5,19,21,67,192,20,12,29,
13,19,21,29,
29,
0,5,9,14,29,
9,13,19,29,
29,
43,29,
29,
0,8,12,29,
30,
30,
30,
30,
30,
30,
30,
30,
30,
30,
31,
6,31,
2,3,9,6,30,31,
31,
31,
14,31,
9,31,40,
14,31,
9,6,31,
0,3,9,31,30,
4,5,
0,1,3,5,9,10,13,19,32,75,
32,
19,
0,1,2,3,4,5,9,10,13,19,44,6,12,32,8,24,42,
0,32,
0,3,13,19,21,32,75,188,
4,
0,3,13,19,21,32,75,114,188,
0,13,19,21,32,24,75,11,188,
6,33,58,
0,2,5,9,13,19,6,33,58,11,39,46,146,166,
5,2,6,33,11,9,39,166,
33,
5,9,33,11,
0,1,5,9,13,7,6,11,39,33,146,166,
11,
5,9,13,6,11,39,
5,9,13,7,6,11,39,33,146,166,
33,58,
34,
34,
0,5,14,161,34,47,
14,34,
34,
1,4,5,18,30,34,190,
1,5,14,18,161,34,190,47,
34,
30,34,
35,
35,
35,
35,
35,
35,
35,
0,35,
35,
7,35,
1,2,5,7,25,6,16,22,38,54,55,71,36,94,88,
7,2,22,30,36,
7,6,22,38,55,71,30,36,94,88,
36,
1,2,5,7,35,6,22,38,71,30,36,94,88,
0,7,22,36,
2,7,25,35,6,22,38,71,30,36,94,88,99,
7,30,36,
0,7,22,36,
1,5,7,35,6,22,38,94,30,36,88,
4,5,6,8,51,7,11,37,
4,5,6,8,51,7,11,37,28,
6,
5,
5,6,26,37,63,
4,5,18,57,6,8,51,11,37,28,148,
5,7,6,8,11,17,37,51,
5,6,26,37,
5,6,26,37,63,
5,
0,4,9,10,44,7,6,38,
38,
0,2,5,9,10,19,38,
3,10,30,38,
38,
0,4,9,10,14,38,8,24,
0,2,38,58,81,92,
0,2,38,
38,
38,
0,2,9,13,8,39,
39,
9,13,11,39,
39,
39,
11,39,
39,
9,13,11,39,
0,13,8,11,39,
39,
40,
14,40,
14,40,27,
0,14,87,97,125,143,12,27,195,15,42,102,40,120,
0,3,5,9,14,19,7,80,6,15,83,161,40,
14,40,27,
14,27,40,
14,
40,
14,40,
41,
41,99,
41,
41,
41,
41,
77,41,
41,
41,99,179,
0,1,4,5,9,10,19,44,6,11,8,15,24,42,83,102,
9,7,42,
9,
0,42,102,
9,
0,8,42,102,
0,10,6,15,42,83,102,
0,4,5,9,10,6,8,15,24,42,83,102,
42,
43,
43,
43,
43,
43,
43,
1,5,7,43,6,22,30,
43,
43,
43,
11,
0,4,5,10,44,6,
0,1,4,5,9,13,19,44,6,51,
0,2,5,9,13,19,44,6,11,
5,6,44,
0,1,4,5,10,44,16,24,42,68,133,
0,1,4,5,13,19,44,18,25,6,16,12,57,8,24,133,175,63,
0,5,9,13,44,11,16,6,
5,9,13,44,6,11,
0,1,5,9,13,19,44,7,11,
1,5,7,43,45,6,30,
1,
1,
1,
1,5,7,43,45,
1,5,43,45,
0,1,5,7,43,45,
1,
1,
1,5,7,43,45,6,
0,9,13,19,46,76,188,
0,9,13,19,46,
19,
19,
0,19,46,
19,
19,
0,13,19,21,29,46,112,
0,9,13,19,21,75,46,76,84,112,
0,19,21,29,46,
34,47,
14,48,72,61,47,
0,1,5,14,18,6,8,12,26,63,133,161,162,72,40,34,61,47,
7,6,30,72,14,47,
14,15,47,
9,47,
0,14,47,
0,5,9,14,6,8,15,102,12,26,161,72,34,47,
1,35,15,30,47,
5,14,30,6,8,161,48,72,31,47,
48,
0,4,5,9,14,6,8,15,42,68,102,48,
8,48,
48,
48,
48,
48,
48,
48,
14,8,48,
0,14,49,
0,2,9,10,13,14,19,21,49,67,69,100,
49,
0,
0,14,49,87,97,125,
0,14,49,87,97,125,
0,14,49,87,97,125,
0,14,49,87,97,125,
0,
0,9,10,77,
50,77,
77,50,10,
50,
7,50,
6,31,7,9,30,50,
10,50,
5,9,6,7,11,39,50,
7,30,31,50,
7,6,8,9,50,
4,
6,
0,4,57,6,8,42,51,68,102,175,
4,5,6,51,89,
4,30,6,51,7,178,
0,1,2,3,4,5,19,6,12,8,51,
4,5,6,51,
4,5,
4,
7,52,
5,6,7,52,
7,52,
52,
52,
52,
52,
52,
7,52,
52,
53,
53,
53,
53,
53,
53,
53,
53,
53,
53,
54,
0,2,4,5,9,14,18,6,54,8,17,48,72,61,
54,
54,
0,2,4,5,9,10,18,6,54,8,15,51,11,73,
54,
54,
0,2,14,6,22,54,
54,
2,54,61,
25,2,55,
55,
25,55,
2,25,55,
2,55,
2,55,
55,
0,55,
2,25,55,
0,2,14,25,6,38,54,55,81,92,103,113,128,135,
56,
0,56,
0,56,7,
56,
56,
0,2,9,10,56,6,7,11,
56,
9,56,
56,
0,2,4,5,9,10,13,14,56,67,6,8,24,
4,57,
57,
4,57,
4,57,6,
4,57,
57,
57,
57,
3,4,57,
57,
0,2,5,13,25,6,16,33,58,11,39,146,
58,
1,2,5,13,6,58,11,39,146,
13,58,11,39,
0,2,5,9,13,20,33,58,11,39,46,
2,58,
13,11,58,39,
58,
58,
58,11,39,13,
4,51,
0,1,4,5,18,35,163,59,
0,8,59,
1,5,9,59,
4,15,51,163,35,59,
0,1,15,59,
1,35,52,
1,5,7,18,35,15,163,59,
1,4,5,7,18,35,43,138,6,15,51,52,132,177,30,31,36,94,22,126,59,
0,1,15,59,
60,
60,
60,7,91,
60,
60,7,
0,60,7,6,22,
60,
60,6,
0,5,56,60,7,36,91,
60,
61,
0,4,5,10,14,19,7,6,8,11,61,
0,61,
61,
14,61,
0,2,4,5,9,10,14,6,16,22,38,54,81,8,18,51,57,165,37,30,185,23,61,
14,61,
14,4,12,8,10,15,24,68,48,61,
0,1,4,5,10,18,6,61,
61,
62,
108,7,62,41,99,
14,12,62,
108,5,62,
14,12,62,
3,5,14,8,62,
3,14,12,108,62,
1,2,5,6,94,62,
3,108,62,
3,14,12,108,62,
12,
12,63,
14,5,8,12,63,48,72,96,
14,4,3,12,63,
5,63,
63,
0,1,3,5,10,6,63,
63,
12,
5,10,14,63,
1,5,64,22,
4,5,18,64,
64,
5,18,6,64,54,22,73,82,
18,64,
64,
64,
18,64,
5,18,6,64,
64,
0,9,10,20,15,42,85,65,
13,
65,
65,
65,110,
0,9,10,120,65,
65,110,
0,10,65,
65,110,
0,9,21,65,
9,56,
0,1,2,4,5,9,19,56,60,7,6,54,66,104,167,93,
1,2,5,9,10,56,7,6,66,36,
0,2,3,5,9,10,19,56,6,20,54,66,7,104,93,
1,5,9,56,7,6,66,30,36,50,183,
0,2,4,9,6,20,54,66,
56,
0,2,20,53,54,66,113,
66,
0,2,56,6,54,66,
4,5,14,67,48,
14,67,48,
1,2,3,4,5,9,14,21,56,60,67,69,7,6,32,132,
2,9,67,6,
0,2,5,13,14,67,69,8,48,114,
48,67,
0,14,67,48,144,
0,13,14,19,21,67,48,112,114,
67,79,
67,
0,9,10,13,14,19,6,68,11,
11,4,5,6,8,51,68,48,
0,14,67,6,68,
48,68,
68,
68,
68,48,
0,6,24,42,68,83,102,
2,6,10,68,9,
6,10,42,68,102,9,
69,6,
9,69,
0,9,19,69,
69,
0,2,9,19,69,6,
0,69,
9,69,8,
69,
0,2,13,69,6,
13,69,
0,2,3,4,9,56,70,87,172,6,
0,4,70,
70,
70,
0,1,2,3,4,9,56,70,87,172,6,
2,3,70,53,
2,3,70,53,93,
70,
2,3,70,53,
70,
6,38,71,
38,
38,71,
30,
6,22,38,71,
38,71,
9,10,6,22,38,71,57,7,177,30,36,35,88,166,
0,7,35,6,22,38,71,177,30,88,99,
7,6,38,71,30,36,88,
38,71,
6,
6,
4,18,193,
6,
72,
4,5,9,129,11,30,6,8,15,18,7,52,28,48,72,178,185,
4,5,6,51,133,37,
73,
0,1,4,5,9,56,7,80,6,15,83,73,
73,
73,
73,
4,5,18,73,
0,5,9,6,11,73,
4,5,10,73,
73,
73,
20,74,
20,74,
9,20,131,74,
13,74,
0,2,9,13,19,6,74,
0,13,69,131,74,
52,74,
8,74,
0,9,13,19,74,
0,74,
0,14,19,75,114,
5,18,75,
0,75,
4,14,75,
75,
75,
75,
75,
75,
75,
0,5,13,19,76,
0,76,
0,5,76,
0,9,13,19,21,75,76,
0,76,
0,9,76,
0,13,19,21,103,76,
0,5,76,
0,9,76,
0,2,4,76,
2,44,7,38,58,50,
13,77,
0,2,5,9,6,77,30,
2,77,
0,58,11,39,77,
77,
77,
77,
77,41,
77,
3,4,53,57,78,94,108,130,199,
15,160,
78,
30,34,78,
15,160,
30,
35,6,38,78,30,31,99,
78,30,
30,
79,
79,
13,14,143,79,85,84,181,
5,9,6,30,79,
5,18,79,
14,79,84,
79,
14,5,79,48,174,
79,
11,4,6,8,48,79,
0,1,2,3,4,10,14,186,80,6,16,38,24,121,
38,
1,4,5,18,80,
0,1,7,80,
0,1,4,7,80,6,8,
0,1,2,4,5,9,10,19,56,7,80,6,8,17,
38,
0,1,2,4,6,38,
80,
0,9,10,19,80,8,
0,2,4,5,10,13,14,70,6,16,54,81,24,51,63,28,61,
81,
0,2,4,5,13,14,19,70,197,81,8,24,26,63,
81,
0,1,4,5,13,14,70,100,81,8,24,
0,2,3,4,9,70,6,16,20,81,
81,
14,81,
81,
81,
1,4,5,18,43,6,64,109,82,
5,18,82,
4,5,7,18,6,10,73,82,
4,5,18,6,82,
1,4,5,18,35,43,6,22,17,64,30,82,
0,4,5,18,25,16,22,64,109,82,
0,1,4,5,7,18,22,73,82,
0,2,5,18,6,11,64,73,82,
1,4,5,7,18,6,16,22,8,51,11,17,37,64,82,
4,6,82,
0,3,4,5,9,10,14,44,6,8,24,83,155,
83,
83,
0,1,3,4,5,9,10,14,19,44,125,6,53,12,15,42,83,102,
83,
0,3,4,5,10,44,6,12,8,15,42,83,102,155,
83,
83,
0,1,3,4,5,9,10,14,19,44,12,6,8,24,42,83,102,133,155,158,
83,
0,13,19,25,8,84,
84,
84,
84,
0,1,2,5,13,25,6,84,
0,13,25,84,
0,1,2,9,13,19,25,6,8,11,39,84,
4,5,9,13,18,6,8,84,
84,
0,2,53,107,84,
0,9,19,6,15,42,102,85,
9,
0,9,8,85,
85,
9,6,15,31,85,
0,9,14,19,8,11,85,
85,
0,4,5,9,10,13,14,19,69,6,8,15,42,83,102,85,40,
85,
0,5,9,19,69,6,15,42,83,102,85,
41,
0,14,87,97,125,8,12,41,
86,
14,
41,
14,41,86,
14,35,86,
41,
1,5,35,86,6,12,
86,50,41,
87,
0,14,87,97,125,12,8,15,26,40,62,
87,
0,87,
0,87,
0,14,87,97,125,143,128,12,27,78,195,8,15,102,26,48,72,120,62,40,160,181,194,
87,
70,
0,2,3,4,14,56,70,87,172,18,6,12,8,15,102,26,93,
0,56,87,93,
69,74,88,
88,
0,2,9,13,21,69,100,20,25,55,74,88,
88,
0,2,19,21,69,100,20,74,88,
74,88,
88,
6,88,
88,
0,1,4,5,9,7,18,35,6,177,88,
0,1,3,4,5,9,10,44,6,8,24,11,
4,5,6,51,
0,1,2,3,4,5,44,18,25,6,16,8,24,42,51,133,
0,3,4,5,57,6,8,16,51,89,30,35,59,
4,5,6,51,89,
1,4,5,51,
51,
4,5,6,51,
1,4,5,7,18,25,45,2,6,54,81,51,11,89,
9,90,
3,5,9,10,14,31,6,30,
0,9,90,
12,90,
90,9,
90,
10,14,90,
4,12,10,90,9,
90,9,
0,4,9,12,90,
1,5,7,6,30,31,36,91,
0,4,5,7,6,8,11,30,91,
36,91,
1,5,9,7,6,30,91,
91,
1,5,7,6,91,
1,5,9,56,7,6,31,36,91,
0,5,9,56,7,36,91,
5,6,7,9,91,
1,5,7,6,91,
2,92,
0,2,25,6,20,55,58,81,92,
25,92,
2,
2,25,92,
2,92,
2,58,92,
0,2,14,25,6,55,92,
0,2,25,6,16,20,22,33,53,55,58,92,
0,2,4,25,6,92,
0,5,14,70,87,26,171,93,104,
0,5,9,14,56,70,7,104,93,
70,93,
5,
26,
26,
0,1,4,5,25,6,12,8,75,
94,
94,
0,3,4,94,130,
1,2,141,94,30,
7,35,138,94,30,36,
1,2,13,94,
1,5,141,8,94,
94,
94,
0,1,5,9,10,14,19,6,
0,1,2,3,4,5,10,13,14,19,100,81,24,
14,5,6,8,
95,
95,
1,2,4,5,13,14,
95,
9,14,100,95,
0,1,2,3,4,5,9,10,13,14,19,100,6,24,
24,116,
96,
5,9,7,6,96,
96,
96,13,
96,
96,
6,7,9,96,31,19,20,
96,
96,
5,6,96,
0,1,3,4,5,9,10,13,14,19,56,67,97,186,
13,
0,1,2,5,13,25,6,89,146,
0,1,2,5,9,13,14,97,6,
0,2,5,13,97,6,25,33,55,92,11,89,146,167,
0,1,2,4,5,9,10,13,19,44,56,97,125,6,
0,1,2,13,25,6,55,92,89,146,
0,1,2,5,9,13,14,44,97,6,113,
0,
0,2,3,4,5,14,97,125,
1,4,14,30,34,
0,5,9,56,7,80,11,
4,5,9,14,18,6,30,72,47,
80,
0,1,4,80,
0,4,5,9,80,
2,4,14,6,30,
0,1,25,80,
0,9,10,6,20,7,80,
3,4,108,99,
3,78,94,108,99,
6,94,99,
99,
99,
99,
2,35,31,99,
7,99,
7,78,30,31,99,
0,4,8,99,
100,
4,5,14,100,6,8,
100,
9,100,
100,
100,
100,
100,
100,
100,
0,19,101,
19,75,101,114,
180,
74,101,
0,15,42,102,
0,8,15,42,102,
0,15,42,102,
0,15,42,102,
0,42,102,
15,102,
0,15,42,102,
0,15,42,102,
0,15,42,102,
0,15,42,102,
0,9,13,19,6,103,84,
103,
103,
0,103,
0,2,9,13,19,103,84,
0,103,
0,5,6,103,8,84,
103,
103,
0,13,103,
0,14,49,7,26,104,
0,2,5,9,100,24,104,
0,9,14,49,56,26,104,
26,
26,
26,
0,2,9,104,
0,5,56,18,26,104,
0,26,104,
5,26,
0,9,50,
2,6,77,
60,
25,11,8,39,13,19,106,
106,
0,4,5,12,106,
0,13,19,25,11,39,106,
12,96,29,106,
13,19,106,
0,9,13,8,11,39,20,106,
0,5,8,106,
0,106,
13,
151,
0,2,9,10,6,16,107,113,176,
107,
1,3,5,18,147,107,127,
4,5,143,147,6,16,107,3,12,127,8,26,151,14,84,
5,127,
4,12,127,
0,13,147,107,8,84,
0,1,2,3,4,5,13,14,19,147,6,107,8,
107,
3,4,5,14,12,57,108,17,63,96,174,
14,12,108,
0,14,12,108,
0,3,5,10,14,12,108,8,15,17,63,96,
3,5,10,14,12,108,17,63,96,174,
0,3,12,108,
3,4,10,14,12,108,17,63,174,
0,3,12,108,
3,4,6,12,57,108,
3,14,12,108,
4,5,6,8,18,51,158,165,109,54,61,82,
6,8,72,14,109,
109,
4,5,6,
109,
2,6,54,23,61,82,109,
6,109,
110,
13,110,
0,13,110,
13,110,
13,
0,13,39,110,
110,
110,
110,
110,
1,4,5,18,22,111,
0,1,4,5,18,6,8,24,11,111,
24,111,
1,4,5,18,6,8,63,111,
0,1,141,147,94,127,111,30,
1,18,111,
94,
1,4,5,18,34,22,111,
0,1,4,5,18,111,
1,18,22,111,
0,9,112,
0,9,13,19,152,112,
100,112,
112,
10,68,112,
20,112,
112,
2,112,
20,112,
112,
6,16,113,
0,2,5,25,6,16,22,54,81,113,
0,6,16,113,
113,
0,6,16,113,
0,16,113,
0,6,113,
0,6,16,113,
113,
0,1,4,5,14,18,25,6,113,8,
5,151,
0,13,75,114,
8,48,
0,5,13,14,19,21,8,181,114,
19,
0,2,13,14,19,181,151,
48,
0,13,19,21,32,75,114,188,
4,115,
4,68,115,
0,4,14,67,6,8,68,102,48,
0,4,5,18,8,11,79,115,
0,2,4,5,9,10,56,7,6,51,48,104,
0,4,5,14,7,6,15,115,
0,4,5,10,14,6,8,15,42,68,48,
0,4,5,56,7,18,6,15,11,115,
4,5,18,79,115,
6,8,116,
14,8,116,
0,1,3,4,5,44,8,116,
5,8,15,116,
0,9,10,14,19,8,15,42,102,116,
5,9,15,116,
0,15,116,
0,1,5,9,14,35,118,6,8,15,42,31,116,
0,14,8,116,
0,5,14,19,6,8,15,116,
0,21,43,46,75,117,
43,
0,117,
6,
43,
43,117,
74,
19,
0,118,8,
0,1,3,4,5,118,6,8,
9,118,31,
0,118,8,
118,
0,118,
0,1,3,4,9,14,118,8,
118,
14,118,8,9,
0,118,
1,5,7,25,35,52,132,177,119,
30,6,7,119,
35,31,78,94,30,6,119,
4,3,32,75,22,119,
32,
6,7,132,31,119,
1,3,4,32,75,22,119,
2,22,119,
32,
35,94,6,30,38,99,119,
131,20,120,4,5,6,8,10,15,9,13,85,19,31,65,
0,9,13,19,69,100,131,
120,
120,
120,
0,120,
0,4,9,10,13,19,21,69,186,20,120,6,8,85,65,38,
120,
0,9,14,87,97,120,8,15,42,102,85,40,84,
120,
14,121,
121,
2,7,6,38,71,145,121,
121,
14,121,
121,
121,
0,4,5,9,14,49,87,97,125,128,6,81,8,48,72,40,122,181,
122,
122,
122,
0,14,128,81,122,
122,
14,
14,
0,4,14,19,75,122,
14,122,
4,
5,123,
0,3,4,9,57,8,123,
0,5,6,8,
4,
4,173,8,123,
0,1,2,3,4,5,9,13,44,6,8,
4,
5,123,
4,
0,2,5,9,7,25,6,22,38,124,
0,2,4,6,22,38,53,71,124,176,
35,30,
0,2,7,22,53,81,107,124,128,145,
124,
124,
0,124,
124,
30,41,124,
0,14,125,
0,14,125,
14,
0,
0,14,125,
0,13,125,8,
0,
0,14,125,
0,14,125,
0,14,125,
1,5,43,64,95,126,
43,
7,35,138,6,22,52,132,177,30,126,
1,30,126,
1,5,7,43,6,30,126,
1,5,43,45,126,
126,
1,5,7,43,45,6,64,95,126,
1,126,
1,7,123,126,
5,127,
0,3,5,14,107,127,
5,127,
0,1,3,4,127,
12,127,
127,
0,1,3,4,5,14,87,125,18,192,12,108,127,8,175,26,63,137,161,62,153,
107,3,12,108,127,5,17,63,153,
0,5,12,127,
127,
128,118,31,116,
128,118,31,8,116,
128,
14,128,
0,128,118,
14,128,8,15,48,
14,128,78,8,
0,5,9,14,19,128,8,15,
128,
0,5,14,87,97,125,143,128,8,42,102,48,27,
0,7,35,6,22,94,177,30,129,
2,7,6,129,30,
0,7,6,30,129,
129,
7,35,138,2,6,22,52,177,30,36,129,
129,22,94,7,52,132,
129,
7,6,30,129,
3,129,16,157,163,
7,35,6,22,38,129,30,52,132,177,36,119,
0,3,130,
0,3,4,9,57,130,
130,
130,31,7,
0,130,
130,
3,130,57,
130,
0,9,130,57,
130,
9,21,49,100,131,20,74,
0,9,13,69,131,74,
131,74,
0,9,13,19,100,131,20,74,
21,49,100,131,20,74,
9,131,20,
20,
0,9,13,19,69,131,20,74,
0,2,9,13,69,131,74,
131,20,74,
132,
132,
132,
132,
132,
132,
9,7,6,132,
132,
6,22,7,132,31,
132,
5,
6,133,
4,5,6,51,133,7,37,
4,5,6,51,133,7,11,37,
6,133,
5,6,7,8,37,51,133,
4,5,6,8,51,
6,133,
0,5,18,134,
0,
90,
0,5,49,56,6,17,104,
0,5,56,7,26,104,93,
0,5,9,56,70,104,20,
18,26,104,
40,
40,
0,9,10,135,40,31,41,
40,27,
14,40,
14,
40,
0,5,27,8,15,42,102,40,
14,54,5,18,
2,20,136,
0,4,18,54,
14,5,18,54,82,
2,136,
2,136,
5,137,
0,4,5,14,67,6,8,68,175,137,48,
0,5,137,
0,2,4,5,9,14,67,6,12,8,15,102,175,26,137,48,
8,48,
48,
0,1,2,4,5,9,10,13,19,56,125,25,6,8,48,39,
8,
8,
0,
30,
138,
7,138,6,22,94,52,177,30,31,129,
7,35,138,129,30,6,52,177,31,36,94,22,
129,
30,
7,35,138,129,30,94,6,52,132,177,31,36,22,38,126,
0,1,4,5,7,18,43,45,80,138,6,12,8,175,26,63,
30,
7,138,22,129,30,31,36,
136,139,
53,139,
0,139,
0,2,53,139,
0,139,
139,
2,3,70,139,
53,139,
139,
139,
0,3,4,12,
0,1,3,4,5,195,8,42,102,140,
4,
0,1,3,4,5,10,14,12,108,195,6,8,83,133,17,26,72,140,
3,4,9,57,195,6,83,155,158,17,140,
0,14,195,8,15,83,102,140,
0,1,2,3,4,5,9,14,6,12,195,8,83,17,140,
0,3,4,9,10,14,19,69,87,125,12,195,15,83,102,17,40,65,61,140,
0,3,4,44,6,42,83,102,140,
0,3,4,9,10,14,44,69,12,78,108,195,83,155,158,140,
0,1,4,5,7,35,141,6,12,8,17,52,63,
1,7,141,
0,1,4,5,7,141,12,6,8,52,
0,1,4,5,18,35,141,6,8,
0,1,4,5,141,
1,5,18,141,
1,
0,1,5,7,35,80,141,6,52,
0,1,4,5,7,18,25,35,43,141,147,6,12,127,8,11,63,89,
0,1,4,5,18,25,35,43,45,138,141,147,6,
6,31,
14,31,
0,9,142,
3,31,4,57,30,142,
0,9,31,7,142,
31,
31,142,30,
0,9,
143,
0,1,4,5,18,143,189,
14,143,27,
0,143,8,15,102,26,27,
0,143,12,27,42,102,26,
143,189,
143,
143,
143,
143,
6,
0,2,6,20,54,81,92,113,128,135,145,
0,2,145,
0,2,16,55,81,145,
2,
2,
0,2,128,81,145,
2,
0,2,6,145,
0,1,6,
0,1,2,5,13,25,6,55,11,146,94,
0,2,5,13,6,11,146,
0,1,2,13,25,6,146,
0,2,5,13,146,
0,1,2,13,25,6,146,
0,1,2,13,25,55,89,146,
0,2,5,9,6,11,39,146,
1,2,13,6,146,
0,2,5,13,6,11,146,
147,
0,1,2,3,5,9,18,147,
147,
147,
147,
147,
147,
0,1,2,3,9,18,147,127,
147,
147,
0,2,4,5,9,10,19,6,8,15,11,148,
4,5,9,10,6,8,11,148,
13,
1,2,3,4,5,9,69,7,25,6,8,11,132,148,39,
0,2,4,5,9,10,13,6,8,11,48,148,
9,148,
2,6,25,8,30,148,7,11,
2,4,5,9,6,8,11,132,28,48,148,118,
13,
13,
5,
0,4,5,13,19,6,149,
4,5,10,24,149,
4,5,6,
4,5,10,13,24,149,
24,
4,10,13,149,
1,4,5,6,16,24,42,51,149,
0,4,5,10,14,8,16,24,51,133,12,26,149,
4,10,68,149,
0,2,13,19,8,11,150,
13,8,150,
0,13,11,150,
0,19,8,150,
9,150,
13,
14,8,116,
150,
5,18,150,
5,151,
13,19,147,107,151,84,190,
151,
151,
84,
84,
151,
151,
0,
0,1,5,9,19,32,75,151,29,84,114,
20,9,152,
96,
0,9,152,
12,6,9,17,96,10,19,20,29,152,
0,20,17,152,
9,21,152,
0,9,21,20,152,
0,152,
2,17,152,
0,9,19,20,152,
14,153,
153,
14,12,153,
153,
14,12,153,
14,12,153,
14,12,153,
14,153,
153,
14,153,
0,4,9,10,14,19,56,6,154,
0,5,9,19,154,
0,2,9,10,19,56,6,20,8,15,40,42,154,
0,2,9,14,19,21,103,154,75,84,
0,9,19,154,
0,9,19,154,
0,2,5,9,13,19,154,
0,9,19,56,6,20,15,27,154,
0,5,9,19,154,
0,2,3,9,13,14,19,21,154,
0,9,8,155,
0,69,8,24,155,
0,1,2,4,5,9,10,13,19,56,69,80,6,8,42,83,102,155,11,52,
0,19,8,155,
0,1,3,4,5,9,10,44,6,12,8,15,24,42,83,102,155,
0,9,19,69,8,24,155,17,
155,
0,2,9,13,8,24,155,
0,4,5,9,10,69,6,8,155,
155,
3,53,156,
53,
3,53,156,
0,2,3,4,70,35,53,156,165,
3,53,156,
0,3,4,9,56,53,156,15,
0,2,3,4,6,53,156,
0,1,4,5,44,6,16,57,8,24,42,102,133,157,
4,5,9,11,157,6,8,7,
0,1,3,4,5,9,10,44,6,8,157,
7,129,30,132,6,52,177,31,22,94,
1,3,4,5,10,16,30,157,57,6,51,75,163,
1,2,3,4,5,9,10,14,18,6,8,15,157,163,
6,
157,
6,
129,
6,16,4,5,18,57,158,165,
83,
4,83,158,
4,5,18,158,
83,
159,
18,159,
18,150,159,
110,159,
18,
0,159,
18,
18,
0,5,14,49,87,97,125,128,78,8,15,102,26,48,34,160,
160,
15,160,
15,160,
15,160,
0,14,49,87,125,128,78,8,48,160,181,
160,
160,
15,160,
15,160,
161,
161,
5,161,
0,5,9,14,19,8,12,85,
5,161,
30,14,34,35,161,47,
5,161,
8,161,
40,
0,5,8,12,26,161,
5,162,
5,162,
5,162,
5,162,
4,5,6,8,162,
0,4,5,10,14,6,54,113,8,162,61,
162,
5,162,
162,
162,
35,
0,1,2,4,5,9,18,6,57,51,163,11,
0,1,3,4,5,9,44,6,8,15,24,42,102,133,163,
0,
1,2,4,5,14,18,35,6,8,15,163,34,
1,5,9,14,15,163,
75,
4,75,22,164,
164,
75,
0,4,75,22,164,
2,5,60,18,75,
4,5,43,6,16,75,64,177,30,22,164,
4,19,75,22,164,
1,5,43,164,
54,
54,
0,2,4,5,6,16,54,18,165,64,109,73,82,
2,54,136,165,
0,4,5,6,16,57,8,51,158,165,11,
0,2,9,6,54,7,11,73,
2,165,
6,54,
0,1,2,4,5,9,6,16,54,57,42,133,163,165,11,
1,5,9,7,129,6,31,166,
30,
30,
7,129,30,6,52,177,31,36,166,94,22,38,
5,9,6,11,30,129,166,
11,33,166,22,
25,132,30,52,177,31,166,22,
7,6,22,129,30,31,166,
7,94,52,177,30,31,166,22,
11,
0,1,2,13,6,66,167,
1,5,56,167,
0,1,2,5,56,6,11,167,
0,1,4,5,7,18,43,45,8,51,89,171,167,
1,5,6,167,
0,1,5,60,6,22,95,167,
0,1,2,13,25,167,
0,2,5,56,7,167,
1,5,7,43,6,167,
1,6,167,
0,1,4,13,25,57,94,168,
1,2,4,5,18,25,6,16,8,51,30,
94,
1,3,25,35,168,
1,2,3,4,25,141,6,38,94,51,30,164,168,
1,4,18,35,94,
1,25,168,
0,1,3,4,5,18,25,12,57,127,8,16,51,175,168,
0,2,3,4,5,25,6,16,57,94,127,
14,169,
14,169,
29,169,
169,
14,12,169,
14,169,
0,2,14,97,125,7,35,143,6,22,124,30,72,166,12,15,34,41,78,160,169,77,
14,12,
14,8,
14,169,
57,170,
0,2,4,44,170,
0,2,10,20,25,170,
2,10,170,
0,1,2,4,9,10,13,19,44,6,8,24,170,
38,
3,170,
0,1,2,44,170,
38,170,
0,2,10,170,
0,1,4,5,26,
0,
5,26,171,70,87,
0,1,4,5,7,18,6,26,171,177,
0,14,56,87,62,171,
5,171,
0,1,2,4,13,19,56,7,25,167,171,
0,1,4,5,
5,
0,1,2,3,4,5,9,10,13,19,21,44,70,172,186,25,6,8,24,
0,1,2,3,4,5,9,10,13,19,21,44,60,70,172,186,
0,1,2,3,4,70,172,18,6,16,12,57,
2,3,70,
0,2,4,10,13,19,60,70,172,186,76,
0,
0,
0,
0,
8,
0,3,9,173,6,8,
173,
3,130,173,
9,
0,3,4,9,14,173,8,
9,8,173,
5,8,12,174,
5,12,6,17,63,174,
7,18,48,79,174,
42,
5,12,174,
14,84,174,
0,1,4,5,9,56,7,80,156,6,8,15,42,102,11,48,50,85,174,
48,174,
0,1,5,10,12,6,174,
12,5,6,10,96,14,62,153,174,
0,4,5,9,10,14,67,6,8,68,157,175,
4,
5,
1,4,5,18,6,8,16,51,133,175,
0,4,5,14,6,8,42,68,102,175,48,
0,4,5,9,10,18,6,57,8,42,51,68,102,175,
5,
4,
4,
0,4,5,6,8,16,18,51,133,175,
3,
0,3,25,53,176,62,63,24,
0,4,5,10,14,6,16,81,176,8,18,24,51,7,11,17,37,63,95,109,127,177,
53,176,
0,3,4,9,53,176,
3,176,
176,
3,53,156,176,
53,176,
0,6,16,176,
7,6,177,
0,1,2,22,177,30,
7,35,30,6,177,
30,177,22,
1,6,22,94,177,30,
177,
30,177,94,22,
30,177,22,
30,177,35,
6,22,177,30,
0,2,4,7,6,178,
2,4,6,178,
2,178,
0,2,4,9,6,178,
178,
178,
2,3,35,53,176,178,
2,3,53,178,35,
2,3,53,178,35,
178,
1,5,7,6,30,
2,5,7,6,91,
1,4,5,9,7,6,
179,
1,4,5,6,99,
1,5,7,6,91,
1,2,5,9,10,6,8,11,
179,
0,
179,
101,
1,4,5,7,18,35,2,6,16,22,8,17,52,64,132,177,30,180,
0,
199,9,136,18,101,180,
74,
181,
0,1,3,5,13,19,84,181,189,
0,2,16,6,25,53,54,92,103,107,113,176,
25,2,6,33,53,54,55,92,107,181,
181,
181,
13,19,103,107,84,181,
0,1,2,3,13,25,33,92,107,84,189,181,
181,
1,25,2,33,92,107,3,13,84,181,
55,
0,6,55,146,182,
0,182,
31,30,182,
182,
31,
2,55,
0,2,25,6,22,33,54,58,92,182,
2,55,
7,2,6,38,53,55,66,30,36,183,
7,22,38,71,30,36,
0,1,5,7,22,36,
30,6,7,36,
0,5,7,35,6,22,38,71,30,36,94,88,
7,6,22,38,71,30,36,88,
7,35,22,38,30,36,94,88,99,
36,
60,36,
184,
184,
184,
184,
184,
184,
184,
184,
184,
184,
6,
2,9,10,7,80,6,15,11,185,31,
9,
5,9,56,6,15,7,11,185,
6,
6,
4,5,9,6,8,51,7,11,37,28,185,
9,
9,
0,13,19,21,186,25,8,
0,
0,4,9,10,14,186,65,
0,
0,9,10,186,
10,21,186,65,198,
0,10,186,
0,4,9,10,186,
9,10,186,
2,4,6,54,57,30,178,187,
0,4,9,56,7,57,6,30,178,187,
2,3,147,107,187,
178,
178,
2,4,6,54,30,178,187,
4,147,2,6,53,3,32,57,165,178,187,119,
178,
0,1,4,5,9,13,19,44,125,15,42,102,188,
0,1,4,5,44,7,11,50,188,
0,2,4,5,13,19,44,76,188,
0,1,4,44,188,
44,
0,1,4,5,9,13,19,8,188,
4,44,11,188,
0,9,13,19,188,
0,5,9,13,19,6,188,
44,
0,13,189,
189,
13,189,
5,11,6,
0,1,2,5,13,125,18,25,8,189,
0,1,13,189,
151,19,189,
11,33,166,
13,84,189,
0,13,12,26,189,
147,79,190,84,
79,190,
190,
84,181,190,
0,84,
5,18,190,
0,1,2,5,14,6,8,11,190,
0,190,84,
79,190,
6,
11,
129,11,157,10,42,68,83,7,9,31,39,56,79,19,65,85,13,191,125,84,174,
5,9,13,6,11,191,
11,191,
6,5,11,9,191,
11,
21,
21,
0,19,21,29,
0,9,10,14,19,21,49,192,132,65,29,
3,4,5,10,14,12,108,29,62,153,
0,1,3,4,5,10,14,19,21,87,97,125,186,192,12,108,127,8,42,102,17,26,63,29,153,188,
0,
9,193,
9,15,35,193,
6,18,64,54,193,82,
4,5,57,6,8,51,72,
18,64,54,193,82,
5,18,6,193,
15,
4,9,15,35,193,
4,61,193,
15,
14,15,194,
14,
0,143,12,8,26,194,
1,5,43,6,126,
0,1,4,5,18,43,6,8,12,26,52,63,109,177,194,126,
1,3,4,5,8,194,
7,43,52,194,126,
194,
143,8,12,26,194,
1,5,43,6,126,
3,4,9,195,83,155,140,
0,1,3,4,5,9,6,16,8,83,155,
83,
0,3,4,9,56,78,108,127,195,
83,
3,4,195,
0,1,3,4,57,127,195,
4,83,
0,1,4,18,35,8,196,
1,7,18,35,6,22,177,196,
196,
1,18,101,196,
2,3,35,53,196,180,
53,
196,
196,
2,3,35,196,
3,35,53,196,180,
0,
0,2,13,197,25,24,
0,
0,2,3,4,5,10,14,70,186,197,81,8,15,24,42,102,26,95,194,
0,1,2,4,5,14,197,81,24,95,
2,9,69,197,55,74,88,
0,1,2,3,4,5,9,10,13,14,19,186,197,6,12,8,24,63,
0,2,3,4,5,10,14,186,197,81,12,8,24,102,26,
0,1,2,3,4,5,9,10,13,14,19,44,70,186,197,6,8,24,63,
0,1,2,3,4,5,9,10,13,14,19,44,56,100,186,197,6,
0,9,13,19,8,198,
0,9,13,19,21,8,
0,9,8,110,
0,13,14,21,67,8,48,198,
9,13,198,
9,
11,13,19,110,198,
13,
8,13,198,
0,2,3,4,38,53,107,199,
0,3,4,53,107,57,199,
0,3,4,53,107,12,57,78,199,
3,
0,1,2,3,4,13,25,6,38,53,107,78,94,195,199,
0,1,3,4,53,107,57,199,
3,
0,2,3,4,38,199,
2,199,
3,
