8,
4,
4,
4,
10,
6,
97,
13,
10,
4,158,
4,158,
4,158,
1,
4,
4,158,
0,
1,4,
1,
30,
4,158,
6,
156,
9,
6,
6,
6,
6,
22,
4,
2,9,
30,
3,
6,
3,
3,
3,
3,
3,
6,
156,
4,158,
4,158,
6,
165,
4,
156,
11,
6,
165,
6,
5,
6,72,
5,
14,
4,158,
5,
5,
4,
5,
8,
4,
9,
6,
9,
6,
6,
9,156,
156,
30,
6,
9,
31,
31,
31,
7,
38,
31,
31,
31,
31,
10,
8,
8,
0,8,
0,
13,
8,
8,
9,
6,
0,
65,
9,
10,
9,
9,
0,
19,
65,
10,
10,
14,
4,158,
48,
10,
10,
10,
10,
10,
10,
11,
11,
10,
13,
6,
6,
9,
13,
11,
11,
12,
12,
12,
12,
3,
3,12,
4,
3,12,
4,
4,
13,
0,
13,
74,
6,
13,
152,
76,
0,
13,
14,97,
14,97,
97,
14,97,
4,
4,
14,
97,
14,97,
4,
15,
9,
41,
4,
4,
15,
15,
65,
4,
10,
16,
6,
55,
16,
16,
4,
6,
4,
4,158,
30,
9,
10,18,
20,
6,
20,
20,
11,
11,
20,
20,
18,
18,34,
18,34,
34,
18,
34,
30,
16,
4,158,
18,
19,
0,
0,
0,
19,
0,
21,
0,
0,
13,
0,
152,
20,
152,
13,
20,
20,
20,
13,
9,
21,
21,
0,
65,
4,
21,
10,
11,
21,
36,
22,
30,
164,
31,
164,
30,
30,
30,
164,
4,
10,
31,
14,97,
22,
60,
10,
9,
36,
12,24,
6,
0,
24,
13,
24,
10,
24,
24,
13,
13,6,
6,
6,
2,
89,
16,
11,
6,51,
107,
6,
6,
8,
26,
8,
14,
8,
14,97,
14,
8,
0,
14,
14,97,
8,
9,
14,97,
8,
14,97,
65,
14,
14,97,
9,
6,
4,158,
19,
6,
10,
24,
4,10,
24,
31,
31,
21,
10,
29,
8,
0,
29,
95,
29,
10,
30,
30,
30,
30,
31,38,
30,
30,
31,
30,
30,
31,
4,
8,
31,
41,
15,
4,
14,
14,97,
156,
4,158,
65,
4,
19,
4,158,
32,
6,
0,
19,
4,
11,6,
6,
11,
6,
107,
6,
11,
11,
10,11,
166,
30,
14,181,
14,
34,
34,
30,
14,97,
30,
38,
30,
41,
41,
4,
4,
9,
4,
41,
35,
6,
6,
9,
30,
7,122,
4,
36,
62,
31,
31,
41,
51,
185,
11,
8,
51,
30,
51,
51,
51,
5,
9,
38,4,
6,38,
38,
38,
10,
6,
0,
38,
38,
10,
6,
13,
6,
6,
19,
19,
11,
13,
0,
9,
14,
14,
10,
6,
14,
14,97,
4,
9,
14,
195,
108,
41,
62,
4,
41,
14,
14,
99,
4,158,
9,
10,
9,
6,
42,
10,
4,158,
9,
95,
43,
43,95,
43,95,
1,
95,
31,
6,
1,
43,95,
89,
0,
10,
9,
6,
4,158,
6,
4,
10,
10,
1,
5,
4,
4,
9,
95,
1,
4,
10,
1,
19,
0,
0,
0,
13,11,
65,
0,
0,
0,
19,
14,
14,
8,
30,
34,
38,31,
14,
4,
99,
9,
14,
4,158,
48,
8,
4,
48,
4,
4,
8,
8,
14,
4,158,
97,
4,10,
10,
97,
10,
4,
6,
4,
77,
105,
10,
41,
9,
38,
9,
31,
6,
4,
6,
4,158,
4,
30,
4,158,
4,
4,
4,158,
31,
4,
31,
31,
6,
6,
31,
6,
31,
6,
53,
41,
53,
53,
53,
53,
53,
53,
53,
53,
54,
6,
10,
10,
4,158,
54,
54,
10,
54,
54,
2,
20,
2,
74,
2,
2,
2,
18,
2,
6,
21,
65,
65,
9,
65,
10,
9,
9,
0,
4,
156,
4,158,
156,
30,
30,
4,
4,
4,158,
4,
4,
11,
58,
6,
13,
46,
33,
65,
33,
22,
11,
4,
14,
10,
4,158,
4,
4,
41,
9,
41,
4,
91,
36,
7,
36,
9,
9,
60,
31,
7,
36,
61,
9,21,
61,
61,
14,97,
6,
14,
4,
10,
61,
62,
14,
14,97,
78,
14,
38,31,
3,
38,31,
14,
12,
3,
3,
6,
3,
6,
4,
14,
6,
12,
14,
30,38,34,
4,158,
54,
23,
4,158,
16,
54,
18,
4,158,
18,
65,
13,
13,
85,
65,
97,
0,
4,
13,
0,
9,
6,
38,
9,
38,
10,
9,
0,
9,
6,
11,
4,
0,
0,
6,
4,
4,
46,
1,
10,
11,
11,
8,
48,
8,
68,
68,
8,
9,
24,
10,
9,
0,
31,
156,
69,
8,
13,
10,
11,
156,
4,
0,
70,
165,
53,
53,
35,
183,
70,
30,
38,
2,
30,
30,
2,
31,
94,
31,
38,
9,
6,
15,
38,
72,
31,
5,
1,
6,
9,
23,
73,
30,
8,
4,158,
73,
73,
20,
69,
152,
9,
11,
69,
95,
8,
13,
11,
97,
34,
0,
4,
8,
101,
18,
8,
31,
30,
0,
46,
9,
0,
136,
10,
10,
19,
10,
10,
41,
110,
6,
121,
13,
9,
65,
13,
128,38,
13,
2,
118,160,
30,
31,
160,
30,
30,
30,
31,
30,
79,
84,
31,
34,
18,
79,
48,
79,
6,
4,
38,
1,
4,10,
4,
10,
38,
6,
38,
10,
4,
4,
4,
4,
4,
10,
14,
14,
81,
81,
4,158,
34,
23,
4,158,
18,
165,
1,
16,
30,
10,
10,
83,
4,158,
156,
4,158,
11,
4,
10,
10,
83,
6,
84,
107,
84,
6,
0,
6,
4,
84,
2,
9,
10,
84,
85,
9,
11,
85,
10,
13,
6,
62,
14,97,
14,195,
97,
99,
14,97,
4,158,
14,
4,158,
41,
87,
4,
8,
87,
87,
14,97,
87,
93,
4,
0,
74,
8,
46,
74,
95,
74,
11,
13,
74,
10,
0,
4,
4,158,
4,
4,
5,
4,
51,
6,51,
4,158,
8,
10,
10,
65,
14,
10,
10,
65,
10,
38,
6,
36,
13,
7,
4,30,
31,
31,
65,
38,
2,
6,
2,
0,54,
2,
2,
11,
13,
6,
9,
6,
9,
26,
8,
14,
8,
4,
94,
94,
3,
31,
31,
16,
118,
94,
94,
13,
4,
4,
4,
4,
8,
95,
14,
4,
11,
14,
9,
6,
30,
6,
6,
19,
6,
96,
6,
4,
5,
6,
6,11,
11,
4,
6,51,
4,
4,
4,158,
38,
0,
30,
38,
4,158,
4,158,
38,
14,6,
10,
4,158,
4,
38,31,
41,
108,
15,
4,
30,
30,
4,107,
0,
4,
15,150,
14,97,
100,
100,
15,
5,
15,
15,
0,
18,
180,
74,
4,
4,
4,158,
15,
4,158,
4,
4,158,
4,
4,158,
6,
6,
19,
0,
19,
19,
2,
8,
107,
107,
19,
14,
9,
4,
70,
14,
26,
0,8,
14,97,
11,
37,
9,
34,
60,
13,
152,
12,
0,
6,
0,
11,
4,
107,
74,
11,
156,
107,
3,
6,
127,
3,
14,
4,
107,
4,158,
3,
14,97,12,
4,15,
4,
3,
12,
165,
6,
3,
4,158,
4,
6,
4,
6,
54,
6,
13,
13,
13,
13,
13,
152,
152,
13,
105,
152,
18,6,
6,
13,
94,
94,
177,
94,
4,
4,158,
38,31,
0,
19,11,
46,
19,
9,
19,
104,
0,4,
20,
11,
4,
11,
6,
53,
4,
53,
6,
4,
16,113,
4,158,
4,
19,
8,
13,
0,
6,
4,
0,
68,
68,
6,
10,
9,
10,
4,158,
4,158,
4,158,
11,
13,
101,
6,
14,97,
80,
0,10,
4,
97,
97,
29,
6,
13,
31,
5,
1,
74,
19,
4,
4,
15,
4,62,
15,
195,
10,
118,
31,
31,
165,
30,
30,
4,158,
4,
31,
3,
38,
114,
30,
84,
13,
120,
120,
120,
2,
4,
120,
97,
120,
14,97,
14,97,
38,
14,
14,97,
14,
14,
6,
14,
14,97,
14,97,
14,
14,
14,97,
14,97,
4,
195,
4,158,
4,158,
9,6,
10,
4,158,
8,
0,
4,
4,
6,
9,
10,
30,
6,
30,
30,
2,
30,
99,
97,
97,
181,
6,
97,
13,
4,
97,
97,
4,
95,
95,
31,
31,
31,
1,
164,
1,
43,95,
31,
4,
195,
14,
6,
12,
3,
14,
14,
12,
14,
15,
118,
81,
14,
9,
4,14,97,
15,
97,
8,
97,
9,
30,
6,38,
30,
6,
30,
30,
6,
35,
30,
3,
53,
156,
41,
195,
3,
3,
9,
10,
10,
0,
74,
4,
152,
20,
20,
0,
13,
74,
14,
31,
30,
34,
34,
192,
6,
38,
6,
2,
5,
5,
5,
5,
5,
5,
5,
4,
5,
6,
10,
4,
8,
10,
26,
6,
15,
14,
15,
8,
14,97,
14,
8,
4,158,
4,158,
20,
15,
14,97,
15,
23,
4,
6,
8,
4,
48,
6,
11,
8,
4,
4,
30,
31,
30,
30,
9,
30,
30,
38,
30,
31,
136,
3,
14,
165,
195,
53,
6,
65,
6,
136,
6,195,
4,158,
4,158,
4,
53,
4,158,
4,158,
10,
6,
4,158,
4,
6,
4,
4,158,
4,
4,
4,
6,
6,
4,158,
41,
10,
19,
31,
9,
0,105,
31,
31,
143,
34,
14,
14,
14,97,
181,
143,
143,
143,
143,
31,
9,
6,
11,
6,
10,6,
14,
6,
6,
6,
80,
6,
6,
6,
4,6,51,
89,
9,
6,
4,
3,
10,
3,
13,
107,
4,
3,
8,
4,
3,
0,6,
9,
13,
9,
10,
9,
11,
9,
152,
13,
10,
4,
24,
4,
24,
24,
68,
24,
4,158,
4,
13,
13,
152,
152,
13,
13,76,84,
9,
6,
101,
5,
84,
4,
84,
84,
84,
84,
48,
6,
114,
11,
6,
9,
11,
69,
19,
9,
69,
20,
0,
97,
14,
14,
14,97,
14,
14,
14,
14,
14,97,
14,
9,
4,158,
10,
19,
19,
9,
84,
4,19,
10,
107,
101,
13,
4,158,
11,
4,158,
11,
4,158,
13,
10,
4,158,
165,
165,
53,
165,
165,
156,
165,
6,
9,
4,158,
30,
10,
10,34,
10,
9,
9,
9,
4,158,
4,158,
158,
158,
4,158,
4,158,
18,
18,
110,
34,
10,
30,34,
30,
14,97,
118,160,
160,
118,160,
160,
14,
160,
118,160,
160,
118,160,
161,
51,
5,
19,
5,
9,
6,
51,
14,
5,
5,
5,
5,
5,
4,
12,
6,
4,
5,
61,
4,
4,158,
4,
60,
4,158,
14,97,
16,
0,
29,
122,
18,
38,
16,
177,
6,
54,
54,
6,
54,
4,158,
6,
6,
9,
4,158,
31,
41,
30,
30,
10,
9,166,
30,
30,
30,55,
9,
9,
1,
10,
5,
9,
136,
6,
62,
9,
1,
94,
4,
94,
164,
94,
5,
164,
4,
4,
14,
14,
5,
13,
29,
13,
97,
6,72,
4,
14,
57,
4,
38,
38,
10,
38,
3,
60,
60,
10,
5,
8,
26,
14,
62,
5,
1,
4,
18,
4,
97,
6,
165,
10,
4,158,
4,158,
4,158,
4,158,
6,
9,
4,107,
3,
31,
4,
156,
6,
12,
79,
4,158,
156,
48,
6,
48,
6,
4,
6,
4,
4,
4,158,
4,
4,9,
5,
4,
4,158,
4,
195,
53,
4,
2,
30,
53,
2,
53,
2,
6,
30,
31,
31,
30,
38,
30,
164,
9,
38,
30,
54,
14,
53,
165,
30,
3,
53,
35,
156,
165,
41,
6,
65,
179,
31,
31,
38,
179,
65,
41,
101,
30,
11,
101,
74,
181,
107,
10,
6,
181,
181,
107,
6,
181,
6,
55,
0,11,
0,
31,
9,
9,
2,
6,
20,
53,
30,
10,
31,
10,
31,
31,
36,
6,
2,
184,
0,
2,
0,
128,
128,
14,97,
14,
128,
9,
6,
9,
9,
9,
9,
6,
4,158,
4,
4,158,
156,
10,
4,158,
65,
65,
65,
10,
65,
6,
156,
107,
6,
3,
6,
165,
7,
6,
5,
0,
44,
0,
97,
11,
0,
11,
5,
14,
107,
9,
6,
13,
0,
84,
10,
84,
13,
84,
84,
18,
84,
4,
4,158,
6,
84,
84,
6,
11,
9,
11,
9,
6,
9,
21,
65,
19,
65,
4,
14,97,
0,
5,
15,
34,
10,
82,
15,
15,
15,
15,
15,
15,
97,
15,
31,
4,
6,
126,
8,
4,
31,
4,
4,158,
6,
165,
83,
4,158,
107,
4,158,
30,
34,
101,
18,
35,
53,
22,
6,
6,
35,
65,
14,97,
9,
10,
38,
13,
97,
4,
6,11,
6,
13,
13,
13,
13,
19,
14,
13,
13,
76,
6,
22,
107,
4,
6,
3,
107,
107,
38,
3,
