24,12,
24,12,
34,39,41,66,
13,
0,3,24,36,
43,61,34,
13,
43,
24,
34,41,66,39,
43,63,64,
34,41,66,39,
43,61,34,
63,
3,16,18,12,9,19,
43,63,64,
14,8,
43,63,64,
61,34,39,41,
34,41,66,39,
63,
63,
25,40,43,63,64,
43,
43,
43,63,64,
43,64,
43,63,
43,
43,61,34,
3,24,36,
43,61,34,
63,
61,34,41,39,
24,
63,
38,
63,34,39,
63,
25,40,42,43,63,64,62,61,34,39,
34,39,41,
3,24,36,22,50,54,
43,61,
34,39,41,
43,63,64,
25,40,42,43,63,64,62,61,39,
34,41,66,39,
25,40,42,43,63,64,62,34,39,
13,
43,61,34,
38,
59,52,
38,
24,
34,39,41,
24,59,52,
34,39,41,66,
30,31,52,29,37,56,51,
5,24,58,59,52,60,
38,
30,52,
52,
24,
5,24,58,59,52,60,
3,4,18,24,59,30,7,52,35,37,38,
3,4,5,6,24,36,22,58,59,30,52,60,57,
30,52,
59,52,
24,9,
59,52,
34,41,66,39,
63,
63,34,39,
34,39,41,66,
43,61,34,39,41,
3,12,
25,40,42,43,63,64,62,34,39,
38,
43,61,34,
43,61,34,
53,
12,
25,38,
25,40,
14,12,8,9,11,28,49,19,
12,9,28,19,
12,8,9,11,
12,8,9,11,14,
48,
34,41,
38,
9,
12,8,9,11,
59,30,29,9,
12,8,9,11,
34,41,66,
9,
9,
12,8,9,11,
33,34,39,41,
23,
16,
10,35,
23,
14,12,8,9,10,11,35,
9,10,12,11,35,37,53,51,
12,8,9,10,11,14,35,
14,12,9,10,28,11,32,35,
8,9,11,12,14,
12,9,10,11,14,35,
14,12,8,9,11,28,19,
33,34,39,41,66,
14,12,8,9,10,11,28,32,35,
12,8,9,11,14,
14,12,8,9,11,28,32,
12,8,9,11,
12,8,9,11,
23,
53,
53,
18,12,
12,
12,28,19,
34,39,41,66,
12,8,9,11,
12,
53,
66,
66,
9,12,11,35,37,53,51,
37,
6,
28,
23,
23,
3,
13,32,28,49,19,
9,28,
35,37,
12,8,9,11,14,
34,
14,28,19,
12,
14,8,10,35,28,
12,8,9,11,
64,
25,40,43,63,
25,43,
25,43,63,
25,43,
43,63,64,
53,
25,40,42,62,
42,43,
25,40,42,43,63,62,34,39,
43,
43,63,64,
43,
66,
53,
13,
43,63,
25,40,43,63,64,
25,40,43,63,64,
43,63,64,
53,
43,63,64,
25,40,43,63,64,
25,40,43,63,64,
43,63,
53,
27,
3,16,18,15,19,
43,63,64,
63,13,28,
3,12,9,
3,24,36,
25,40,43,63,64,
63,33,39,
43,61,34,
34,39,41,66,
3,
43,
43,
25,
43,61,34,
25,40,43,63,
9,19,
53,51,
43,
43,63,64,
43,
36,19,
13,
43,63,
13,
43,
43,
25,40,43,63,64,
43,63,64,
43,63,64,
53,
43,63,64,
43,
0,1,2,3,4,16,18,23,15,17,21,
43,63,64,
13,
43,63,64,
63,
43,61,34,
43,61,34,
43,61,34,
43,61,34,
43,
3,36,22,19,
3,18,36,22,16,19,
43,61,34,
43,
25,40,43,63,
43,61,34,
43,63,64,
43,61,34,
43,63,64,
43,
63,
25,40,42,43,63,62,34,39,
43,34,
43,
5,24,58,59,52,
3,24,36,
43,61,34,
34,39,41,
3,5,24,36,58,59,52,60,
38,
3,24,12,
43,61,34,39,41,
38,
3,24,36,
26,
37,
8,9,11,12,35,37,53,51,
37,53,51,
11,
37,
37,
37,53,51,
37,
12,8,9,11,14,
34,41,66,
12,28,19,
25,40,64,
18,12,
3,18,24,36,59,12,52,50,9,13,27,28,32,19,54,
25,40,64,
12,8,9,11,14,
33,34,39,41,66,
12,8,9,11,14,
28,19,
28,46,44,
12,28,
38,
28,49,46,44,
9,32,
53,
9,
25,63,
12,28,
53,51,
28,49,19,
48,
28,19,46,
19,
53,
19,
28,49,19,
34,
28,19,
11,
29,37,
29,37,53,
37,
37,53,51,
29,37,
53,
37,53,51,
53,
11,
52,
30,52,
30,31,52,29,37,56,
6,59,30,52,57,
30,52,
11,
24,30,52,57,
52,
30,52,
34,39,41,66,
34,39,41,
37,
30,31,52,29,37,56,
11,
30,52,
30,31,52,29,37,51,56,
29,37,
30,31,52,29,37,35,38,48,51,45,56,
30,31,52,29,37,56,
52,29,37,51,
23,36,
3,36,
28,
3,
9,28,32,
12,9,28,32,
23,
9,13,27,28,32,49,
12,8,9,10,11,14,35,
53,
11,
37,53,51,
23,
37,
23,
37,53,51,
23,
37,53,51,
23,
37,
11,
37,
37,
53,
18,12,10,11,14,35,53,
23,
37,
12,8,9,11,14,
23,
37,53,51,
12,9,
23,
12,8,9,11,14,
23,
14,12,8,9,11,28,35,
12,8,9,11,14,35,
12,8,9,11,14,
3,24,36,
3,4,5,18,24,36,22,58,59,7,12,52,50,60,54,
12,
43,63,64,
38,
43,63,64,
25,40,43,63,64,
38,
63,39,
14,
29,37,51,
37,53,51,
48,45,
37,
35,37,53,51,
37,
37,
29,37,51,
37,
37,
25,40,63,64,
12,8,9,11,14,
12,8,9,11,14,
12,8,9,11,14,
12,8,9,11,35,
12,
12,8,9,11,35,
40,33,
12,9,10,11,14,35,53,
12,
29,37,53,
37,
37,
53,
37,
12,8,9,10,11,53,
37,
37,
37,
23,
51,
37,
37,
8,9,10,11,12,14,35,51,
9,12,11,37,53,51,
37,53,51,
29,35,37,53,51,
37,
37,53,51,
37,
37,53,51,
37,
37,53,51,
37,
37,
35,37,53,51,
37,53,51,
23,
52,29,37,35,51,
37,
23,
37,53,51,
37,
48,
37,
37,53,51,
23,
37,
37,
37,
53,
23,
37,53,51,
29,37,53,51,
37,53,51,
9,12,11,37,53,51,
37,
35,53,
23,
37,
50,
26,
61,34,41,
28,44,
28,44,
25,63,61,
43,
42,
30,52,
46,
30,52,
30,31,52,29,37,35,51,
37,53,35,51,
6,24,59,30,52,57,
29,37,51,
63,33,39,
52,
30,31,52,29,37,51,45,56,
52,
8,9,11,12,51,
28,49,46,44,
39,41,
28,49,19,46,44,
51,45,
46,
28,19,46,
28,49,19,46,44,
34,39,41,
43,
33,34,39,41,66,65,
43,61,34,
43,61,34,41,
43,61,34,39,41,
43,61,34,
43,61,34,39,41,
43,61,
53,
36,50,47,54,55,
36,22,50,19,54,
14,
37,51,
12,
52,
52,
37,
35,51,
37,51,
29,37,51,
45,
24,30,52,57,
28,49,19,46,
28,49,19,46,
48,45,
28,19,
48,
3,18,36,16,12,9,28,19,
28,19,
38,
28,49,19,
3,18,12,28,
3,18,36,22,16,28,19,
43,61,34,39,41,
3,36,
43,61,
43,
42,
43,61,34,
61,34,39,41,
43,61,34,
43,61,34,41,
23,
51,
37,
37,
37,
6,24,59,30,52,57,
52,
3,5,24,36,58,59,52,60,
30,52,
24,30,52,57,
29,37,51,
38,
38,
30,31,52,29,37,35,38,56,
66,38,
23,
23,
37,53,51,
37,
53,
37,
37,51,
35,37,53,51,
37,
23,
34,39,41,
61,34,39,41,
38,
14,
34,39,41,
3,36,
55,
55,
14,
14,
36,50,47,54,55,
29,37,
50,19,54,55,
34,39,41,
38,
14,38,
55,
36,50,47,54,55,
19,
36,50,28,19,54,55,
37,
29,37,51,
37,
29,37,51,
37,
29,37,
37,
37,
29,37,
30,52,
30,52,
30,52,
24,52,
29,37,51,
30,52,
11,
37,
37,
38,
38,
6,24,59,30,52,57,
6,59,30,52,57,
26,
5,24,58,59,52,60,
34,39,41,
52,
38,
52,
24,52,
59,52,
30,31,52,29,37,38,51,45,56,
34,39,41,
30,52,
52,
59,52,
30,31,52,29,37,56,
59,52,
52,
6,59,30,52,57,
52,
30,31,52,29,37,56,
6,24,59,30,52,57,
30,52,
59,52,
24,59,52,
6,59,30,52,57,
29,37,35,51,
35,37,53,51,
23,
11,
37,
8,9,14,35,53,
9,12,11,53,51,
29,37,53,51,
37,
53,
37,
37,53,51,
37,
37,
37,
8,9,10,11,12,14,35,37,53,51,
23,
37,53,51,
23,
35,37,53,51,
37,
37,
37,
37,
23,
37,
37,53,51,
37,
23,
11,
23,
37,53,51,
35,37,53,51,
29,37,53,51,
12,9,10,11,14,35,53,
23,
37,
23,
11,
35,53,
23,
37,
37,
53,
37,
37,
37,
37,
37,53,51,
12,8,9,10,11,14,35,53,
29,37,53,51,
37,
12,8,9,10,11,14,35,53,
37,53,51,
37,53,51,
11,
3,4,18,7,12,8,10,11,14,35,
37,
37,
25,40,42,43,63,64,62,61,39,
0,
34,39,41,66,
63,
0,3,5,24,36,58,59,52,60,
63,
63,34,39,
14,
63,
14,
43,61,34,
25,40,42,43,63,64,62,34,39,
43,61,
43,63,
27,
43,63,64,
63,
63,
43,63,64,
61,34,41,39,
43,61,34,39,41,
43,
25,43,63,
13,
25,40,42,43,63,64,62,34,39,
43,
34,39,41,
43,61,34,
43,
63,
3,36,
52,
24,
50,
25,40,42,43,63,64,62,34,39,
3,24,36,12,
24,
63,
63,
24,
43,61,34,
43,
63,
63,
61,34,
3,9,
43,61,
25,40,43,
43,63,64,
43,63,64,
59,52,
6,59,30,52,57,
24,59,52,
59,52,
9,
30,52,
34,39,41,
52,
34,39,41,
24,52,
24,52,
52,
59,52,
26,
30,52,
26,
52,
24,30,52,57,
30,31,52,29,37,56,
30,
43,
3,18,12,
43,
43,63,
13,
33,34,39,41,66,
34,41,66,39,
61,34,39,41,
34,41,66,39,
34,39,41,
12,8,9,11,14,
14,12,8,9,11,28,49,19,
33,34,39,41,66,
30,29,34,
14,12,8,9,11,28,
12,
14,12,8,9,11,28,19,
12,8,9,11,
33,34,39,41,66,
34,39,41,66,
12,8,9,11,
61,34,39,41,
12,8,9,11,
9,
12,8,9,11,14,
9,
9,
63,33,39,
33,34,39,41,66,
14,12,8,9,11,28,19,
14,12,8,9,11,19,
12,8,11,14,
8,9,10,11,12,14,35,51,
9,
12,8,9,10,11,14,
34,39,41,
12,8,9,11,14,35,
10,35,
12,8,9,11,14,
48,
33,34,39,41,66,
9,
12,9,
12,8,9,11,14,
12,9,10,11,14,35,
12,8,9,11,14,
12,9,
12,9,
12,
43,
12,
25,40,43,63,
12,
14,12,8,9,11,28,19,
25,40,63,
25,43,64,
66,
6,53,
16,9,13,27,28,32,49,19,
23,
28,
9,12,11,32,14,
6,
16,9,13,27,28,32,49,19,
6,
3,36,
38,
12,8,11,14,
14,12,9,28,11,19,
33,34,39,41,66,65,
18,30,12,52,29,8,10,11,13,14,32,27,28,49,19,37,53,
14,12,8,9,10,11,28,19,
12,32,28,49,19,
3,12,8,9,11,
27,
25,43,
42,
25,40,43,63,
3,18,28,19,
43,63,64,
43,
25,40,43,63,64,
63,
43,63,64,
1,3,4,16,18,36,22,7,12,23,50,28,19,
43,34,
25,40,43,63,
43,61,
43,61,34,
43,61,34,
3,18,19,
43,63,
43,
63,
63,
25,43,
25,43,
43,
63,
63,
43,63,64,
25,40,42,43,63,64,62,34,39,
63,
43,61,34,
43,
63,39,
3,18,
43,
3,12,
42,43,63,64,
43,
25,40,43,13,27,
43,63,64,
43,63,64,
43,61,34,
43,61,34,
53,66,
19,46,
25,43,
25,40,43,
19,
33,34,41,
66,
43,61,34,
25,40,43,63,
25,40,43,63,64,
43,63,64,
27,
43,63,
43,
19,
63,
61,34,41,
42,
43,61,34,
63,
43,63,64,
13,
53,
43,63,64,
13,
25,40,42,43,63,64,62,39,
61,34,39,41,
25,40,
43,63,64,
25,40,42,43,63,64,62,61,39,
34,41,66,39,
43,61,34,
43,61,
61,34,41,
43,
34,41,66,
43,61,34,
25,40,42,43,63,64,62,34,39,
43,63,64,
25,40,43,63,64,
25,40,42,43,63,64,62,34,39,
25,40,42,43,63,64,33,34,39,
43,63,64,
3,
52,
24,
38,
3,24,36,
24,
3,4,18,24,59,30,7,23,52,35,
59,52,
24,50,
3,24,36,
6,24,59,30,52,57,
23,
37,
37,
53,
37,
37,53,51,
37,
11,
37,
37,53,51,
12,9,28,19,
33,34,39,41,
12,8,9,11,14,26,
48,
12,8,9,11,14,26,
12,
33,34,39,41,
12,8,9,11,14,
33,34,39,41,
36,
19,
9,28,19,
9,12,
38,
9,44,
38,
36,
48,
25,53,
11,
12,28,49,19,
13,32,28,
50,28,19,
25,40,43,63,53,51,
33,34,39,41,66,
8,9,11,12,14,
28,49,19,
37,
24,30,52,57,
37,53,51,
11,
37,
37,
37,
37,
37,
29,37,51,
52,
29,37,
24,30,31,52,57,29,37,51,56,
52,
30,29,37,
34,39,41,66,
38,
30,52,
52,29,37,51,
11,
29,37,
29,35,37,51,
30,31,52,29,37,35,38,51,45,56,
29,37,
11,
37,
30,52,
30,52,
52,29,37,51,
37,
12,32,28,19,
28,49,44,
9,
23,
14,8,9,11,12,32,19,
23,36,
14,12,8,9,10,11,35,
35,
28,
9,28,19,
9,12,11,51,
37,
37,53,51,
9,10,12,11,14,35,37,53,51,
37,
37,
8,9,11,12,14,35,
37,53,51,
37,53,
37,53,51,
37,53,51,
29,37,53,51,
23,
37,
29,37,53,
11,
11,
37,53,51,
9,12,11,37,53,51,
12,8,9,11,14,
9,12,11,37,
23,
12,8,9,10,11,14,35,
12,8,9,10,11,14,35,
12,
40,42,
35,
8,9,11,12,
3,5,24,36,58,59,52,
3,36,50,47,54,55,
3,36,50,54,
61,34,
3,5,24,36,22,58,59,16,52,50,54,
38,
36,50,19,54,
3,24,36,
43,63,64,
34,39,41,
37,
37,
11,
37,
37,
37,
37,
37,53,51,
28,37,35,
37,
43,63,64,
25,63,
37,
12,8,9,11,
35,37,51,
23,36,
35,
12,8,9,11,14,
25,40,43,
12,8,9,10,11,14,35,
53,
37,
37,53,51,
37,53,51,
37,
37,
12,9,10,11,14,35,53,
12,35,53,
35,37,53,51,
11,
26,
23,
23,
37,
37,53,51,
37,
9,12,11,37,53,51,
37,53,51,
37,
53,
37,53,51,
37,35,51,
37,53,51,
12,35,53,
37,53,51,
37,53,51,
23,
37,
37,
8,9,11,12,37,53,51,
12,9,10,11,14,35,53,
37,53,51,
37,
37,53,35,51,
37,
12,8,9,11,35,53,
37,
37,53,51,
35,37,53,51,
37,53,51,
37,
29,37,53,51,
37,53,51,
11,
37,
11,
37,
37,
23,
43,61,34,39,41,
28,49,19,46,44,
28,49,19,46,44,
50,28,49,19,46,44,
66,
46,44,
50,28,49,19,46,44,
44,
50,44,
44,
29,37,53,
30,52,
35,37,51,
52,48,45,
30,52,
25,40,43,63,
52,
11,
51,
9,12,11,37,53,51,
53,
50,19,46,
46,
50,28,19,46,
48,45,
34,39,41,
50,19,46,
43,
46,
50,19,46,
36,50,
66,
3,36,50,28,19,54,55,
43,61,34,
39,41,
43,61,34,39,41,
43,61,34,
36,50,54,55,
54,
23,
11,
11,
37,
24,30,52,57,
37,53,51,
12,8,9,11,53,
53,
53,51,
53,
50,19,54,
38,
25,
28,49,19,
19,46,
33,34,39,41,66,
43,61,34,39,41,
3,18,36,22,16,28,19,
43,61,34,
61,34,41,
43,61,34,
43,
50,
43,61,34,39,41,
43,61,34,
34,39,41,
50,47,54,55,
37,
29,37,53,51,
53,
37,
37,53,51,
37,
37,51,
30,31,52,29,37,56,
26,
6,24,59,30,52,57,
52,
30,31,52,29,37,56,
30,52,
52,
30,52,
30,31,52,29,37,56,
30,31,52,29,37,51,56,
23,
37,53,51,
37,53,35,51,
37,
37,
11,
23,
12,8,9,11,
12,9,10,11,14,35,
43,61,34,
55,
43,63,64,
61,34,39,41,
14,
50,54,55,
14,
50,54,55,
61,34,39,41,
34,39,41,
50,54,55,
61,34,39,41,
38,
55,
50,54,55,
26,
14,
38,
14,
36,50,55,
37,
29,37,
37,
30,52,
37,
37,
11,
29,37,
52,29,37,51,
9,37,51,
30,52,
29,37,
52,
37,
11,
24,30,52,57,
30,31,52,29,37,51,56,
52,
30,52,
52,
34,39,41,66,
52,
5,24,58,59,52,60,
30,52,
24,
30,52,
38,
59,52,
34,39,41,
38,
30,52,
3,4,24,59,30,52,
6,59,30,52,57,
34,39,41,
38,
3,5,24,36,58,59,52,54,
24,
38,
5,24,58,59,52,
30,
30,52,
38,
30,52,
6,59,30,52,57,
34,39,41,
59,52,
38,
24,52,
24,30,52,57,
30,31,52,29,37,56,
35,37,53,51,
26,
37,53,51,
37,
37,53,51,
11,
37,
37,53,
37,
37,
37,53,51,
9,53,
37,
12,35,
37,
37,
37,
11,
37,53,51,
37,53,51,
35,37,53,51,
37,53,51,
37,53,51,
12,8,9,10,11,14,35,53,
37,
29,37,
11,
52,29,37,35,51,
37,
35,53,
12,8,9,11,53,
37,
12,53,
23,
37,51,
8,9,11,12,37,53,
37,53,51,
9,37,51,
29,37,53,51,
11,
23,
12,8,9,10,11,14,35,53,
37,
35,37,53,51,
11,
11,
52,29,37,51,
23,
37,53,51,
37,35,51,
37,53,51,
37,
35,37,53,51,
35,37,53,51,
37,
37,53,51,
35,37,53,51,
