0,
0,18,
43,
13,
18,
61,
13,
43,
0,18,
62,
42,64,
62,
61,
42,64,
18,
42,64,
8,
42,64,
43,
62,
42,64,
42,64,
64,
62,
43,
42,64,
42,64,
62,
43,
61,
36,
61,
42,64,
43,
4,
42,64,
38,
43,
42,64,
61,
43,
22,
61,
43,
42,64,
43,
62,
43,
13,
61,
38,
4,
38,
22,
43,
18,
43,
24,
5,
38,
37,
36,59,
36,
24,
37,
36,
30,
4,
4,
24,
62,
42,64,
43,
43,
43,
23,
43,
38,
61,
61,
53,
9,
25,38,
40,
46,
9,
37,
9,
48,
41,
38,
9,
9,
6,
9,
66,
9,
9,
10,
43,
23,
16,
37,
23,
10,
37,
9,
37,
9,
10,
12,
66,
37,
10,
9,
12,
9,
23,
53,
53,
23,
9,
22,
43,
9,
9,
53,
66,
66,
37,
37,
6,
37,
23,
23,
3,
13,
9,
37,
10,
34,
10,
9,
10,
9,
42,
42,
42,
42,
42,
42,64,
53,
42,
42,
43,
43,
42,64,
43,
66,
53,
13,
62,
64,
64,
42,64,
53,
42,64,
64,
64,
62,
53,
27,
16,
42,64,
64,
18,
18,
63,
63,
61,
43,
18,
43,34,
43,
25,
61,
42,
9,
53,
43,
42,64,
43,
49,19,
13,
62,
13,
43,
43,
64,
42,64,
42,64,
53,
42,64,
43,
16,
42,64,
13,
42,64,
42,64,
61,
61,
61,
61,
43,
22,
18,
61,
43,
42,
61,
42,64,
61,
42,64,
43,
42,64,
43,
34,
43,
18,
36,
61,
43,
18,
38,
18,
43,
38,
18,
26,
37,
37,
37,
11,
37,
37,
37,
37,
10,
66,
18,
42,
18,
18,
42,
10,
43,
12,
46,
46,
18,
38,
46,
9,
53,
9,
63,
12,
53,
37,
48,
46,
16,
53,
49,
49,
34,
16,
11,
37,
29,
37,
37,
37,
37,
37,
53,
11,
24,
36,
5,59,
5,
5,
11,
24,
5,
5,
43,
43,
37,
5,
11,
37,
37,
37,
24,
37,
37,
23,36,
36,
49,
3,
9,
9,
23,
49,
10,
53,
11,
37,
23,
37,
23,
37,
23,
37,
23,
37,
11,
37,
37,
37,
10,
23,
37,
9,
23,
37,
9,
23,
10,
23,
37,
37,
10,
18,
22,
18,
42,64,
38,
42,64,
64,
38,
64,
14,
37,
37,
45,
37,
37,
37,
37,
37,
37,
37,
63,
10,
10,
10,
37,
4,
37,
40,33,
10,
10,
37,
37,
37,
37,
37,
10,
37,
37,
37,
23,
37,
37,
37,
37,
37,
37,
37,
37,
37,
37,
37,
37,
37,
37,
37,
37,
37,
23,
37,
37,
23,
37,
37,
48,
37,
37,
23,
37,
37,
37,
37,
23,
37,
37,
37,
37,
37,
37,
23,
37,
46,
26,
61,
44,
44,
63,
43,
42,
44,
46,
37,
37,
37,
24,
37,
39,
37,
37,
36,
37,
46,
61,
46,
45,
46,
46,
46,
43,
43,
41,
61,
61,
43,
61,
43,
61,
53,
50,
47,
14,
37,
12,
24,
24,
37,
37,
37,
37,
24,
52,
46,
49,
45,
18,
48,
9,
20,
38,
16,
12,
18,
43,
55,
61,
43,
42,
61,
43,
61,
61,
23,
37,
37,
37,
37,
24,
36,59,
18,
30,
24,
37,
38,
38,
30,
66,38,
23,
23,
37,
37,
53,
37,
37,
37,
37,
23,
43,
43,
38,
14,
43,
22,
22,
36,
14,
14,
55,
37,
55,
43,
38,
14,38,
55,
55,
19,
55,
37,
37,
37,
37,
37,
37,
37,
37,
30,
5,
59,
37,
24,
37,
30,
11,
37,
37,
38,
38,
36,
5,
26,
36,
43,
36,
38,
18,
4,
5,
37,
43,
24,
18,
4,
5,
30,
36,
5,
59,
37,
24,
37,
24,
4,
5,24,
37,
37,
23,
11,
37,
37,
37,
37,
37,
53,
37,
37,
37,
37,
37,
37,
23,
37,
23,
37,
37,
37,
37,
37,
23,
29,
37,
37,
23,
11,
23,
37,
37,
37,
10,
23,
37,
23,
11,
37,
23,
37,
37,
34,
37,
37,
37,
37,
37,
10,
53,
37,
10,
37,
37,
11,
10,
37,
37,
43,
0,
43,
42,64,
18,
42,64,
43,
14,
64,
14,
61,
43,
61,
62,
27,
42,64,
42,64,
42,64,
42,64,
43,
43,
43,
42,
13,
43,
43,
43,
61,
43,
42,64,
36,
24,
4,
18,22,
43,
4,
4,
42,64,
42,64,
18,
61,
43,
42,64,
42,64,
61,
4,
61,
42,
42,64,
42,64,
18,
5,24,
24,
5,
4,
37,
43,
59,
43,
24,
36,
36,
36,
26,
37,
26,
24,
24,
5,
36,
43,
18,
43,
62,
13,
43,
62,
43,
62,
43,
9,
9,
43,
30,
37,
10,
9,
37,
43,
43,
37,
43,
9,
9,
27,
9,
9,
39,
39,
9,
10,
10,
37,
9,
37,
43,
10,
10,
9,
48,
43,
9,
18,12,
9,
10,
9,
12,
9,
9,
43,
9,
42,
9,
9,
63,
64,
66,
6,53,
9,
23,
12,
37,
6,
49,
6,
36,
38,
10,
9,
41,
10,
9,
12,
9,
27,
42,
42,
42,
16,
42,64,
43,
64,
42,64,
42,64,
18,
34,
42,
61,
61,
61,
15,
62,
43,
42,64,
64,
42,
42,
62,
64,
42,64,
42,64,
43,
42,64,
61,
43,
64,
22,
43,
4,
42,64,
43,
27,
42,64,
42,64,
61,
34,
53,66,
49,19,
42,
42,
16,
34,
66,
61,
42,
64,
42,64,
27,
62,
43,
18,20,
42,64,
61,
42,
61,
42,64,
42,64,
13,
53,
42,64,
13,
43,
43,
42,
42,64,
43,
62,
61,
61,
61,
43,
66,
61,
43,
42,64,
64,
43,
43,
42,64,
18,
4,
18,
38,
18,
18,
36,59,
5,
22,
22,
52,
23,
37,
37,
10,
37,
37,
37,
11,
37,
37,
9,
43,
26,
48,
26,
26,
43,
26,
39,
36,
16,
9,
12,
38,
9,
38,
36,
48,
25,53,
11,
9,
37,
55,
53,
39,
9,
46,
37,
24,
37,
11,
37,
37,
37,
37,
37,
37,
24,
37,
52,
24,
30,
43,
38,
30,
37,
11,
37,
37,
30,
37,
11,
37,
37,
37,
37,
37,
12,
49,
37,
23,
9,
23,36,
37,
37,
59,
9,
37,
37,
37,
37,
37,
37,
9,
37,
37,
37,
37,
37,
23,
37,
37,
11,
11,
37,
37,
10,
37,
23,
37,
10,
9,
42,
37,
37,
18,
55,
22,
61,
22,
38,
54,55,
16,
42,64,
43,
37,
37,
11,
37,
37,
37,
37,
37,
37,
37,
42,64,
63,
37,
37,
37,
23,36,
37,
10,
43,
10,
37,
37,
37,
37,
37,
37,
10,
37,
37,
11,
26,
23,
23,
37,
37,
37,
37,
37,
37,
53,
37,
37,
37,
37,
37,
37,
23,
37,
37,
37,
10,
37,
37,
37,
37,
37,
37,
37,
37,
37,
37,
37,
37,
11,
37,
11,
37,
37,
23,
43,
46,
46,
46,
66,
46,
46,
44,
36,44,
44,
37,
24,
37,
24,
24,
42,
24,
11,
37,
37,
53,
46,
46,
46,
45,
39,
46,
43,
46,
46,
22,
66,
55,
61,
43,
43,
61,
55,
55,
23,
11,
11,
37,
24,
37,
37,
53,
53,
53,
54,55,
38,
25,
1,
46,
43,
43,
22,
61,
61,
61,
43,
55,
43,
61,
43,
55,
37,
37,
10,
37,
37,
37,
37,
37,
26,
24,
36,
37,
24,
24,
59,
5,59,
37,
23,
37,
37,
37,
37,
11,
23,
37,
37,
61,
55,
42,64,
43,
14,
36,
14,
55,
43,
43,
55,
43,
38,
55,
55,
26,
14,
38,
14,
55,
37,
37,
37,
36,
37,
37,
11,
37,
37,
37,
30,
37,
24,
37,
11,
24,
37,
37,
37,
36,
43,
36,
24,
5,
18,
5,
38,
36,
43,
38,
30,
24,
36,
43,
38,
22,
36,
38,
24,
30,
24,
38,
24,
5,
43,
36,
38,
36,
24,
37,
37,
26,
37,
37,
37,
11,
37,
37,
37,
37,
37,
37,
37,
10,
37,
37,
37,
11,
37,
37,
37,
53,
37,
10,
37,
37,
11,
37,
37,
37,
10,
37,
10,
23,
37,
37,
37,
37,
37,
11,
23,
10,
37,
37,
11,
11,
37,
23,
37,
37,
37,
37,
37,
37,
37,
37,
37,
