12,
60,
34,
13,
24,
43,
13,
43,
60,
34,
43,
34,
61,
39,
18,
43,
14,
43,
34,
34,
39,
39,
25,
25,
43,
43,
43,
25,
25,
61,
18,
61,
39,
41,
18,
39,
38,
39,
39,
39,
34,
18,
63,
34,
43,
43,
34,
43,
13,
61,
38,
52,
38,
18,
39,
52,
34,
37,
58,
38,
53,
35,51,
59,
58,
35,
58,
29,
52,
24,
52,
34,
39,
34,
34,
41,
12,
43,
38,
43,
61,
53,
18,
25,38,
25,
15,
19,
9,
8,
48,
34,
38,
9,
9,
29,
12,
34,
12,
19,
12,
34,
23,
16,
12,
23,
19,
37,
9,
19,
9,
9,
24,15,
34,
19,
9,
19,
9,
9,
23,
53,
53,
12,
12,
19,
34,
12,
12,
53,
66,
66,
37,
28,
6,
19,
23,
23,
3,
19,
19,
12,
8,
34,
19,
12,
19,
9,
62,
25,
25,
25,
25,
43,
53,
25,
43,
43,
43,
43,
43,
66,
53,
13,
25,
25,
25,
43,
53,
43,
25,
25,
25,
53,
27,
15,
43,
28,
12,
24,
25,43,
39,
61,
34,
24,
43,
43,
25,
61,
25,
19,
51,
43,
43,
25,
19,
13,
25,
13,
43,
43,
25,
43,
43,
53,
43,
25,
18,
43,
13,
43,
39,
61,
61,
43,
61,
43,
18,
18,
61,
25,
25,
43,
43,
43,
43,
43,
39,
43,
43,
43,
52,
52,
43,
39,
52,
38,
12,
41,
38,
18,
26,
35,51,
37,
53,
11,
28,
51,
53,
35,51,
12,
34,
18,
64,
12,
12,
64,
9,
34,
35,51,
19,
44,
52,19,
38,
19,
19,
53,
19,
25,
19,
51,
19,
48,
19,
19,
53,
15,
19,
34,
19,
11,
37,
28,
35,51,
53,
35,
53,
37,
35,51,
11,
52,
53,
51,
29,
53,
11,
59,
29,
53,
34,
39,
53,
53,
11,
52,
53,
35,
52,
37,
53,
23,36,
3,
19,
3,
19,
15,
23,
28,
12,
37,
11,
37,
23,
37,
23,
53,
23,
53,
23,
37,
11,
28,
37,
37,
12,
23,
28,
12,
23,
12,37,
14,
23,
51,
23,
19,
12,
12,
24,
9,
9,
43,
38,
43,
25,
38,
39,
14,
35,51,
35,51,
48,
28,
12,
28,
53,
53,
37,
37,
64,
9,
8,
15,
8,
52,
12,
40,33,
53,
12,
53,
37,
37,
53,
37,
8,
28,
53,
37,
23,
53,
35,51,
28,
9,
9,
35,51,
53,
53,
53,
28,
37,
35,51,
37,
53,
37,
12,
53,
23,
37,
35,51,
23,
51,
37,
48,
53,
53,
23,
37,
35,51,
37,
53,
23,
53,
53,
37,
37,
37,
14,
23,
53,
44,
26,
34,
44,
44,
25,
25,
42,
52,
19,
53,
53,
53,
29,
53,
39,
53,
35,51,
35,51,
9,
44,
65,
28,
51,
44,
44,
44,
39,
25,
34,
43,
43,
41,
61,
41,
63,
53,
28,
4,
14,
37,
12,
53,
52,
35,51,
53,
35,51,
35,51,
35,51,
53,
19,
19,
48,
19,
48,
18,
15,19,
38,
19,
35,51,
18,
41,
18,
63,
25,40,
42,
61,
34,
43,
43,
23,
53,
35,51,
37,
35,51,
29,
29,
5,
35,51,
53,
35,51,
38,
38,
35,51,
66,38,
23,
23,
37,
35,51,
35,51,
28,
35,51,
12,
28,
23,
39,
34,
38,
14,
39,
18,
54,
35,
14,
14,
50,
37,
19,
39,
38,
14,38,
50,
54,
19,
50,
35,51,
53,
35,51,
37,
37,
35,51,
35,51,
28,
37,
53,
53,
53,
58,
35,51,
53,
11,
51,
35,51,
38,
38,
29,
29,
26,
58,
39,
29,
38,
52,
58,
52,
51,
39,
53,
29,
52,
37,
52,
53,
29,
29,
37,
29,
53,
52,
52,
29,
53,
37,
23,
11,
28,
53,
53,
37,
28,
37,
28,
37,
35,51,
28,
51,
9,
23,
37,
23,
53,
35,51,
37,
28,
53,
23,
37,
37,
28,
23,
11,
23,
37,
53,
12,
53,
23,
37,
23,
11,
12,
23,
28,
28,
37,
28,
35,51,
28,
35,51,
35,51,
53,
37,
28,
8,
37,
53,
11,
53,
53,
35,51,
43,
24,
34,
39,
52,
39,
39,
14,
39,
14,
43,
43,
63,
25,
27,
43,
39,
39,
43,
61,
41,
25,40,
25,
13,
43,
43,
34,
43,
25,40,
39,
52,
29,
24,
4,
43,
12,
24,
39,
39,
5,
43,
43,
39,
39,
34,
12,
63,
25,
43,
43,
52,
29,
52,
52,
9,
37,
39,
29,
39,
52,
58,
53,
29,
26,
35,51,
26,
52,
59,
53,
29,
25,
12,
43,
25,
13,
34,
34,
34,
34,
39,
12,
9,
34,
34,
19,
12,
19,
9,
34,
34,
12,
34,
9,
9,
12,
9,
14,
39,
34,
19,
19,
12,
9,
19,
12,
39,
12,
12,
9,
48,
34,
9,
9,
9,
9,
9,
12,
12,
12,
25,
12,
25,
12,
19,
25,
43,
66,
6,53,
19,
23,
19,
12,
6,
19,
6,
3,
38,
12,
19,
34,
12,28,
19,
15,19,
12,
27,
25,
42,
25,
18,
43,
25,
25,
39,
43,
18,
43,
25,
63,
61,
61,
18,
25,
43,
39,
39,
25,
25,
25,
39,
39,
43,
43,
39,
61,
43,
39,
18,
43,
12,
43,
25,
13,
43,
43,
61,
43,
53,66,
19,
25,
25,
19,
34,
66,
61,
25,
25,
43,
27,
25,
43,
3,
39,
61,
42,
61,
39,
43,
13,
53,
43,
13,
43,
34,
25,
43,
39,
34,
61,
63,
41,
43,
34,
43,
43,
43,
25,
43,
43,
43,
18,
52,
5,
38,
24,
24,
35,
52,
36,
18,
53,
23,
28,
35,51,
37,
35,51,
37,
37,
11,
35,51,
37,
19,
34,
12,
48,
12,
18,
34,
12,
34,
36,
15,
19,
12,
38,
44,
38,
36,
48,
25,53,
11,
19,
19,
19,
51,
34,
9,
19,
28,
53,
37,
11,
37,
28,
35,51,
35,51,
37,
53,
52,
51,
53,
29,
37,
34,
38,
52,
53,
11,
37,
53,
35,51,
53,
11,
35,51,
52,
37,
53,
53,
19,
44,
8,
23,
8,
23,36,
19,
12,
19,
19,
9,
37,
37,
37,
37,
28,
35,51,
53,
53,
37,
53,
37,
23,
35,51,
53,
11,
11,
37,
37,
12,
9,
23,
9,
9,
19,
40,
12,
9,
29,
54,
54,
34,
18,
38,
4,
52,
43,
39,
35,51,
28,
11,
35,51,
35,51,
35,51,
28,
37,
19,
53,
43,
25,
35,51,
52,
53,
23,36,
35,51,
15,
25,
12,
37,
28,
35,51,
53,
28,
35,51,
53,
53,
37,
11,
26,
23,
23,
28,
37,
35,51,
37,
37,
37,53,
53,
37,
35,51,
53,
12,
53,
37,
23,
28,
28,
9,
53,
53,
35,51,
53,
53,
8,
53,
53,
53,
37,
37,
37,
37,
11,
37,
11,
53,
37,
23,
43,
28,
44,
19,
66,
44,
44,
44,
44,
44,
28,
52,
53,
35,51,
52,
25,
53,
11,
12,
37,
53,
19,
46,
19,
48,
65,
19,
43,
19,
44,
50,
66,
50,
43,
39,
41,
43,
54,
50,
23,
11,
11,
35,51,
59,
35,51,
12,
53,
51,
53,
36,
38,
25,
19,
19,
34,
41,
18,
34,
34,
61,
25,
28,
41,
61,
39,
54,
28,
37,
37,
35,51,
12,
28,
37,
53,
26,
59,
29,
37,
37,
52,
53,
37,
53,
23,
37,
53,
28,
37,
11,
23,
52,
9,
61,
50,
43,
34,
14,
50,
14,
50,
34,
39,
50,
34,
38,
55,
50,
26,
14,
38,
14,
50,
35,51,
35,
53,
53,
28,
28,
11,
35,51,
53,
37,
53,
35,51,
29,
51,
11,
53,
53,
29,
53,
52,
34,
29,
58,
29,
9,
29,
38,
29,
39,
38,
53,
53,
29,
39,
38,
58,
35,
38,
52,
53,
52,
38,
52,
53,
39,
29,
38,
59,
59,
37,
28,
26,
53,
28,
37,
11,
35,51,
53,
28,
28,
53,
53,
28,
12,
35,51,
53,
35,51,
11,
53,
37,
37,
37,
37,
53,
35,51,
37,
11,
37,
28,
12,
8,
37,
53,
23,
35,51,
37,
53,
53,
37,
11,
23,
8,
37,
37,
11,
11,
53,
23,
37,
53,
53,
35,51,
37,
37,
28,
53,
37,
