0,
0,4,
0,
0,4,
0,2,4,
0,
0,
0,
0,4,
0,4,
0,4,
0,4,
0,4,
0,
0,
0,
0,4,
0,4,
0,
0,4,
0,
0,
0,
0,
0,4,
0,2,4,
0,
0,4,
0,4,
0,4,
0,
0,
0,4,
0,3,4,
0,
0,4,
0,2,4,
2,
2,
2,
2,
2,
2,
2,
2,
2,
2,
2,
2,
2,
2,
2,
2,
2,
2,
2,
2,
2,
2,
2,
2,
2,
2,
2,
2,
2,
2,
3,4,
3,
3,4,
3,4,
3,4,5,6,9,30,
3,4,
3,
3,
3,4,
4,3,
3,
3,
3,4,9,
3,
3,4,
3,
3,
3,4,
3,
3,4,
3,
3,
3,
3,4,5,30,
3,4,
3,
3,
3,4,
3,
3,4,
4,
4,
4,
4,
4,
4,
4,
4,
4,
4,
4,
4,
4,
4,
4,
4,
4,
4,
4,
4,
4,
4,
4,
4,
4,
4,
4,
4,
4,
4,
5,
5,
5,
5,
5,
5,
5,
4,5,3,
5,
5,
4,5,
5,
5,
5,
5,
5,
5,
5,
5,
5,
5,
5,
5,
5,
5,
5,
5,
3,4,5,
5,
5,
4,6,3,
3,4,6,
3,4,6,
3,4,6,12,
3,4,6,7,
3,4,6,
4,6,
3,4,6,12,
3,4,6,9,
3,4,6,
0,2,4,6,57,7,9,
3,4,6,7,
4,6,3,
4,6,3,
3,4,6,
3,4,6,12,
4,6,3,7,9,
4,6,3,
3,4,6,
3,4,6,
3,4,6,
3,4,6,
3,4,6,
4,6,
4,6,
3,4,6,
4,6,3,9,
3,4,6,
3,4,6,9,
4,6,3,7,
7,
4,7,
7,
7,
7,
7,
7,
7,
7,
7,
7,
7,
4,7,
4,7,
7,
7,
4,7,
7,
7,
7,
7,
7,
7,
2,4,7,
7,
7,
7,
4,7,
7,
7,
0,4,8,57,
8,
8,
4,8,
8,
8,
8,
8,
8,
8,
8,68,18,
8,
8,
8,
8,
8,
8,
8,
8,
8,
8,
8,
8,
8,
8,
4,57,8,
8,
4,8,
8,
8,
9,
9,
9,
9,
9,
9,
4,9,
9,
9,
9,
9,
9,
9,
9,
9,
9,
9,
9,
9,
9,
9,
9,
9,
9,
9,
9,
9,
9,
9,
9,
2,10,
5,10,36,
5,10,36,
2,5,10,
10,
10,
4,11,12,46,
10,
2,4,5,10,45,
2,4,10,
4,
2,4,5,10,45,66,70,71,
2,3,4,
2,4,5,10,15,20,36,46,
2,4,5,
2,4,5,10,24,45,70,71,30,36,
10,
2,5,
10,
0,2,10,
4,5,36,10,
0,2,4,5,
2,4,10,5,45,70,71,
4,10,5,30,
2,4,10,
4,
0,3,4,10,
11,
2,5,11,
11,
11,
11,
11,
11,
11,
11,
11,
11,
11,
11,17,
11,
11,
11,
5,11,
11,
11,
11,
11,
11,
11,
11,
11,
11,
11,
11,
11,
11,
12,
12,
4,12,
12,
12,
12,
12,
4,12,
12,
9,12,
12,
4,9,12,
4,12,
12,
4,12,
12,
12,
12,
12,
12,
12,
12,
12,
12,
12,
12,
12,
12,
12,
12,
13,
4,13,
12,13,
4,9,13,19,25,75,
13,
4,13,
3,4,9,13,16,19,75,8,12,34,87,18,46,
4,13,
13,
13,
12,
12,13,
0,3,4,13,75,
12,
12,9,13,75,
4,13,
4,13,
13,
4,13,
4,
13,
13,12,
13,
4,13,
4,9,13,75,
12,
12,
13,
13,
5,9,14,87,
4,14,5,
9,14,
14,
14,
4,9,12,14,
2,4,5,9,14,87,
3,4,9,14,
4,9,14,87,
0,2,4,8,73,77,11,15,57,84,7,9,12,14,20,30,36,60,87,99,67,
4,5,14,
4,5,14,30,
4,9,87,
4,
14,
4,14,
4,14,
67,11,14,
4,9,14,
0,4,8,14,
0,3,4,8,6,7,9,13,16,30,75,14,34,18,
4,9,14,
0,2,3,4,8,10,51,73,5,11,15,24,57,70,71,72,84,7,9,13,19,23,27,30,12,14,32,34,60,87,29,39,53,74,88,67,
4,14,
4,9,14,
14,
4,
14,
4,9,14,
4,9,87,
2,4,15,
0,4,15,
2,4,15,
15,
0,2,4,5,15,
0,2,5,15,
0,2,4,6,15,
0,2,4,15,
0,2,4,10,5,6,15,
0,2,10,15,
2,4,15,
0,2,4,5,6,15,
0,2,4,5,6,15,
15,
0,2,4,5,6,15,57,84,
0,2,4,5,6,15,
0,2,4,5,6,15,
2,4,15,
0,2,4,6,15,
2,4,5,15,
0,2,4,5,15,
2,4,15,
0,2,4,5,15,
0,2,4,15,57,
2,
0,2,4,6,15,
0,2,4,6,15,
2,5,15,
15,
0,2,4,5,6,15,
16,
16,
16,
16,
16,
16,
16,
16,
16,
4,16,
16,
16,
16,
16,
16,
16,
16,
16,
16,22,
16,
16,
16,
16,
16,
16,
16,
9,16,
16,
16,
4,16,
17,
17,
17,
17,
17,
17,
17,
17,
17,
17,
17,
17,
17,
17,
17,
17,
17,
17,
17,
17,
17,
17,
17,
17,
17,
17,
17,
17,
17,
17,
18,
18,
18,
18,
3,4,9,16,8,12,22,32,34,87,18,
57,9,17,21,23,27,8,18,68,12,20,
18,
43,57,18,
18,
18,
18,
18,
2,11,16,43,55,8,17,18,12,22,37,
18,
18,
18,
4,8,18,
8,18,
18,
3,4,9,16,17,21,23,27,82,8,12,22,57,40,18,68,37,
18,
18,
18,
18,
18,
18,
18,
8,18,
18,
18,
19,
19,
3,4,19,
19,
19,
4,19,
19,
19,
4,19,
19,
19,
19,
4,19,
19,
19,
4,19,
19,
19,
19,
19,
19,
4,19,
19,
19,
4,19,
19,
19,
19,
19,
19,
20,
20,
20,
20,
20,
20,
17,20,
20,
20,
20,
17,20,
17,20,
4,12,20,
20,
17,20,
12,20,
17,20,
17,20,
20,
20,
20,
20,
20,
20,
20,
20,
20,
17,20,
20,17,
20,
68,18,21,
4,21,23,
68,18,21,
18,21,
8,
4,
68,18,21,
68,18,21,
68,8,95,18,21,
4,17,21,23,27,
18,
8,68,95,18,21,
68,18,21,
2,4,57,3,9,21,23,8,12,22,18,68,95,
68,18,21,
3,4,16,21,23,8,12,22,18,41,68,
0,2,4,8,10,85,16,24,43,57,18,21,68,95,
8,68,95,18,21,
3,4,6,9,17,21,23,8,12,22,34,40,18,61,68,95,
68,18,21,
21,
68,18,21,
18,21,
34,4,8,21,23,27,
0,4,7,17,21,23,27,
4,8,
21,68,18,
68,18,21,
23,16,43,57,3,21,68,8,95,18,40,
8,21,23,41,
3,9,16,21,82,22,18,
3,16,21,18,68,22,37,
4,22,
2,16,3,9,21,22,18,68,
22,
18,22,
3,6,16,21,23,40,8,18,41,68,22,37,
4,22,
3,6,16,17,19,40,8,18,31,34,51,68,12,38,11,22,
22,
4,22,40,
22,
22,
22,
18,22,
16,22,
22,
0,3,4,8,9,16,21,30,22,18,
16,22,
22,
2,16,3,9,21,82,12,22,18,
22,
16,22,
3,9,16,21,22,
2,4,22,
16,
22,
12,22,
22,
3,16,21,18,68,22,
0,2,3,4,8,51,6,15,16,54,58,84,23,30,82,34,68,65,
23,8,
23,
23,
23,24,
23,
23,
23,8,41,
0,2,3,4,8,51,77,6,15,24,57,84,93,7,9,13,17,21,23,30,12,20,34,40,
0,4,5,6,
0,2,4,5,6,
2,4,6,58,3,9,21,23,27,30,65,
3,4,5,9,23,30,
23,
0,2,4,15,
4,23,
4,57,34,8,23,
4,24,23,
23,8,
23,
2,15,3,23,30,8,60,98,65,
0,2,4,10,85,5,6,11,15,24,33,54,57,71,72,84,20,30,60,23,
3,30,23,
23,
23,8,
23,3,
23,
24,
4,24,
24,43,
24,
0,2,3,4,8,28,85,5,11,24,43,7,12,32,26,92,96,
24,
4,24,
24,
24,
24,
24,
2,4,24,69,
24,
2,4,5,11,24,
0,2,3,4,8,5,6,11,15,16,24,47,69,84,7,12,32,
24,
24,
24,
24,
2,3,4,5,24,69,7,32,26,
4,24,
24,
24,
24,
2,4,24,6,
4,24,
2,24,
2,4,5,6,11,24,69,3,7,8,32,96,
24,
24,
25,
25,
0,2,3,4,28,85,11,16,35,55,69,72,7,9,13,17,19,25,42,50,82,12,22,96,18,
5,25,
3,4,25,75,82,
11,17,25,12,
11,25,12,
2,11,7,25,
3,4,5,7,25,30,82,
2,11,25,
11,
11,25,12,
12,9,25,75,22,
2,4,11,16,3,7,9,25,30,75,82,12,20,22,34,87,96,18,37,
11,17,25,
4,25,
3,4,9,19,25,50,75,82,12,11,18,37,
17,25,
25,
3,4,9,16,21,25,50,82,12,22,18,39,11,37,
11,
7,11,17,25,
25,
25,
2,3,28,11,16,35,55,64,69,72,9,17,25,50,75,82,12,18,20,22,
7,17,25,35,
7,11,26,
11,7,26,
26,
0,2,3,4,8,85,5,6,11,24,55,58,64,69,72,91,7,9,13,17,19,23,25,27,30,50,75,12,14,20,32,34,36,86,53,26,92,96,
7,26,
26,
26,
7,
4,7,
11,26,
11,26,
26,
11,7,26,
26,
7,11,26,
0,2,4,8,28,5,6,11,24,43,48,7,12,20,27,26,17,
26,
26,
7,
7,11,26,
7,26,
11,7,26,
26,
26,
4,7,
11,26,
7,26,
2,4,5,6,11,35,3,7,17,19,25,27,50,12,20,86,26,96,
7,26,
26,
4,27,
4,8,
4,27,
27,8,
27,
4,8,27,
27,
27,
3,5,27,
27,
27,
3,5,27,88,
4,27,
4,27,
8,27,
8,27,
0,27,
27,
27,
27,
8,27,
8,27,
27,
4,9,3,27,
27,
0,4,27,
27,
27,
3,27,
4,5,
2,28,
28,
11,2,17,28,
28,
28,
28,
28,
28,11,
28,
28,
2,28,
11,2,17,28,
2,4,28,
28,
28,
11,2,17,28,
0,28,
28,
28,
17,28,
28,
17,28,
28,
28,
28,
28,
0,3,4,28,16,47,9,17,12,86,37,
28,
2,4,11,16,47,12,86,17,28,18,97,37,
28,
22,
12,22,29,
22,
4,34,
22,
4,5,
16,22,
16,22,
12,
4,12,
12,11,29,53,70,72,
4,12,
22,
22,
2,30,
5,
3,30,4,5,27,
4,5,6,3,7,9,13,19,30,
2,3,4,5,30,
4,5,3,7,13,19,30,
4,
0,2,4,15,33,47,54,57,69,72,84,91,30,60,
2,3,4,5,30,
3,4,5,30,14,36,
3,4,5,30,
0,3,4,5,6,7,9,13,30,
5,
2,4,5,30,
3,4,5,
2,4,5,14,30,36,
0,3,4,5,6,7,9,13,19,30,
2,4,5,14,30,
4,5,3,30,
5,
3,4,5,30,
2,3,30,
0,3,4,5,7,9,13,19,30,
3,30,
4,5,3,30,
2,3,30,5,24,
4,5,3,30,
8,31,
17,31,
4,34,31,51,
31,
17,31,83,
17,31,83,
31,83,
31,
31,
31,
31,
31,
31,
17,31,83,
8,18,31,
17,31,83,
31,
0,2,4,8,28,51,77,11,24,43,57,58,91,12,19,20,34,86,99,17,18,31,61,37,
17,31,38,11,20,37,86,
17,31,83,
8,17,31,
8,31,
31,
31,
31,
31,
17,31,
4,31,
31,
31,
32,
32,4,9,24,88,
0,2,4,8,10,5,15,24,43,54,57,84,7,32,
8,32,
32,
32,9,24,2,5,6,16,47,69,14,39,
32,9,
9,
32,4,9,
32,4,9,
32,
9,
32,9,
2,4,8,5,6,11,24,7,12,32,
32,
32,
32,4,9,
32,4,9,
24,
32,9,
9,
32,4,9,
32,
32,
4,7,9,8,32,57,
2,3,4,8,5,11,24,69,7,12,32,
32,
32,
33,
2,33,
33,
2,33,
33,
33,
33,
33,
2,33,
33,
2,33,
33,
33,
33,
33,
33,
33,
33,
33,
2,33,
2,33,
2,4,33,
33,
33,
2,33,
33,
33,
2,33,
2,33,
2,33,
4,34,
4,34,
4,34,
4,34,
4,34,
4,34,
34,
4,8,7,34,
4,34,
34,
34,
4,34,
4,34,
4,8,6,84,7,12,34,
4,34,
4,34,
4,34,
4,34,
4,8,7,34,
4,34,
4,34,
4,12,34,
4,34,
4,34,
4,34,
4,34,
4,34,
4,34,
4,34,
4,34,
11,35,
0,4,5,6,35,64,
5,35,7,17,
5,35,50,
35,
3,4,
35,
3,4,19,35,
0,2,4,10,85,15,16,35,45,48,57,64,84,
4,35,
35,
35,
5,35,
35,
35,
35,
0,4,5,6,35,
35,
3,
5,35,
3,
4,6,16,35,64,
35,19,
33,3,6,35,
35,
35,19,
0,4,6,16,33,35,64,
3,4,
3,9,
36,
4,12,20,36,
36,
20,
2,4,11,12,20,36,
4,36,
36,
4,36,
3,4,17,30,33,20,36,77,86,99,11,28,44,
4,36,
4,12,20,36,
4,77,12,20,36,99,
20,
4,36,
4,36,
4,36,
4,36,
4,36,
4,36,
4,36,
12,36,
4,20,
20,
36,
4,36,
20,
20,
37,
0,2,4,28,51,5,6,11,16,47,57,69,71,72,84,9,12,87,46,37,
37,
0,2,3,4,8,28,85,6,11,16,35,47,69,9,17,25,37,
37,
47,91,17,28,37,86,
37,
37,
37,
0,2,4,8,28,77,5,11,47,55,57,72,90,91,12,20,36,86,99,17,61,97,37,
37,
37,
37,
37,
9,18,22,37,
0,2,3,4,8,28,5,6,11,16,9,17,21,82,12,86,18,68,37,
37,
37,
4,
2,
4,
37,
0,2,4,11,16,24,47,69,71,72,84,7,9,12,60,86,37,
37,
2,4,11,16,47,69,72,3,9,12,86,39,28,97,37,
37,
11,17,37,
0,2,3,4,28,85,6,11,16,47,57,69,71,72,84,7,9,17,25,12,20,60,86,37,
17,
38,
38,
9,38,
38,
11,16,47,3,38,62,
38,
38,
38,
38,
38,
4,38,
38,
38,
38,
38,
38,
38,
38,
38,
38,
38,
38,
9,38,
38,
38,
0,2,3,4,51,76,6,11,16,47,69,9,12,20,32,86,38,37,
38,
38,
3,9,38,37,
38,
39,5,
39,
4,39,
39,
39,
39,
39,
3,4,39,
39,
5,11,39,
4,39,
4,5,11,39,
3,39,
3,39,
3,4,39,
4,39,
39,
4,39,
4,39,
4,39,
39,
4,39,
39,
11,39,
39,3,5,
39,
39,
39,
4,39,
4,39,
40,12,16,22,
4,40,
4,7,8,
3,4,
8,40,
34,4,8,7,40,
8,
4,7,40,
4,8,7,
4,7,40,
34,4,8,7,17,21,23,40,
0,4,8,34,57,40,
4,7,40,
4,24,7,8,40,
0,4,8,34,7,17,21,23,40,
4,7,40,
4,40,
4,40,
34,4,8,7,57,40,
8,
4,7,40,
4,7,40,
8,40,
4,57,8,34,40,
4,40,
4,7,8,
34,4,8,7,17,21,23,40,
8,40,
4,7,8,40,
23,3,4,13,21,27,30,42,75,8,15,22,41,
4,
8,
3,4,6,7,16,19,23,42,82,22,40,41,
0,2,3,4,8,51,6,15,16,9,13,19,75,22,34,40,18,41,68,
65,57,23,83,
4,3,23,
0,2,3,4,8,10,6,15,16,64,9,13,19,21,23,30,42,50,22,34,
23,
8,68,16,37,18,21,40,41,22,
3,4,9,16,21,23,8,12,22,18,40,41,68,
3,4,5,6,7,9,16,21,23,27,8,22,40,18,41,68,
4,21,23,27,
3,4,6,16,21,23,8,15,22,57,40,41,51,68,
23,
3,4,6,9,16,19,21,23,82,8,22,34,57,40,18,41,68,
4,8,21,23,68,18,41,
4,
0,2,3,4,8,10,51,77,6,15,16,57,58,84,7,9,13,17,21,23,30,20,22,60,18,68,
3,16,8,18,40,41,22,
16,22,
23,3,9,16,21,82,68,8,18,40,41,22,
8,
2,4,6,15,16,57,3,9,19,21,23,8,22,34,40,18,41,68,37,
23,2,4,15,22,41,42,
3,42,
4,16,42,
42,
4,42,
4,16,42,
3,4,6,9,16,42,
42,
3,42,
4,16,42,
3,4,
4,16,42,
3,42,
4,16,42,
4,3,7,42,
3,4,6,9,16,42,
4,16,42,
4,16,
42,
42,
22,
0,3,4,5,7,16,21,30,42,82,
4,16,42,
42,
5,42,
4,16,42,
4,16,42,
3,4,5,9,19,42,
42,
4,42,
43,
0,4,
2,43,
2,43,
43,
2,5,11,43,72,
43,
43,
0,4,43,
2,
2,43,
2,
43,
8,43,
0,2,4,43,
2,4,6,24,43,57,84,
43,
0,4,24,43,93,
43,
43,
43,
0,4,43,
0,2,4,10,15,24,43,57,84,93,
43,
4,43,
43,
2,43,
43,
43,
43,
3,8,44,
17,
44,
4,3,7,17,8,44,
2,4,11,35,3,7,17,8,12,20,36,77,86,99,37,44,
17,
44,
8,17,44,
2,4,5,11,24,72,7,8,12,20,17,28,44,
17,
2,11,24,35,48,90,7,20,26,28,44,49,
2,4,11,3,7,17,8,12,20,77,86,44,
2,4,5,11,3,7,17,27,8,20,36,44,
2,3,4,5,11,7,17,12,44,
17,8,44,
44,
44,
5,11,8,17,18,34,51,61,44,
2,4,11,3,7,17,8,12,20,77,86,99,37,44,
11,8,17,44,
7,20,11,26,28,44,
11,24,7,20,28,44,
2,4,11,24,43,72,3,7,17,19,8,12,20,61,28,44,49,
17,8,44,
44,
2,4,5,11,16,24,3,7,17,27,8,20,77,86,99,26,37,44,
3,17,8,44,
44,
2,4,5,45,
2,4,5,45,
2,4,45,84,
2,4,5,6,45,
2,4,5,45,
2,4,5,45,
2,5,45,
2,4,5,45,
2,45,
2,4,5,45,84,
2,4,6,45,
2,4,45,
2,4,45,
2,4,45,
2,4,5,45,
2,4,45,84,
2,4,5,45,
2,4,5,45,
2,4,5,6,45,
2,4,5,45,
2,4,6,45,84,
2,4,5,45,
2,4,6,45,
2,4,5,45,84,
2,4,5,6,45,84,
2,4,5,45,
2,4,5,45,
2,45,
2,45,
4,
4,
4,11,12,
5,
12,46,
12,20,46,31,
46,12,
12,46,
4,12,46,
12,46,
11,71,12,46,
12,46,
12,
46,
12,
4,
12,46,
0,2,3,4,10,5,6,11,15,16,47,54,69,70,71,72,9,30,50,12,20,22,34,36,87,46,29,39,53,
12,46,
0,2,4,8,10,85,5,6,11,15,35,43,54,57,58,70,71,72,84,91,7,9,12,13,14,19,20,22,30,36,86,87,99,29,17,46,
54,
46,
11,12,46,
36,46,
2,4,5,70,71,3,9,25,30,75,12,14,36,29,53,74,46,
46,
4,
12,46,
46,
12,46,
47,
0,2,3,4,8,52,76,11,16,47,86,37,
0,2,4,
0,
4,47,
4,16,47,
2,47,
0,4,
47,
47,
0,2,4,51,11,16,47,69,9,12,18,37,
0,2,47,
0,2,47,
16,47,
4,47,
4,47,
37,
0,2,28,52,11,16,47,37,
0,2,4,10,43,47,
4,47,
0,2,3,4,10,5,6,11,15,16,47,69,71,72,9,19,25,50,82,12,14,22,32,34,87,39,46,
0,2,4,47,
0,2,4,10,85,43,47,
4,47,
0,2,28,
4,16,47,
0,2,4,8,10,51,52,85,43,47,17,
0,2,4,8,10,51,52,16,17,21,68,
4,47,
2,11,35,48,
48,
0,2,4,10,48,57,
48,
48,
2,48,
48,
2,48,
48,
2,48,
2,11,35,48,
48,
2,48,
2,48,
48,
48,
2,11,35,48,
2,48,
2,35,48,
2,48,
2,35,48,
2,48,
2,35,48,
2,48,
0,2,3,4,10,28,85,5,11,16,35,45,48,54,64,66,71,84,13,50,12,53,
0,2,3,4,10,85,5,6,11,15,24,33,35,45,48,54,57,64,66,84,50,
2,35,48,
48,
2,48,
48,
2,11,
0,2,3,4,28,11,72,7,17,19,12,20,37,49,
2,
28,
49,
79,
0,2,3,4,8,28,51,85,11,86,49,
2,35,48,66,
2,48,
28,
0,2,3,4,28,85,6,11,16,35,47,55,58,71,72,90,13,17,50,12,20,86,62,79,37,49,
0,2,28,11,35,48,7,26,62,49,
49,
2,11,17,8,26,79,
2,
0,3,8,28,11,17,20,37,49,
11,28,49,
2,28,11,35,48,90,26,79,49,
2,
2,
2,48,
49,
11,72,53,12,28,20,97,37,49,
49,
11,
49,
2,5,11,35,43,48,66,90,94,3,13,12,62,79,49,
3,4,9,
3,4,
3,
3,
3,
3,
3,4,
3,4,5,
3,
0,4,35,7,17,25,50,
3,
3,
3,50,
3,4,
3,4,
51,31,34,
34,18,51,
8,
18,34,51,
34,12,31,51,
8,
34,12,18,51,
34,12,51,
4,51,18,
12,
18,51,12,
34,8,18,51,
34,51,
34,18,51,
8,
34,18,51,
34,4,18,51,
8,
18,34,51,
8,
34,12,31,51,
18,34,51,
8,
34,8,18,51,
18,34,51,
0,2,4,8,10,52,
0,2,52,
0,2,4,8,10,52,
0,2,28,52,
0,2,4,10,52,85,
2,3,4,52,24,43,7,
0,4,8,52,
2,4,
0,2,4,52,
4,8,
52,
0,2,4,8,10,51,52,43,57,34,
2,52,
0,4,43,
2,52,
0,2,4,8,10,51,52,85,
2,4,8,52,85,11,24,43,7,13,
2,52,
0,2,4,10,52,85,
2,
0,2,4,10,52,
0,2,52,
2,52,
2,52,
0,2,4,10,52,85,
0,2,4,10,52,85,
0,2,4,10,52,85,
11,72,53,12,25,
11,72,53,12,
11,53,
4,11,53,
11,72,12,53,25,
11,53,
11,53,
11,53,
11,53,
11,2,5,53,
11,53,
2,5,11,53,
5,11,53,
12,11,53,72,
2,5,11,53,
2,11,5,53,
11,72,12,53,
11,53,74,72,12,
11,53,
2,5,11,53,
2,5,11,53,
11,53,
12,11,53,72,
11,53,
11,53,
11,72,53,12,25,
11,72,53,12,25,
2,5,11,53,
4,11,70,53,
2,5,11,53,
2,4,54,
0,2,4,10,54,
10,54,
2,4,54,
54,
0,2,4,5,15,54,
0,2,4,5,6,15,54,57,84,
2,4,5,10,11,15,54,70,71,72,12,20,36,74,46,25,50,18,
2,54,
0,2,4,5,15,54,
0,2,4,5,54,
0,2,4,10,54,
0,2,4,10,54,
2,10,54,
54,
54,
0,2,4,54,
2,4,54,
2,4,10,54,
54,12,36,
2,4,54,
54,
10,54,
10,54,
0,2,4,10,54,
0,2,4,10,15,54,
0,2,4,5,54,
2,10,54,
2,11,
2,11,55,
2,4,11,35,55,72,
55,12,
2,11,35,55,64,69,72,90,
11,
2,
11,55,12,
2,11,55,72,
2,
11,7,55,12,
2,11,55,64,69,72,
2,11,55,
2,55,
11,
2,85,11,55,64,72,
2,
2,11,55,
11,17,
2,11,55,72,
2,4,11,55,64,69,72,90,
11,55,12,
2,11,55,72,
2,11,55,72,
55,12,
11,55,
11,
11,
4,19,56,
76,
3,4,19,12,56,
4,
0,4,10,12,19,56,
2,56,
0,2,4,8,19,56,
0,4,56,
3,4,9,19,56,
0,4,19,56,
0,4,9,56,
4,19,56,
0,2,4,19,56,
0,56,
0,56,
0,4,56,
0,4,56,
0,2,4,19,56,
0,4,56,
0,3,4,56,
0,4,56,
0,4,56,39,
0,4,19,56,
3,4,19,56,
0,4,77,19,56,80,
0,4,5,9,12,56,
4,56,
0,3,4,28,76,6,16,48,9,19,56,38,
0,4,56,
0,4,43,57,
0,4,24,43,57,
4,24,43,57,93,
43,57,8,
0,4,24,57,93,
0,4,24,43,57,
0,4,24,43,57,
0,4,24,43,57,93,
0,4,24,43,57,
0,4,43,57,
0,4,57,
0,4,24,57,93,
0,4,24,43,57,93,
2,
0,4,24,43,57,93,
0,4,24,57,
34,4,8,
4,
0,4,24,43,57,
0,2,4,10,85,24,43,57,66,93,
4,24,43,57,
0,4,24,43,57,93,
0,4,43,57,
0,4,24,43,57,93,
0,4,24,43,57,93,
2,
0,2,4,5,24,57,
0,2,4,10,85,24,43,57,84,
4,24,43,57,93,
8,
58,
8,58,
3,8,17,21,23,61,58,
17,
2,4,57,58,3,17,19,8,34,
2,4,57,58,3,17,8,20,61,
2,58,91,8,20,
17,8,61,58,
3,8,58,
23,
8,58,
8,
2,4,6,11,33,58,91,3,17,19,8,20,61,
23,
2,58,
23,
3,8,58,
0,2,3,4,8,5,6,11,16,24,35,57,58,91,13,17,19,21,23,27,42,50,20,
0,4,23,
2,24,43,58,91,17,21,23,8,61,83,
2,11,58,91,8,20,17,98,
0,2,3,4,8,51,16,57,58,91,17,20,34,61,
58,
4,17,
17,
23,
3,17,20,58,91,98,
17,
17,
7,3,4,59,
59,
7,4,59,
59,
59,
59,
7,59,
7,4,5,59,
59,
4,12,
59,
7,59,
39,59,
3,4,5,7,59,
4,11,
7,59,
7,
7,
59,
7,59,
7,4,59,
7,
7,59,
4,12,
4,5,12,59,
5,59,
7,4,5,59,
7,11,3,4,59,
59,
4,
4,
4,
4,
4,
4,
28,
0,2,3,4,8,28,51,6,11,16,47,57,84,7,9,13,17,19,12,14,20,22,60,86,18,38,37,
4,
4,12,20,36,60,77,
4,
4,
4,
4,
4,
4,
4,5,30,60,
4,
2,4,20,30,60,
17,3,61,11,20,
2,4,11,3,7,17,19,8,12,20,34,18,61,
17,8,61,
0,2,3,4,8,28,51,77,16,57,9,17,19,21,30,82,12,20,34,86,99,18,61,
61,
8,17,61,
61,
8,17,61,
61,
3,61,
61,
8,61,
61,
17,8,61,
3,61,
11,72,3,17,19,25,8,18,31,34,51,61,12,20,
8,61,
61,
17,
61,
3,8,20,61,
3,61,
8,17,61,
3,61,
61,
8,17,61,
61,
61,
8,61,
8,17,61,
2,35,90,62,
48,
62,
11,62,
2,
2,48,
62,
2,35,90,62,
11,2,35,72,90,62,
62,
62,
11,
2,11,35,90,62,
2,35,48,66,
2,11,35,62,
62,
2,11,35,48,
2,11,35,48,
11,2,35,90,62,
2,11,35,
48,
2,48,
2,4,10,11,16,35,48,57,64,66,72,84,90,3,17,19,50,12,53,62,49,
2,48,
34,63,6,
34,4,
4,34,
4,
34,
4,
4,34,
4,34,
4,34,
4,
4,
4,
4,34,
4,34,
4,
4,34,
4,
6,34,63,
2,3,4,6,34,
4,34,
4,34,
4,
4,12,34,
4,34,
4,34,
4,34,
4,
4,
4,34,
64,2,11,
64,5,
2,11,64,
64,7,
64,
64,11,12,
64,2,11,7,12,
0,2,4,85,33,11,57,64,
5,64,7,
2,11,
2,5,7,
2,85,5,11,35,64,
0,2,3,4,10,28,51,6,11,15,24,35,47,54,57,64,69,84,93,94,9,13,19,25,50,12,22,60,87,99,
0,3,4,64,13,
64,3,4,6,19,30,
64,2,11,
2,5,64,
0,2,4,64,6,57,
64,7,
2,11,
3,4,
64,3,
0,2,4,10,33,11,35,57,64,
64,2,12,
64,11,12,
64,
0,4,64,
64,2,11,
0,3,4,5,6,7,9,13,19,30,
2,15,24,58,93,21,23,65,
8,17,83,20,65,
0,2,3,4,8,10,51,16,43,57,58,17,21,23,30,12,20,34,98,65,
0,2,4,10,85,11,15,16,24,33,43,57,58,84,93,30,60,65,
2,4,15,24,43,23,83,65,
2,3,4,8,85,5,11,24,7,32,26,65,
33,65,78,98,83,17,20,
33,
23,
2,3,30,65,
2,4,5,16,33,3,9,21,23,27,30,65,
2,3,30,60,65,
65,
33,
2,65,
2,4,20,30,17,98,65,
2,3,30,60,65,
2,4,15,16,3,21,23,27,30,65,
2,3,4,33,30,20,60,78,65,
3,
3,65,
2,3,4,28,17,20,98,65,
2,4,33,91,20,30,60,65,
0,2,3,4,8,85,5,15,16,24,43,57,84,93,21,23,30,20,34,60,65,
24,65,
65,
2,3,4,5,11,24,7,17,65,
3,65,
2,3,33,30,60,65,
2,4,5,15,24,57,3,7,21,23,27,30,65,
0,4,24,43,57,93,
2,5,11,24,45,66,70,71,
2,43,57,66,93,
0,4,24,43,57,93,
93,
0,4,57,
5,
48,
2,
0,4,24,43,57,93,
0,2,4,10,6,24,43,57,66,84,93,
2,5,10,24,45,66,70,71,
2,48,
0,4,24,43,57,93,
2,
2,66,
0,4,24,43,57,93,
66,5,
0,4,24,43,57,93,
0,4,43,57,93,
2,66,
0,2,4,35,48,57,66,84,
0,4,24,43,57,93,
67,11,
67,
33,2,65,11,67,
96,7,11,65,67,8,
67,
11,
33,3,30,65,5,67,
67,
65,
5,11,
2,11,55,64,72,90,3,7,17,50,96,67,
0,2,3,4,8,85,11,7,12,34,96,65,
0,2,3,4,10,85,5,11,16,24,33,47,57,58,69,71,84,9,17,27,30,50,98,65,
33,2,3,30,60,65,4,9,23,8,14,87,67,
2,11,24,43,40,8,17,18,34,51,68,95,
4,
3,9,16,68,
4,8,34,
0,4,8,57,
8,
4,8,9,22,86,37,16,17,68,95,18,21,40,
4,
8,
8,68,95,18,21,
8,
68,
21,68,18,
16,
8,23,
2,4,5,6,24,3,9,23,8,32,95,
8,
8,
2,4,5,16,24,3,21,8,68,95,18,40,
8,
16,
8,
68,18,21,
4,
3,4,9,16,21,22,86,18,68,38,47,37,
2,4,24,57,8,12,20,17,18,61,68,95,
69,
12,69,
69,12,
69,12,
69,12,
11,69,12,
2,85,5,11,35,64,69,72,90,
4,69,
2,11,69,72,
4,69,
69,12,
0,2,3,4,11,16,35,47,57,64,69,70,71,72,9,17,19,12,34,87,18,
69,12,
11,
69,12,
12,69,
69,12,
11,2,69,
69,
69,
69,
69,12,
2,85,11,55,64,69,72,90,
69,12,
2,11,69,72,
69,12,
69,
69,12,
69,12,
69,12,
4,5,30,29,53,70,71,
4,29,70,71,74,
5,
4,5,11,70,71,
4,70,71,29,74,
4,11,70,71,
4,70,71,
11,70,71,72,
4,11,70,71,
4,11,70,71,29,53,74,
4,11,70,71,
4,11,70,71,
4,5,70,71,
4,29,53,70,71,74,
11,70,71,
4,11,70,71,
4,11,53,70,71,74,
4,70,71,
2,4,5,11,70,71,
4,11,70,71,
4,11,70,71,
11,70,71,29,53,74,
4,11,70,71,
4,5,11,70,29,74,
4,11,70,71,
4,70,71,29,53,74,
11,53,70,
4,11,70,71,29,53,74,
4,11,70,71,
4,11,70,71,
2,4,5,70,71,
0,2,4,11,55,57,69,71,72,84,90,
2,4,5,15,57,71,72,
2,
4,11,70,71,
2,
2,4,5,71,
0,2,4,6,11,15,35,57,69,71,84,
2,4,5,10,11,24,45,70,71,
4,11,70,71,72,
2,4,5,70,71,
2,
4,70,71,72,
4,11,70,71,29,53,
4,71,72,
2,
70,71,72,
2,
2,
4,11,70,71,72,
0,2,4,11,69,71,72,
2,4,10,5,11,24,45,66,70,71,
2,4,5,11,70,71,
12,
0,2,4,11,15,54,55,69,71,72,84,
2,4,10,5,24,45,66,70,71,
4,11,71,72,
2,
11,72,
2,5,11,35,69,72,
0,2,4,10,85,11,55,69,72,90,
2,85,11,55,64,69,72,
2,
2,4,85,11,55,69,72,90,
2,85,11,35,55,69,72,
4,11,72,
2,85,11,55,69,72,90,
2,85,11,55,69,72,90,
11,72,
11,
2,11,55,64,69,72,
2,5,11,55,69,72,
2,11,55,69,72,
2,11,55,64,69,72,85,
11,72,
2,85,11,55,69,72,
2,85,11,55,69,72,90,
0,2,4,64,11,5,54,55,57,71,72,84,
2,85,11,35,55,64,69,72,
4,11,72,
2,11,64,69,72,90,
2,85,5,11,35,55,69,72,
2,4,85,11,35,55,64,69,71,72,90,
2,5,11,35,55,64,69,72,85,
11,72,
2,85,11,55,69,72,
4,11,70,71,72,
0,3,4,8,73,5,6,9,16,23,27,14,24,39,
4,
4,9,14,
4,
73,5,
3,4,
4,73,
4,14,
0,3,4,8,73,9,13,16,19,23,27,30,14,87,
0,3,4,8,73,5,6,9,23,27,30,14,34,87,
3,4,6,9,13,16,27,30,8,12,14,20,34,57,99,73,
2,4,11,69,7,9,12,14,87,67,
0,3,4,9,
4,
4,
4,73,
4,5,14,
3,4,5,9,16,23,27,8,12,14,57,87,18,73,
3,
3,4,5,
9,14,
4,
0,3,4,8,73,27,14,
0,3,4,8,73,5,6,7,9,13,16,27,30,14,34,36,57,86,
4,73,5,9,14,87,
2,4,5,6,11,16,47,57,69,70,3,9,17,23,27,8,12,14,34,87,39,18,73,
4,9,
0,3,4,8,73,
4,9,
14,
12,
4,29,53,70,71,74,
4,74,
74,
12,
74,
11,53,70,71,74,
74,
12,9,74,
0,3,4,6,9,16,12,86,38,74,
74,12,
12,9,74,
2,4,11,54,70,71,72,9,12,20,22,34,87,29,53,74,25,
9,74,
9,74,
9,74,
4,6,11,3,9,12,14,74,
5,
74,12,
12,
9,74,
12,
4,74,
70,74,12,
12,
12,9,74,
12,9,74,
12,
12,9,74,
74,
9,25,75,
5,9,75,
4,
9,25,75,
3,4,
5,9,25,75,
0,2,3,4,5,6,11,16,33,35,47,69,70,71,72,7,9,13,25,27,30,42,50,75,82,12,20,22,60,39,38,
12,9,75,11,70,71,74,
4,9,75,
4,
3,39,
5,9,25,75,
3,5,
2,4,5,11,69,70,71,72,3,7,9,13,19,25,30,75,82,12,14,22,29,39,53,74,59,96,
9,75,
9,25,75,
11,
3,4,5,6,9,13,16,30,50,75,12,22,32,34,36,87,11,39,53,70,74,38,69,46,
5,9,25,75,
9,
4,
4,39,
4,
3,4,5,9,25,75,82,
3,4,
5,9,75,
76,
76,
76,
76,
0,2,3,4,76,6,11,47,69,9,12,56,38,37,
0,
76,
76,
0,76,
76,
76,
0,3,4,28,76,5,9,14,32,56,86,
38,
76,
0,76,
0,76,
76,
0,76,
76,
76,
76,
76,
76,
76,
0,2,3,4,76,5,6,16,47,69,9,12,56,86,38,37,
76,
76,
0,2,3,4,76,16,33,47,69,9,12,32,86,38,37,
0,2,3,4,76,5,6,15,48,84,9,19,12,14,20,56,38,
76,
20,
20,
20,
4,77,12,20,
20,
17,20,
4,28,77,
20,
20,
20,
20,
4,28,77,
0,2,3,4,8,10,28,76,77,33,91,17,20,36,99,83,38,
4,77,
20,
20,
4,28,77,
20,
20,
20,
4,28,77,
20,
20,
20,
4,28,77,
20,
2,3,4,28,77,33,91,17,20,99,
20,
20,
78,
78,
78,
78,
2,3,4,77,33,91,17,30,20,36,99,98,78,
78,20,
78,
4,33,91,12,20,86,37,17,78,
78,
78,
78,
0,2,4,10,5,11,15,33,47,69,84,91,20,78,
78,
78,
78,
2,4,77,33,91,20,30,60,17,98,78,65,
2,8,11,33,91,20,17,78,
78,
0,2,3,4,28,77,5,11,70,71,72,84,9,17,30,12,20,36,99,78,
78,
78,
78,
78,17,20,
78,
78,
78,
78,20,
78,
78,
78,
0,2,3,4,10,28,51,12,20,26,79,
0,2,3,4,8,10,6,11,16,33,35,47,48,69,70,71,72,84,90,94,13,19,12,79,
2,11,72,7,8,26,79,
0,2,3,4,8,10,6,11,16,57,13,12,79,
2,6,3,13,12,79,
0,2,4,8,10,28,11,12,13,20,17,26,79,
0,2,3,4,8,28,51,5,6,11,7,13,27,50,12,26,79,
79,
0,2,3,4,10,28,51,6,11,64,69,72,7,13,25,12,26,79,
0,2,3,4,28,51,5,6,11,15,35,48,57,71,72,84,13,19,50,12,20,79,
0,2,4,8,10,28,51,6,11,16,47,55,69,70,71,72,84,7,12,13,26,79,
0,2,4,10,28,47,48,54,69,71,84,12,13,19,20,79,
79,
4,
2,4,5,6,11,16,35,48,72,7,13,8,26,79,
2,3,4,8,85,5,11,24,69,72,90,7,13,17,25,12,26,79,
0,2,3,4,8,6,11,55,57,7,13,12,26,79,
0,2,3,4,8,28,51,11,13,17,12,20,79,
0,2,3,4,8,28,51,5,11,15,35,47,55,57,70,71,72,84,13,12,26,79,
2,4,8,11,35,64,69,72,7,26,79,
2,3,4,8,28,6,11,35,48,69,72,90,7,12,26,53,62,79,
0,2,8,51,11,70,72,26,13,79,
13,
0,2,3,4,8,10,28,51,5,6,11,16,24,54,55,57,58,66,13,17,19,12,20,79,
0,2,3,4,8,10,28,85,5,11,16,24,58,91,13,17,12,20,79,
3,4,5,13,35,50,8,12,20,11,79,
2,3,4,8,6,13,12,79,
79,
2,11,35,48,70,71,72,90,3,19,12,62,79,
0,2,3,4,8,10,6,16,57,84,13,19,12,79,
4,
0,2,4,8,76,77,56,80,
80,
2,4,5,6,15,84,80,89,
0,2,4,
2,4,6,7,9,56,80,89,
0,2,4,5,6,15,84,80,89,
4,19,80,
4,19,56,80,
4,
4,80,
0,2,4,
4,
4,
2,4,5,6,15,57,84,80,
0,3,4,56,
2,4,5,15,3,30,89,
0,3,4,
0,2,4,8,77,56,80,
3,4,
19,56,
0,3,4,
4,
4,
3,4,56,
2,4,6,15,57,84,80,89,
3,4,9,19,
3,4,5,6,16,33,47,69,91,9,17,19,12,14,32,86,74,38,37,81,
81,
3,4,9,33,12,20,74,38,81,78,
81,
81,
81,
0,2,3,4,6,11,15,16,35,47,57,64,69,9,19,50,12,14,81,
81,
0,2,3,4,76,16,35,47,69,19,12,38,37,81,
81,
81,
81,
81,
4,6,16,3,9,17,19,37,81,
81,
81,
38,81,
38,81,
81,
0,2,3,4,8,6,11,15,16,47,57,69,84,7,9,13,19,30,12,14,20,32,18,81,
81,
38,81,
0,2,3,4,8,10,85,5,6,15,48,54,57,71,84,19,12,56,38,81,
81,
81,
0,4,5,6,47,69,19,38,81,
81,
81,
81,
0,2,3,4,6,16,48,57,9,19,12,81,
82,3,25,
3,9,16,21,82,
25,
3,4,6,9,16,19,25,75,82,
3,82,16,
3,82,16,
82,3,16,
3,9,16,21,82,
3,9,16,21,82,
2,4,11,16,3,17,82,22,18,
82,3,16,
3,4,5,9,19,25,75,82,
3,82,
3,82,25,
3,4,5,9,25,35,50,82,
3,16,21,82,
16,3,9,21,82,
3,16,82,
3,82,16,25,
16,3,82,
82,3,16,25,
3,
3,
3,9,16,21,82,
3,82,
3,9,16,21,82,
3,4,9,16,19,21,25,50,75,82,12,22,18,39,69,11,37,
33,3,30,82,
2,4,5,11,91,7,8,12,20,34,36,77,99,17,31,83,67,78,
2,11,20,60,78,83,
17,83,
83,
65,
4,
4,8,20,77,99,17,83,91,78,
20,
20,
17,31,83,
20,
4,6,84,3,7,8,12,34,
2,
4,6,84,34,12,7,
4,
0,2,4,15,54,57,84,
4,34,
2,
0,2,4,5,57,84,
4,34,
4,
2,4,5,84,
4,
4,
0,2,4,15,57,84,
2,
2,4,5,6,57,84,
2,4,5,6,15,84,
0,2,4,84,
4,
2,4,84,
0,2,4,5,6,15,84,
0,2,4,5,6,15,54,57,84,
2,
2,
11,
11,
11,
11,
11,
11,
2,85,11,35,69,72,
11,72,
11,
11,
11,
11,
2,85,11,69,72,
11,
2,5,11,
11,
11,
11,
11,
11,
2,4,11,47,55,71,72,85,8,9,12,19,20,22,34,86,87,17,61,37,
37,86,17,
4,86,
0,2,3,4,8,28,6,11,16,47,57,91,7,9,13,17,19,12,20,86,61,38,97,37,
37,86,17,
37,86,17,
37,86,17,
17,
28,37,47,
17,
3,9,17,19,25,75,12,11,72,20,97,61,86,
20,86,
86,
17,37,86,
4,86,
37,86,17,
3,17,12,20,97,37,86,98,28,
2,4,11,16,58,91,8,12,20,86,17,61,37,
37,86,17,
37,86,17,
11,72,91,3,9,17,12,28,37,86,
37,86,17,
11,3,9,17,19,75,8,61,12,20,37,86,
17,37,86,
11,72,8,17,18,34,51,12,20,37,86,
37,86,17,
37,86,17,
37,86,17,
37,86,17,
37,86,17,
4,9,87,
9,87,
9,87,
9,87,
4,9,87,
4,9,87,
4,12,11,9,87,
0,2,4,8,77,9,14,87,
4,12,11,9,87,
12,9,87,
9,87,
4,9,87,
4,9,87,
12,
9,12,11,87,
34,4,12,9,19,22,87,
4,
12,4,11,9,87,
12,34,4,9,13,87,
4,9,13,19,12,20,22,87,
4,9,87,
4,9,12,13,19,87,
4,9,12,87,
4,9,12,13,87,11,29,74,
4,9,87,
34,4,12,9,87,
11,12,9,87,
12,
4,9,12,13,22,34,87,
4,9,87,
4,24,88,3,5,27,30,14,39,
4,24,88,5,14,27,
4,24,88,
4,
4,
4,27,
4,88,5,27,
27,
5,
27,
5,
4,5,
4,24,88,5,27,
5,
4,5,30,24,27,88,
0,2,4,89,5,6,57,84,12,
2,4,7,12,
3,4,6,7,89,
0,2,3,4,5,6,15,84,9,13,19,30,12,89,
0,2,4,5,6,15,57,84,89,
4,89,
2,89,4,5,6,57,84,
2,4,6,84,12,89,
0,2,3,4,5,6,15,84,9,13,19,30,89,
89,4,5,
2,4,15,84,80,89,
2,
2,4,5,6,15,3,9,13,19,30,12,89,
0,2,4,6,15,54,57,12,89,
3,4,5,9,13,19,12,89,
0,2,3,4,15,84,7,9,13,12,89,
2,4,5,15,84,3,7,9,13,30,12,89,
3,4,5,6,7,13,89,
2,4,15,57,84,89,
2,4,5,6,15,57,84,80,89,
2,4,5,6,57,84,89,
0,2,4,5,84,12,89,
2,
2,4,5,7,12,
2,4,5,6,15,57,84,89,
2,4,15,54,57,84,12,89,
4,80,89,
0,2,4,6,15,57,84,89,
0,2,3,4,28,6,11,33,57,64,84,9,13,19,75,12,14,20,60,87,89,
0,2,3,4,5,6,15,84,13,30,89,
2,
2,85,11,64,69,72,90,
11,
2,5,11,55,64,69,72,90,
2,5,11,55,69,72,90,
2,
2,
2,
2,
2,
11,
2,85,11,35,55,64,69,72,90,
11,
11,
11,
11,
11,
2,85,11,55,64,69,72,90,
2,
2,
2,85,11,55,72,90,
2,11,35,55,64,69,72,90,
2,
2,11,72,
2,
2,4,33,91,20,17,98,
3,91,17,
91,
91,
2,58,91,
2,
91,
11,58,91,
2,4,28,33,91,20,17,98,
91,20,17,
33,91,
2,4,28,91,12,20,99,17,
2,91,
91,
91,
2,4,58,91,
78,
2,4,85,11,33,47,55,58,69,91,20,17,78,
2,
0,2,4,8,77,85,11,57,58,91,12,19,20,86,99,17,37,
0,2,4,77,6,11,33,71,84,91,9,12,20,36,99,17,78,
91,
2,3,4,8,6,11,7,25,50,12,26,59,92,96,
92,
4,92,
4,
92,
4,92,
4,
7,92,
4,34,
4,
34,
2,4,8,5,6,11,55,7,12,26,96,59,92,
2,4,5,3,7,92,
4,
4,
8,92,
4,
4,
0,2,4,8,51,11,15,57,84,7,9,12,19,34,60,87,92,18,
92,
7,4,8,12,92,3,
0,2,4,8,77,5,6,11,35,55,64,69,72,7,12,20,36,92,
4,92,
4,
4,
4,92,
4,8,12,92,
0,2,3,4,8,51,85,5,6,11,24,55,7,17,12,20,32,60,99,26,92,
4,
0,4,24,43,57,93,
0,43,57,93,
93,8,
0,4,8,51,93,
8,93,
0,4,24,57,93,
0,4,24,43,57,93,
0,4,24,43,57,93,
0,4,24,43,93,
0,4,43,57,93,
0,2,4,10,6,24,43,57,66,84,93,
0,4,24,43,57,93,
0,4,24,43,57,93,
0,4,24,43,57,93,
0,4,43,57,93,
0,2,4,10,15,24,57,84,93,
0,4,24,43,57,93,
0,4,24,43,57,93,
0,2,4,85,24,43,57,93,
57,93,8,
4,57,8,
43,57,93,8,
0,4,24,43,93,
4,43,57,93,8,
0,2,4,10,6,24,43,66,93,
0,4,57,93,
93,
0,4,24,93,
93,8,
0,2,4,10,6,66,93,
43,94,
43,94,
2,94,
2,
2,4,6,43,94,
0,2,3,4,8,10,28,51,85,6,11,35,47,48,54,69,71,72,84,90,7,13,19,12,26,79,
2,6,43,94,
43,94,
2,
2,
2,
2,
43,94,
0,2,4,6,15,54,57,94,
2,6,94,
2,94,
2,
43,94,
2,4,6,94,
94,
2,4,6,43,94,12,13,79,
4,6,
2,4,43,94,
43,94,
2,43,94,
2,6,94,
0,2,3,4,8,6,11,15,16,24,69,84,94,7,13,19,12,32,56,
2,6,43,94,
2,4,6,94,
8,
68,18,21,
24,95,
8,
9,
8,
8,
8,
2,4,16,24,9,21,23,27,8,32,18,68,95,88,
8,
8,68,95,18,
8,
95,
4,8,
8,68,95,18,21,
32,
95,
16,
8,
2,11,96,7,26,17,
96,7,11,26,
11,96,7,26,
96,7,11,17,26,
96,7,11,26,
11,
4,7,
11,
96,7,11,26,
11,
4,7,
96,7,11,26,
96,7,11,
11,96,7,26,
0,2,3,4,8,10,28,5,6,11,24,35,64,7,17,25,50,12,20,32,36,60,99,53,26,96,59,
64,2,11,96,7,35,17,12,26,
11,96,7,26,
11,96,7,
96,7,11,26,
11,96,7,26,
2,5,11,
11,
11,
96,7,11,2,4,6,26,
11,96,7,26,
96,7,11,26,
7,
96,7,11,12,26,72,
7,
11,96,7,
12,
97,12,11,20,
97,12,
12,
9,12,16,38,47,97,37,17,86,28,
97,
2,11,16,47,72,12,17,28,97,37,86,
97,12,
28,37,
97,12,
97,
97,12,
97,12,
97,12,
97,12,
37,86,17,
97,
97,12,
37,
97,12,
4,86,
97,12,20,
97,12,
12,
12,
97,12,
3,
3,33,
2,4,16,33,3,9,13,21,30,82,38,98,
2,33,
0,2,3,4,6,15,16,33,54,57,64,84,94,9,21,30,50,82,20,78,98,
3,
33,
0,2,3,4,5,6,11,15,16,33,35,57,64,69,94,9,19,21,25,27,30,50,82,98,
2,33,
33,
2,3,4,33,30,98,
3,
33,3,30,
33,
33,
33,
0,2,3,4,85,5,16,24,33,35,45,57,64,66,69,71,84,9,13,21,27,30,42,82,98,
0,2,3,4,10,5,6,11,16,24,33,35,47,64,66,69,94,9,19,21,25,27,30,82,22,98,
0,2,3,4,15,16,33,47,64,69,84,9,21,30,42,82,98,
33,
0,2,3,4,5,15,16,33,47,57,64,69,84,9,30,82,98,
0,2,3,4,5,6,33,57,84,9,13,23,30,98,
33,
3,
3,33,30,16,82,
3,
33,
2,33,98,
33,
0,2,3,4,6,15,84,99,
4,77,12,20,36,99,
0,2,4,5,6,54,20,99,
4,
4,
0,2,4,5,6,15,57,84,20,99,
2,4,5,6,15,54,57,84,20,99,
4,77,12,20,36,99,
4,
4,
4,
4,77,12,20,36,99,
0,2,3,4,6,15,84,99,
4,
0,2,3,4,5,6,84,7,9,12,20,99,
4,99,20,77,
4,
2,4,6,15,84,99,20,
4,
4,
4,
0,2,3,4,5,6,15,57,84,19,99,
4,
4,99,20,
4,20,36,77,99,
4,
4,
4,20,99,
0,2,3,4,5,6,7,9,13,19,99,
4,
