77,
8,
0,51,
8,
8,
8,
0,51,
0,51,
8,
8,
77,
85,
8,
0,
0,51,
0,51,
8,
3,
0,51,
60,
0,
68,
20,
68,
8,
8,
0,51,
8,
77,
85,
0,51,
2,46,
8,
0,
0,51,
8,
8,
2,
2,
2,
2,
2,
2,
2,
2,
2,
2,
2,
2,
2,
2,
2,
2,
2,
2,
2,
2,
2,
2,
2,
2,
2,
2,
2,
2,
2,
2,
86,
3,
3,
8,
8,
8,
85,
8,
8,
9,
9,
3,
9,
8,
9,
3,
77,
3,
3,
10,
3,
3,
4,
4,
8,
9,
3,
77,
9,
3,
4,
4,
4,
4,
4,
4,12,
4,
4,
4,
4,
4,
4,
4,
4,
4,
4,
4,
4,
4,
4,
4,
4,
4,
4,
4,
4,
4,
4,
4,12,
12,
5,
5,
5,
5,
5,
5,
5,
29,
45,
2,
8,
8,
45,
5,
5,
5,
45,
2,
5,
5,
5,
5,
45,
5,
45,
5,
5,
4,
5,
5,
3,
3,
3,
3,
22,
3,
9,
3,
9,
3,
77,
77,
3,
3,
3,
3,
4,
3,
3,
9,
3,
3,
9,
9,
3,
3,
9,
3,
3,
4,
4,
12,
12,
12,
12,
12,
12,
12,
12,
8,
12,
12,
12,
17,
12,
77,
12,
12,
8,
67,
12,
3,
12,
8,
12,
4,
12,
12,
8,
4,
8,
8,
8,
8,
68,
32,
68,
68,
8,
8,
8,
8,
8,
8,
8,
8,
8,
4,
8,
17,12,
8,
8,
8,
8,
8,
68,
68,
8,
68,
8,
12,
3,
5,
3,
29,
2,
9,
2,
71,
16,
29,
9,
9,
9,
3,
8,86,
16,
9,
16,
37,
5,
3,
22,
25,
11,
5,
3,
37,
3,
11,
5,
5,
5,
5,
5,
10,
29,
5,
2,
2,
8,
5,
8,
5,
8,
5,
8,
8,
5,
10,
5,
24,
2,
5,
10,
8,
10,
3,
8,
29,
58,
11,
25,
35,
8,
50,
11,
11,
11,
11,
11,
11,
50,
12,
58,
12,
11,
11,
12,
51,
12,
11,
11,
11,
5,
12,
11,
12,
12,
12,
25,
12,
12,
12,
29,
12,
11,
12,
3,
4,12,
29,
75,
12,
12,
12,
12,
3,
12,
12,
12,
12,
12,
12,
12,
12,
12,
12,
12,
12,
12,
12,
8,
12,
4,
12,
12,
25,
12,
12,
3,
12,
12,
29,
12,
13,
12,
4,
12,
12,
12,
12,
12,
12,
12,
3,
12,
29,
14,
9,
14,
14,
9,
12,
9,
87,
9,
8,
14,
12,
29,
14,
3,
3,
11,
9,
4,
75,12,
9,
29,
14,
9,
14,
29,
9,
9,
5,
84,
4,
14,
8,
4,
24,
8,
4,
10,
10,
85,
14,
4,
8,
8,
8,
4,
85,
4,8,
14,
12,
85,
4,
8,
2,
8,
3,
12,
12,
24,
3,
3,
86,
16,
16,
16,
86,
37,
86,
68,
3,
3,
3,
86,
16,
16,
16,
16,
4,
16,
16,
16,
16,
86,
16,
16,
16,
16,21,
16,
16,
17,
8,17,98,
37,
2,
12,
8,
2,
98,17,
17,
17,98,
11,
17,98,
17,98,
98,17,8,
17,98,
11,
17,98,
8,
3,
17,98,
20,
12,
98,17,
12,
12,
17,
98,17,
17,
8,17,
98,17,8,
68,
8,
68,
51,
4,12,
17,
68,
43,
18,
18,
16,
8,
68,
68,
18,
18,
68,
8,
40,
3,
18,
18,
18,
68,
51,
68,
16,
8,
11,
18,
50,
12,
0,
8,
5,
8,
3,
8,
12,
5,
12,
8,
29,
5,
10,
12,
5,
50,
8,
12,
5,
38,
5,
11,
29,
16,
29,
5,
29,
5,
78,
20,
11,
12,
37,
20,
4,
38,
20,
78,
78,
98,17,
12,
91,
78,
12,
11,
98,17,
91,
78,
37,
37,
17,
8,
8,
78,
20,
17,
98,
37,
68,
8,
68,
18,
8,
8,
68,
16,
68,
3,
8,
68,
68,
68,
68,
68,
68,
68,
4,
68,
17,
68,
18,
68,
17,
8,
68,
68,
68,
8,
16,
3,
29,
16,
22,
75,
3,
3,
8,
21,
12,
75,
12,
75,
22,
16,
22,
4,
16,
16,
12,
4,
16,
16,
16,
16,
12,
29,
22,
16,
16,
8,
24,
68,
8,
16,
8,
8,
8,
8,
4,
8,
3,
23,
3,
8,
8,
8,
8,
68,
3,
8,
3,
8,
8,
3,
8,
16,
68,
43,
24,27,
24,
26,
88,
24,
26,
2,
47,
16,
88,
5,
3,
24,
24,
43,
5,
24,
4,
16,
24,
27,
2,
24,
2,
14,
24,
16,
12,
25,
3,
11,
3,
11,
12,
11,
4,
11,
29,
11,
12,
12,
11,
12,
3,
11,
25,
3,
29,
11,
12,
11,
3,
11,
11,
11,
11,
3,
11,
26,
26,
4,
4,
11,
11,
26,49,
11,
11,
11,
12,
11,
11,
12,
11,
11,
11,
11,
11,
4,
11,
11,
3,
3,
11,
8,
8,
8,
68,
8,
8,
8,
8,
27,
8,
68,
27,
32,
8,
68,
68,
0,51,
8,
8,
8,
68,
8,
8,
8,
16,
8,
8,
8,
8,
8,
10,
85,
35,
11,
12,
11,
28,
11,
85,
3,11,
10,
90,
4,
10,
47,
2,
28,
12,
11,
99,12,
12,
12,
11,
10,
37,
10,
17,
11,
37,
10,
22,
12,
3,
8,
22,
5,
16,
16,
29,
22,
12,
22,
3,
29,
8,
5,
5,
4,
3,
12,
4,12,
85,
4,
29,
8,
4,
5,
29,
8,
8,
4,
8,
29,
5,
29,
2,
12,
8,
8,
5,
8,
8,
8,
8,
17,
83,
83,
83,
8,
8,
83,
8,
8,
8,
83,
68,
83,
8,
17,
17,
83,
8,
8,
17,
8,
83,
8,
31,
8,
83,
83,
16,
88,
8,
8,
16,
16,
9,
16,
9,
9,
32,
9,
9,
14,
32,
16,
9,
9,
8,
9,
3,
9,
32,
9,
4,
14,
5,
9,
20,
2,
16,
2,
2,
2,
2,
2,
16,
33,
60,
2,
33,
2,
30,
2,
2,
30,
2,
4,
58,
5,
20,
2,
2,60,
2,
91,
58,
16,
2,
12,
12,
8,
8,
8,
8,
8,
8,
8,
12,
20,
12,
51,
4,
51,
12,
12,
8,
8,
12,
12,
12,
12,
8,
8,
8,
3,
12,
12,
12,
11,
5,
3,
3,
66,
12,
16,
3,
16,
16,
3,
66,
11,
3,
16,
3,
5,
11,
3,
3,
4,
16,
3,
3,
16,
2,
16,
9,
3,
29,
4,12,
12,
17,
86,
4,
4,
29,
5,
12,
20,86,
20,
28,
83,
29,
83,
4,
4,
4,
4,
20,
9,
17,98,
20,
4,12,
12,
20,
37,
29,
37,
35,
37,
37,
37,
37,
37,
11,
3,
16,
37,
16,
22,
24,
37,
37,
17,
37,
46,
37,
47,
37,
2,
3,
37,
3,
11,58,
47,
38,
47,
38,
9,
38,
11,
47,
38,
47,
47,
47,
47,
47,
47,
38,
9,
47,
47,
47,
86,
38,
47,
38,
12,
4,
47,
38,
3,
5,
11,
3,
9,
11,
25,
3,
14,
3,
14,
5,
3,
29,
3,
3,
14,
3,
3,
3,
3,
3,
75,
3,
9,
11,
5,
3,
3,
3,
3,
32,
12,
8,
8,
9,
8,
68,
68,
68,
8,
68,
68,
8,
68,
8,
68,
8,
8,
8,
68,
4,
68,
8,
8,
68,
4,
8,
8,
8,
8,
4,
16,
8,
22,
12,
33,
3,
4,
8,
68,
68,
16,
8,
4,
8,
4,
68,
3,
4,8,
68,
4,
68,
68,
3,
22,
22,
22,
22,
22,
22,
22,
22,
22,
22,
22,
4,
3,
22,
22,
22,
22,
22,
22,
22,
22,
4,
22,
22,
45,
4,
4,
4,
22,
22,
8,
85,
2,
10,
8,
2,5,
68,
8,
68,
85,
68,
2,
68,
8,
2,
2,
8,
58,
94,
85,
13,
85,
2,
68,
68,
68,
2,
85,
68,
8,
98,17,
8,17,98,
98,17,
12,
3,
12,
8,
12,
8,
8,17,98,
11,
3,
8,
12,
17,
8,
17,
8,
12,
8,
11,
20,
12,
17,
8,
20,
17,98,
8,
4,
5,
35,
7,
4,
84,
11,
16,
7,
45,
7,
16,
4,
7,
45,
84,
4,
4,
16,
7,
7,
5,
7,
45,
7,
5,
11,
35,
5,
24,
83,
12,
8,
12,
12,
46,
29,
12,
12,
29,
12,
12,
36,
12,20,
4,
46,
29,
50,
29,
5,
29,
29,
5,
29,
46,
12,
11,72,
46,
29,
47,
16,
10,
77,
47,
47,
2,
3,
47,
47,
3,
2,
10,
47,
47,
10,
37,
47,
10,
47,
11,
2,
2,
47,
10,
47,
8,
8,
47,
10,
48,90,
2,
66,
2,
66,
2,
10,16,
66,
2,
10,
11,
66,
66,
3,
2,
3,
2,
2,
2,
66,
10,
66,
2,
10,11,
10,
2,
10,
10,
11,
2,
12,
2,
11,
49,
13,
86,
66,
10,
10,
16,
49,
49,
75,
10,
17,
28,
49,
2,
5,
10,
49,
12,
49,
35,
49,
5,
9,
12,
3,
3,
17,98,
3,
3,
8,
4,
3,
3,
4,
3,
8,
8,
8,
51,
8,
51,
12,
17,
12,
12,
12,
12,
12,
8,
12,
51,
8,
51,
51,
8,
51,
68,
12,
51,
12,
8,
12,
0,
0,
0,
0,
0,
3,
0,
10,
8,
8,
0,51,
8,
8,
85,
8,
0,51,
8,
8,
0,
3,
0,
0,
8,
0,51,
0,51,
0,
0,51,
29,
12,
11,29,
11,
12,
11,
11,
29,
29,
11,
12,
11,
11,
12,
11,
11,
12,
12,
11,
5,
11,
11,
12,
29,
29,
29,
12,
11,
11,
11,
2,
46,
5,
8,
36,
24,
24,
46,
8,
8,
24,
46,
46,
46,
8,
46,
36,
2,
46,
8,
8,
4,
5,
46,
10,
46,
8,
46,
3,
2,
35,
2,
35,
11,
16,
2,
2,
2,
11,
2,
2,
11,
24,
2,
2,
10,
11,
2,11,
10,
2,
10,
35,
2,
35,
46,
11,
4,
76,9,
10,
28,
10,
4,
4,
8,
0,
4,
0,
4,
12,
8,
0,
0,
0,
12,
0,
0,9,
8,
9,
4,
8,
4,
2,
9,
16,
0,
91,
85,
24,
8,
16,
16,
85,
8,
23,
16,
24,
68,
8,
2,
68,
24,23,
8,
4,68,
16,
2,
68,
16,
17,
68,
16,
2,
2,
2,
68,
17,
16,
8,
17,
12,
3,
17,
24,
98,17,
17,
33,8,
8,
8,
12,
8,
58,
17,
17,
8,5,
8,
8,
17,98,
3,
3,
20,
17,98,
17,
3,
3,
17,
3,
11,
8,
4,
12,
11,
12,
4,
11,
12,
59,
50,
96,
4,
11,
4,
12,
50,12,
5,
7,3,
12,
50,12,
11,
12,
12,
96,
3,
3,
96,
4,
4,
4,
4,
4,
4,
28,
8,
4,
4,
4,
4,
4,
86,
4,
4,
4,
4,
20,
3,
12,
98,17,
12,
3,
17,
3,
98,17,
68,
3,
3,
17,
3,
98,17,
98,17,
12,
17,
3,
4,
11,
98,17,
3,
17,
3,
3,
17,98,
17,98,
3,
17,98,
17,
11,
10,
11,
11,
10,
10,
11,
2,
35,
11,35,
35,
11,
11,
2,
11,
2,
85,
3,
11,
35,
10,
10,
2,
2,
8,
8,
8,
8,
8,
12,
12,
29,
12,
12,
8,
3,
77,
8,
12,
8,
24,
8,
29,
8,
12,
5,
12,
12,
51,11,
8,
8,
8,
8,
11,
11,
35,
50,12,
11,
11,
11,
2,
11,
10,
4,
2,5,
77,
3,
4,
11,
11,
2,
3,
5,
9,
4,
2,
11,
11,
16,
16,
11,
12,
33,
83,
16,
68,
8,
5,
33,
91,
8,
33,
33,
2,
2,
2,
33,
20,
33,
16,
33,
8,
3,
33,
2,
16,
24,
33,
5,
33,
2,
8,
16,
2,
8,
24,
8,
16,
5,
48,
2,
16,
2,
5,
2,
8,
2,
66,
68,
5,
8,
16,
66,
2,
68,
11,
67,
2,
67,
2,
11,
5,
2,
2,
11,
3,
65,
2,10,
4,
24,
16,
16,
4,
8,
8,
68,
9,
8,
68,
8,
68,
68,
16,
8,
32,
8,
8,
24,
68,
16,
17,
68,
16,
86,
17,98,
47,
25,
47,14,
9,
3,
11,
10,
9,
11,
3,
16,
75,
16,
11,
16,
14,
3,
11,
16,
9,
16,
16,
2,10,
47,
11,
3,
3,
3,
9,
16,
5,
29,
5,
29,
29,
11,
2,
11,
29,
29,
29,
29,
29,
29,
29,
29,
71,
29,
2,
29,
29,
29,
29,
29,
29,
29,
11,
29,
29,
29,
2,
2,
2,
2,
11,
2,
5,
2,
5,
4,
5,
2,
46,
29,
46,
2,
71,
2,
2,5,
46,
2,
5,
5,
12,
2,
5,
29,
2,
71,46,
11,
10,85,
2,10,
2,
2,
10,
46,
2,10,
2,10,
46,
29,
2,11,
11,
2,
2,11,
29,
2,
2,
2,
35,
46,
2,
35,
2,
5,
29,
2,10,
46,
9,
9,
9,
9,
14,
4,
73,
4,
9,
3,
3,
9,
4,12,
8,
9,
8,
8,
4,
8,
8,
9,
8,
8,
9,
14,
3,
9,
8,
9,
9,
12,
29,
29,
5,
12,
11,
71,
29,
12,
12,
12,
12,
29,
9,
9,
9,
3,
5,
12,
12,
12,
11,
29,
12,
12,
12,
12,
12,
12,
5,
12,
75,
3,
25,
9,
3,
8,
75,
29,
3,
3,
3,
5,
29,
75,
12,
11,
12,
3,
9,
3,
3,
9,
3,
9,
75,
28,
28,
28,
28,
12,
0,51,
76,
76,
0,
28,
76,
8,
47,
28,
0,51,
0,
28,
0,
76,
28,
28,
76,
76,
76,
16,
76,
76,
12,
10,
76,
78,
17,
20,
20,
11,
4,
83,
17,98,
37,
91,
20,
12,
0,51,
12,
20,
17,
28,
20,
37,
20,
83,
8,
91,
38,
77,
20,
85,
78,
37,
78,
91,
78,
91,
2,
20,
20,
37,
91,
78,
78,
5,
98,
91,
91,
2,
2,
78,
12,
78,
78,
78,
12,
20,
98,
98,
38,
33,
28,
78,
20,
16,
12,
8,
12,
46,
4,
13,
4,
16,
11,
46,
13,
16,
3,
11,
8,
12,
29,
46,
12,
72,
12,
29,
4,
3,28,
12,
13,
12,
12,
77,
0,
80,
4,
4,
4,
4,
4,
4,
77,
80,
12,
4,
8,
4,
0,
4,
0,
0,
8,
76,
9,
4,
4,
9,
4,
9,
8,
38,
4,
38,
38,
38,
3,
38,
3,
38,
38,
38,
38,
17,
38,
38,
38,
38,
38,
12,
81,
38,
8,
38,
38,
2,
38,
38,
38,
68,
3,
16,
12,
3,
16,
16,
16,
16,
16,
3,
16,
3,
16,
3,
3,
16,
16,
16,
3,
16,
3,
3,
4,
16,
16,
16,
3,
4,
8,
28,
83,
83,
33,
83,
17,
78,
12,
83,
20,
12,
2,
4,
4,
2,
51,
2,
85,
8,
29,
8,
8,
16,
2,
2,
24,
71,
2,
4,
84,
8,
4,
2,
2,
11,
11,
50,
11,
11,
11,
10,
11,
11,
11,
11,
3,
2,
5,
10,
35,
11,
11,
12,
11,
11,
17,
8,
12,
98,17,
98,17,
17,
37,
16,
17,
17,98,
8,
97,
98,17,
8,
98,17,
12,
17,98,
17,
17,
37,
17,
75,
98,17,
50,
17,
98,17,
17,
98,17,
17,
8,12,
12,
29,
12,
12,
12,
12,
77,
12,
12,
12,
71,
12,
12,
12,
12,
67,
12,
12,
12,
12,
12,
12,
12,
12,
12,
12,
12,
29,
12,
27,
27,
88,
3,
9,
17,
27,
8,
5,
8,
5,
8,
27,
45,
5,
12,
77,
4,
12,
4,
4,
4,
12,
12,
4,
4,
25,12,
12,
12,
12,
4,12,
12,
12,
4,
4,
4,
12,
85,
12,
8,
12,
80,
4,
12,
4,
2,
2,
11,
10,
11,
2,
2,
2,
2,
2,
11,
85,
11,
17,98,
29,
12,
11,
2,
2,
2,
2,
35,
2,
29,
2,
10,
3,
91,
91,
2,
2,
91,
58,91,
2,
91,
91,
91,
2,
91,
91,
91,
78,
47,
2,
11,
12,
91,
11,
34,
8,
8,
4,
8,
3,29,
8,
12,
11,
8,
12,
8,
12,
29,
12,
8,
8,
12,
8,
12,
8,
8,
12,
12,
8,
12,
8,
29,
43,
16,68,
8,
8,
8,
24,
8,
68,
68,
68,
2,
23,
68,
68,
68,
2,
24,
8,
2,
8,
68,
8,
8,
68,
10,
8,
8,
24,23,
8,
10,
94,
43,
2,
2,
94,
12,
2,
94,
2,
2,
2,
2,
94,
6,
2,
2,
2,
43,
6,
13,
6,
3,
2,4,
94,
43,
6,
3,
2,
6,
77,
68,
95,
8,
86,29,
68,
68,
8,
3,
17,
68,
8,
95,
8,
68,
16,
95,
16,
17,
11,
11,
11,
11,
12,
11,
12,
11,
11,
11,
8,
11,
11,
11,
3,
11,12,
11,
11,
11,
11,
11,
11,
11,
7,
11,
11,
12,
11,
12,
11,
12,
12,
12,
12,
9,
12,
2,
12,
47,
12,
12,
12,
12,
12,
12,
98,17,
12,
12,
16,
12,
8,
12,
12,
12,
12,
12,
16,
3,
16,
2,
16,
16,
2,
16,
4,
33,3,
2,
16,
3,
16,
3,
5,
16,
5,
2,
5,
16,
16,
16,
16,
3,
16,
4,
16,
2,
4,
20,
4,
4,
4,
4,
4,
20,
4,
4,
4,
20,
4,12,
4,
12,
20,
4,
4,
4,
4,
4,
12,
4,
4,
20,
12,
4,
12,
4,
4,
