2,
2,
0,
2,
2,
0,
0,
0,
2,
2,
2,
0,
33,
0,
0,
0,
0,
33,
0,
2,
0,
2,
11,
0,
2,
2,
0,
0,
2,
0,
0,
0,
0,
2,
0,
2,
2,
48,
2,
2,
48,
48,
2,
11,
2,
48,
2,
33,
2,11,
2,
48,
2,
11,
2,
33,
2,
2,
33,
2,
48,
48,
48,
2,
33,
2,
2,
48,
19,
3,
0,
2,
0,
0,
7,
3,
2,
6,
35,
3,
0,
3,
0,
3,
11,
19,
3,
5,
6,
3,
3,
2,
48,
33,
3,
0,
61,
0,
4,
99,
4,
4,
4,
19,
4,
99,
4,
4,
4,
4,
4,
4,
99,
4,
4,
4,
4,
4,
99,
4,
4,
4,
2,
2,
4,
4,
4,
99,
5,
5,
5,
5,
5,
5,
5,
4,
0,
5,
2,
11,
9,
5,
5,
5,
5,
5,
5,
5,
5,
5,
70,
5,
0,
5,
5,
0,
5,
5,
2,
6,
4,
2,
6,
6,
2,
6,
0,3,
35,
4,
6,
6,
3,
3,
4,
6,
6,
6,
6,
4,
3,
6,
33,
6,
6,
6,
6,
3,
2,15,
7,
7,
7,
7,
7,
7,
6,
7,
7,
2,
6,
6,
2,
7,
7,
7,
7,
7,
7,
15,
7,
0,
6,
72,
7,
4,
7,
72,
72,
7,
4,
4,
8,21,
0,
2,
4,
8,21,
8,21,
8,21,
8,21,
8,21,
8,21,
4,
8,21,
8,21,
21,8,
57,
21,8,
4,
21,8,
3,
0,
2,
93,
8,21,
4,
8,21,
21,8,
31,
8,21,
76,
4,
19,
19,
4,
9,
0,
4,
6,
3,
4,
9,
9,
9,
4,9,
2,
6,
9,
9,
12,
4,
4,
12,
9,
6,
9,
6,
12,
9,
6,
10,
39,
39,
10,
10,
39,
12,
4,
15,
5,
0,
5,
5,
10,
5,
5,
54,
15,
10,
0,
10,
2,
2,
5,
0,
12,
54,
11,
11,
53,
11,
11,
9,
11,
7,
12,
11,
11,
11,
17,
11,
11,
11,
72,
33,
11,
11,
11,
11,
0,2,
12,
11,
12,
11,
12,
28,
11,
12,
12,
12,
12,
12,
12,
12,
34,
12,
12,
4,
12,
12,
12,
12,
12,
12,
13,
12,
12,
12,
12,
12,
12,
12,
13,
22,
12,
12,
12,
79,
3,
13,
12,
13,
3,
4,
4,
0,3,
12,
12,
13,
3,
12,
13,
0,
6,
13,
13,
4,13,
79,
13,
13,
3,
12,
12,
4,
13,
3,
14,
4,
87,
14,
4,
19,
4,
4,
4,
2,
4,
5,
87,
7,
73,
4,
7,
14,
4,
0,
3,
4,
33,
9,
4,
73,
4,
14,
4,
70,
15,
4,
15,
0,
2,
0,
2,
48,
2,
2,
45,
2,
2,
4,
48,
2,
2,
2,
2,
45,
33,
2,54,
4,
2,
2,
2,
0,19,
33,
0,
0,
16,
2,
9,
16,
9,
16,12,
4,
42,
42,
2,
16,
16,
16,
42,
9,
82,
16,
18,
22,
38,
16,
22,
16,
16,
16,
22,
9,
16,
16,
42,
28,
11,
17,
17,
86,
17,
17,
17,
17,
61,
17,
17,
17,
61,
17,
7,
61,
17,
61,
17,
17,
11,
17,
11,
17,
17,
17,
17,
17,
17,
7,
18,
16,
18,
4,
21,8,
2,
18,
18,
34,
18,
9,
2,72,
18,
9,
12,
7,
8,
12,
16,
12,
12,
4,
18,
34,
8,21,
34,
8,
34,
34,
0,
19,
19,
19,
19,
19,
19,
2,
0,
0,
19,
48,
19,
19,
19,
19,
19,
2,
48,
19,
2,4,
12,
61,
19,
19,
19,
19,
48,
19,
19,
20,
12,
20,
78,
86,
17,
17,
4,
17,
11,
17,
20,
12,
46,
17,
12,
17,
17,
20,
17,
20,
28,
12,
11,
20,
17,
11,
17,
17,
12,
21,
3,
21,
21,
8,21,
3,
18,
21,
8,21,
3,
21,
4,
21,
34,
18,
21,8,
0,
8,21,
21,
16,
4,
2,4,
21,
8,21,
4,
4,
21,
18,
21,
8,21,
4,
16,
4,
16,
22,
12,
16,
42,
18,
9,
22,
12,
9,12,
19,
13,
22,
12,
0,
22,
42,
3,
42,
42,
42,
6,
16,
22,
12,
12,
16,
3,
21,8,
4,
8,21,
23,
33,
2,
8,21,
0,
2,
2,
33,
3,
4,
48,
4,
8,21,
2,
8,
65,
65,
78,
33,
65,
21,8,
4,
4,
0,
0,
2,
5,
7,
5,
24,
24,
24,
7,
24,
33,
24,
5,
48,
5,
2,
2,
7,
2,7,
24,
2,7,
2,
5,
2,
2,
48,
7,
0,
7,
12,
3,
11,
11,
82,
12,
53,
7,
82,
11,
12,
96,
12,
3,
17,
7,
3,
11,
9,
3,
11,
7,
19,
25,
11,
7,
7,
7,
26,
7,
7,
26,
26,
7,
7,
7,
26,
26,
7,
7,
7,
2,
26,
26,
7,
7,
7,
7,
26,
48,
2,
7,
24,
2,
7,
26,
6,
8,21,
3,
27,
27,
4,
44,
5,
3,
3,
27,
5,
4,
4,
27,
3,
3,
27,
5,
5,
3,
27,
3,
3,
3,
3,
3,
27,
3,27,
3,
11,
11,
11,
11,
7,
28,
11,
11,
12,
11,
11,
11,
72,
28,
28,
11,
0,
17,
28,
11,
11,
12,
28,
12,
11,
28,
12,
28,
28,
11,
22,
12,
18,
7,
12,
4,
22,
22,
12,
4,
12,
4,6,
9,
4,
4,
5,
5,
35,
2,
15,
4,
33,
5,
5,
4,
0,
5,
33,
5,9,
7,
19,
9,
6,
5,
5,
33,30,
0,
33,
15,
33,
6,
31,
31,
4,
31,
31,
8,21,
31,
31,
12,
34,
31,
31,
31,
31,
18,
31,
12,
4,
11,
8,21,
31,
31,
61,
31,
31,
31,
31,
4,
31,
31,
32,
32,
5,
2,
32,
9,
32,
32,
32,
32,
32,
4,
32,
0,
32,
24,
32,
32,
5,
32,
9,
32,
2,
24,
4,
2,
9,
32,
33,
33,
33,
33,
78,
33,
33,
33,
33,
33,
33,
2,
33,
33,
33,
33,
78,
33,
33,
33,
33,
2,
33,
33,
33,
33,
33,
33,
33,
33,
4,
6,
4,
12,
4,
4,
92,
6,
6,
7,
92,
12,
34,
6,
4,
34,
4,
12,
4,
4,
6,
4,
45,
4,6,
70,
4,
12,
6,
12,
4,
72,
2,
11,
11,
48,
19,
48,
19,
15,
45,48,
11,
48,
9,
48,
48,
48,
2,
72,
3,
11,
3,
48,
19,
48,
48,
48,
2,
35,
35,
70,
4,
70,
7,
20,
5,
36,
4,
53,
70,
4,
4,
20,
11,
5,
0,
53,
4,
4,
53,
59,
4,
17,
46,
4,
17,
12,
37,
12,
37,
69,
37,
17,
37,
37,
16,
11,
28,
16,
16,
16,
12,
11,
37,
16,
4,
11,72,
0,
37,
72,
28,
2,
37,
28,11,
69,
11,
78,
38,
12,
78,
9,
78,
12,
16,
78,
81,
4,
12,
38,
76,
16,
76,
81,
38,
4,
38,
81,
4,
81,
9,
38,
0,
78,
9,
61,
38,
39,
9,
9,
9,
9,
5,
39,
5,
9,
5,
39,
9,
9,
5,
39,
9,
9,12,
9,
9,
9,39,
5,
9,
9,39,
39,
39,
5,
5,
9,
9,
4,
22,
4,
7,
2,
40,
8,21,
4,
6,
7,
4,
4,
4,
6,
2,
8,21,
4,
4,
6,
4,
4,
6,
6,
8,
6,
4,
4,
8,21,
40,
4,
23,
3,
61,
3,
4,
8,
4,
4,
3,
18,
4,
4,
4,
4,
65,
4,
21,
12,
2,
18,
22,
18,
8,21,
4,
15,
42,
42,
3,
42,
3,
3,
42,
42,
42,
0,
42,
42,
3,
3,
3,
42,
42,
3,
3,
12,
3,
3,
42,
3,
42,
42,
35,
42,
42,
43,
2,
2,
2,
43,
2,
2,
57,
2,
2,
2,
2,54,
0,
43,
33,
2,
43,
0,
26,
2,
94,
2,
48,
2,
0,
26,
2,
0,
2,
7,
44,
17,
44,
3,
11,
17,
7,
44,
24,
17,
26,
7,
17,
4,
61,
44,
44,
53,
7,
44,
7,
7,
11,
61,
44,
4,
7,
7,
15,
5,
11,
2,
54,
15,
5,
5,
45,
2,
11,
15,
2,
15,
5,
11,
45,
5,
48,
5,
2,
2,
2,
2,
33,
5,
5,
45,
2,
45,
54,
70,
2,
12,
12,
12,
12,
12,
12,
53,
12,
12,
46,
12,
12,
12,
12,
13,
11,
54,
12,
53,
59,
12,
59,
3,
7,
39,
12,
33,
28,
2,
48,
2,
2,
2,
0,
9,
2,
2,
2,
2,
2,
2,
2,
86,
28,
2,
2,
12,
2,
2,
2,
0,
2,
43,
0,
0,
48,
48,
48,
48,
19,
0,
48,
48,
48,
48,
48,
48,
19,
19,
19,
48,
48,
19,
48,
48,
48,
48,
48,
0,
48,
2,
48,
2,
19,
49,
48,
72,
19,
11,
48,
79,
0,
48,
48,
11,12,
48,
26,
48,
48,
48,
11,
53,
48,
48,
2,
0,
49,
13,
48,
11,
49,
2,
0,
19,
3,
3,
61,
3,
0,
0,
3,
7,
3,
35,
50,
0,
4,
34,
18,
8,21,
12,
12,
4,
12,
12,
4,
12,
12,
8,
34,
34,
8,21,
34,
4,
8,
34,
8,21,
12,
12,
21,8,
8,21,
34,
0,
0,
0,
0,
0,
24,
52,
33,
0,
0,
47,
0,
2,
2,
2,
0,
0,
2,
0,
2,
0,
0,
2,
43,
0,
0,
0,
12,
12,
12,
12,
11,
7,
70,12,
11,
12,
53,
12,
53,
7,
12,
53,
11,
53,
74,
53,
53,
53,
5,
12,
53,
53,
12,
12,
53,
12,
53,
2,
2,
54,
2,
2,
2,
72,
5,
2,
0,
2,
2,
54,
72,
12,
2,
2,
54,
11,
4,
2,
54,
54,
54,
2,
2,
0,
72,
11,
11,
72,
72,
11,
11,
11,69,
12,
72,
2,
7,
2,
11,
11,
11,17,
11,12,
2,
2,
17,
72,
2,
12,
72,
11,
72,
11,
12,
11,
56,
4,
19,
4,
19,
0,
0,
56,
19,
0,
4,
4,
56,
56,
56,
56,
89,
56,
4,
89,
4,
4,
0,
4,
56,
0,
4,
0,
0,
0,2,
48,
2,
8,21,
2,
33,
2,
2,
2,
2,
0,
48,
2,
2,
2,
2,
93,
8,21,
2,
2,
2,
2,
72,
0,2,
2,
48,
33,
0,
2,
8,21,
33,
58,
58,
17,
61,
2,
78,
17,
58,
21,8,
58,
8,21,
78,
3,
33,
3,
58,
11,17,
3,
21,8,
33,
3,
2,
2,
61,
4,
17,
61,
58,
7,
39,
59,
59,
59,
39,
59,
39,
4,
7,
39,
59,
39,
39,
4,
59,
7,
4,
39,
9,
7,
7,
59,
12,
39,
39,
39,
7,
59,
54,
4,
4,
4,
4,
0,
28,
6,
4,
4,
4,
4,
4,
2,
4,
4,
30,
99,
4,
17,
17,
61,58,
33,
61,
61,
61,
31,
61,
61,
61,
61,
61,
61,
61,
17,
4,
61,
61,
61,
61,
61,
61,
61,
61,
61,
61,
4,
61,
61,
48,
19,
48,62,
48,9,
2,
48,
48,
2,
53,
48,
11,
2,
48,
48,
48,
48,
48,
48,
2,
72,
19,
48,
2,19,
2,
34,63,
4,
4,
6,
7,
4,
6,
6,
6,
4,
4,
4,
34,
4,
0,
6,
4,
34,63,
6,
12,
4,
4,
4,
6,
4,63,
4,
12,
12,
4,
72,
64,
72,
4,7,
89,
89,
11,
33,
3,
11,
7,
2,
2,
3,
19,
72,
0,
48,
7,
72,
6,
4,
2,
4,
64,
12,
2,
64,
0,
65,
8,21,
31,
33,
65,
2,7,
17,
65,
3,
65,
33,
65,
65,
33,
33,
33,
33,
33,
33,78,
33,
33,
33,
33,
78,
65,
65,
33,
65,
65,
65,
72,
5,
57,
2,
93,
2,
5,
19,
2,
4,
2,
5,
48,
0,
0,
5,
0,
5,
2,
2,
5,
48,
4,
11,
67,
67,
7,
33,
11,
65,
33,
65,
53,
7,
7,
33,
65,
61,
4,
9,
4,
4,
21,8,
4,
16,
93,
8,21,
8,21,
8,21,
21,
16,
8,
2,
21,8,
8,21,
3,
21,8,
4,
21,8,
21,
4,
4,
61,
72,
9,69,
9,
69,53,
53,
69,
72,
48,
72,
48,
69,9,
72,
9,
11,
69,
9,
69,
11,
11,
11,
72,
7,11,
72,
9,
72,
69,
69,
53,
9,
69,
5,
70,
5,
12,
12,
12,
12,
12,
5,
12,
70,
12,
2,
70,
12,
2,
12,
2,
5,
33,
2,
12,
2,
5,
5,
12,
70,
12,
33,
70,
2,
48,
2,
2,
2,
48,
5,
11,
2,
2,
2,
2,
12,
70,
12,
2,
12,
2,
72,
12,
2,
5,
5,
12,
2,
5,
12,
2,
12,
11,
11,
11,
2,
48,
72,
11,12,
72,
72,
11,
11,
11,
72,
2,54,
72,
11,
72,
11,
2,
11,
11,
72,
2,
72,
11,
12,
11,12,
12,
27,
4,
4,
5,
3,
5,
0,
4,
3,
4,
4,
14,
35,
33,
4,
0,
4,
4,
3,
35,
87,
4,
3,
4,
4,
4,
3,
0,
3,
14,
12,
5,
70,
12,
12,
9,
12,
9,
12,
12,
74,
13,
12,
12,
12,
12,
12,
5,
12,
12,
12,
12,
70,
12,
12,
12,
12,
12,
12,
70,
9,
3,
9,
12,
3,
0,
33,
12,
3,
0,
70,
9,
5,
9,
13,
3,
70,
12,
3,
2,
3,
9,
9,
0,
9,19,
3,
76,
38,
0,
76,
2,
0,
76,
0,
0,
0,
0,
76,
78,
76,
0,
76,
76,
0,
0,
76,
76,
76,
76,
76,
2,
76,
0,
78,
19,
76,
36,
20,
12,
4,
20,
17,
0,
17,
17,
36,
20,
0,
78,
0,
17,
20,
0,
12,
12,
12,
0,
20,
20,
12,
0,
17,
78,
36,
77,
78,
78,
78,
78,
78,
78,36,
20,
20,
20,
78,
20,
33,
78,
36,
17,
78,
78,
78,
78,
20,
78,
78,
78,
78,
78,
78,
31,
78,
78,
4,
72,
2,
26,
79,
79,
0,
6,
79,
79,
79,
2,
4,
79,
0,
2,7,12,79,
7,
7,
48,
2,
2,
26,
79,
79,
48,
2,
79,
13,
79,
79,
2,
4,
0,
80,
89,
0,
4,
89,
56,
56,
4,
56,
56,
4,
4,
89,
89,
89,
89,
0,
4,
0,
4,
89,
56,
19,
89,
4,
81,
81,
4,
19,
81,
81,
4,
81,
19,
81,
81,
81,
81,
4,
2,
81,
81,
81,
81,
81,
81,
81,
12,
2,
81,
81,
81,
81,
81,
19,
82,
82,
33,
82,
82,
98,82,
82,
16,
82,
82,
82,
3,
82,
82,
35,
3,
82,
19,
82,
16,
82,
82,
82,
9,
82,
82,
3,
98,
20,
20,
8,21,
8,
65,
4,
4,78,
77,
17,
31,
4,
6,
11,
6,
99,
2,
4,
2,
2,
34,
0,
2,
0,
4,
48,
33,
2,
48,
2,
4,
2,
2,
2,
2,
48,
11,
11,
11,
11,
11,
72,
72,
12,
11,
11,
33,
2,
2,
28,
33,
7,
11,
11,
12,
12,
11,72,
86,
4,
7,
86,
86,
86,
17,
37,
17,
11,
17,
4,
20,
0,
17,
20,
20,
86,
86,
17,
86,
17,
86,
28,
86,
20,
4,
86,
86,
4,
87,
12,
12,
87,
4,
12,
4,
4,
12,
87,
4,
12,
12,
12,
12,
5,
12,
12,
4,19,
4,
4,
6,
4,
87,
12,
12,
87,
12,
87,
9,
5,
4,
4,
3,
0,
5,
5,
5,
27,
5,
4,
5,
11,
5,
2,
11,
89,
2,
4,
99,
2,
4,
4,
89,
89,
4,
4,
2,
4,89,
4,
89,
4,
4,
89,
4,
89,
2,
2,
4,
2,
89,
4,
2,
99,
72,
72,
11,
72,
72,
48,
11,
48,
2,
2,
11,
72,
11,
11,
7,
11,
11,
72,
2,
48,
72,
11,
2,
11,
2,
78,
17,
33,
17,
2,
2,
2,
11,
78,
61,
33,
11,
91,
72,
33,
48,
78,
78,
2,
17,
78,
17,
6,
45,
45,
7,
92,
92,
7,
92,
4,
92,
34,
7,
3,
4,
45,
92,
12,
12,
4,7,
7,
7,
7,
92,
7,
4,
92,
92,
7,
0,
48,
93,
93,
4,
93,
0,
48,
2,
0,
2,
48,
0,
4,
2,
48,
48,
2,
2,
2,
93,
2,
8,21,
0,
4,
2,
2,
93,
0,
93,
2,
94,
94,
2,
2,
2,
48,
2,
94,
2,
2,
11,
33,
94,
2,
2,
2,
2,
94,
0,
4,
13,
0,
2,
0,
48,
2,
0,
2,
2,
4,
16,
8,21,
8,21,
4,
8,21,
8,21,
93,
3,
57,
8,
57,
9,
4,
8,21,
2,
8,21,
16,
40,
11,
7,
7,
7,
7,
11,
2,
11,
7,
11,
4,
7,
96,
7,
7,
11,
7,
96,
7,
7,
11,
11,
7,
2,
7,
7,
7,
7,
7,
96,
12,
97,
97,
28,
9,
97,
28,
97,
37,
97,
97,
97,
97,
12,
97,
86,
97,
97,
20,
97,
7,
97,
97,
12,
12,
97,
33,
3,
33,
33,
33,
98,
33,
98,
33,
98,
98,
33,
98,
98,
33,
98,
33,
98,
98,
98,
98,
33,
33,
3,
33,
98,
33,
98,
78,
48,
4,
2,
4,
99,
99,
2,
4,
4,
2,
99,
4,
48,
4,
35,
20,
4,
99,
4,
2,
4,
19,
99,
99,
20,
4,
4,
99,
99,
4,
