8,
8,
77,
3,8,
77,
77,
77,
77,
77,24,
77,
77,24,
8,
77,
77,24,
2,
77,
77,
8,
77,
2,
8,
77,
8,
2,
8,
8,
8,
8,
9,
8,
29,
77,
32,
5,
8,
8,
8,
17,
8,
8,
29,
77,
8,
8,
8,
77,24,
77,24,
17,
12,
17,
77,
3,
77,
77,
29,
4,12,
8,
8,
8,
17,
77,
8,
77,
77,
77,
8,
29,
29,
8,
77,
4,
77,24,
8,
77,
29,
29,
2,
4,
8,
17,
12,
13,
77,24,
3,
29,
77,
77,
8,
77,24,
29,
3,29,
29,
3,
8,
77,
8,
77,24,
77,
77,
77,24,
8,
29,
85,
83,
77,24,
77,
17,98,
77,
77,24,
8,
8,
17,98,
8,
8,
29,
4,
8,
3,
8,
8,
8,
29,
29,
8,
8,
8,
60,
8,
77,
8,
8,
8,
29,
29,
8,
77,
29,
29,
29,
29,
29,
3,
29,
29,
77,
8,
2,
8,
8,85,
77,
8,
20,
8,
24,
77,
4,
12,29,
17,
8,
8,
2,
29,
3,
4,
8,
29,
77,24,
3,
4,
29,
8,
3,
4,
8,
29,
8,
29,
29,
77,
12,
29,
12,
12,29,
77,
29,
8,
17,
8,
77,
77,
77,
29,
8,
77,
12,
77,
2,
12,
17,98,
8,
8,
77,
8,
29,
29,
8,
12,
8,
12,
8,
29,
85,
8,
29,
17,
29,
12,
29,
12,29,
9,
29,
12,
29,
12,29,
8,
77,24,
29,
77,
4,
5,
8,
77,24,
4,
17,
77,
4,
77,
8,
8,
29,
8,
77,
8,
16,
77,24,
17,
77,24,
17,
8,
77,
29,
3,
8,
8,
29,
4,
12,
29,
29,
29,
77,24,
12,
3,
8,
77,
12,29,
77,24,
12,
3,
17,98,
3,
3,24,
77,
17,98,
12,
17,98,
77,
29,
8,
8,
29,
3,
29,
77,
29,
77,
29,
8,
86,
8,
8,
12,
8,
12,
8,
8,
8,
12,
8,
8,
8,
4,33,
11,
17,
77,
77,
8,
29,
29,
8,
45,
8,
17,98,
17,98,
8,
22,
77,
8,
8,
8,
8,
8,
8,
8,
8,
29,
77,
29,
77,
77,
3,29,
29,
77,
29,
68,
3,
75,
77,
3,
2,
17,98,
29,
8,
29,
3,29,
8,
8,
29,
77,
17,98,
17,
8,
77,
77,24,
77,
8,
77,
2,
77,
77,
12,
29,
8,
77,
8,
8,
8,
12,
77,
5,
2,
2,
29,
3,
11,
9,
29,
2,
29,
8,
4,
12,
8,
8,
77,
8,
12,
29,
8,
29,
8,
3,
8,
77,24,
77,
24,
77,24,
29,
29,
29,
8,
29,
77,
8,
2,
77,
29,
8,
8,
8,
8,
8,
4,
77,
77,
8,68,
17,
3,
8,
29,
29,
29,
3,
12,
8,
8,
8,
8,
77,
8,
17,
8,
8,
17,
8,
4,
8,
12,
77,
77,24,
22,
8,
8,
77,
8,
77,
29,
85,
77,
12,
77,
17,
24,
8,
22,
77,
22,
29,
8,
8,
4,
86,
29,
77,
8,
77,
17,
3,
77,
8,
77,
17,
77,
8,
77,
29,
77,
77,
8,
8,
77,
3,
4,
8,
8,
3,
8,
12,
8,
29,
8,
77,24,
85,
3,
8,
8,
77,
8,
29,
29,
29,
29,
29,
29,
29,
29,
29,
29,
77,
8,
8,
3,
85,
3,8,
77,
29,
24,
29,
8,77,
8,
77,
17,98,
8,
29,
8,
77,
8,
8,
8,
77,
29,
29,
3,
8,
77,
8,
8,
77,
77,
8,
8,
8,
8,
29,
77,
8,
77,
22,
9,
12,
77,
3,
77,
77,24,
8,
4,
68,
29,
29,
3,
8,
77,
12,
29,
29,
29,
5,
77,
8,
8,
17,
29,
29,
8,
3,
3,
8,
4,
12,
12,
8,
12,
29,
12,
4,
8,
29,
77,
8,
8,
77,
8,86,
8,
8,
8,
29,
29,
8,
77,
8,
12,
77,
77,
75,
24,
8,
3,
86,
77,
8,
8,
8,
4,29,
77,
4,
77,
12,
68,
77,
8,
24,
8,
8,
77,
86,
29,
8,
77,
8,
8,
77,24,
8,29,
77,
77,24,
77,
16,
29,
77,
29,
29,
5,
8,
8,
8,
3,
77,
8,
8,
11,
12,
8,
8,
4,
17,
17,
29,
77,
29,
8,
29,
8,
29,
17,
22,
17,37,
8,
77,
8,
17,
8,
29,
77,
24,
77,24,
77,
77,
77,
77,
77,
77,
8,
29,
77,24,
8,
77,24,
8,
8,
17,
3,
77,24,
8,
29,
29,
29,
8,
17,
11,
29,
29,
29,
17,
2,
29,
16,
29,
11,
29,
2,
29,
8,
77,
3,
77,
8,
3,
8,
85,
77,
8,
77,
77,
17,
77,
77,
8,
77,
77,
29,
8,
8,
77,
77,
8,
8,
29,
77,
77,
8,
77,
77,
8,
77,
8,
77,
77,
29,
77,
8,
4,
85,
29,
5,
4,
77,
12,
8,
16,
8,
29,
8,
8,
29,
8,
4,
77,
77,
77,
77,
8,
86,
8,
77,
77,24,
29,
8,
77,
4,29,
77,24,
8,
29,
29,
8,
8,
17,98,
8,
8,
8,
77,
8,
77,
11,
17,98,
29,
29,
77,
8,
17,98,
77,
29,
3,
77,
29,
3,
4,
8,
77,24,
8,
77,
77,24,
17,
29,
29,
4,
8,
29,
8,
8,
29,
29,
77,24,
77,24,
8,
4,29,
12,
77,
29,
77,
29,
85,
8,
77,
86,
77,
4,
8,
77,
8,
8,
77,
77,
2,
29,
8,
8,
8,
22,
17,98,
3,
4,
12,
77,
77,24,
4,
8,
8,
17,
77,
12,
29,
77,
77,
8,24,
8,
77,
77,
8,
8,
77,
77,
8,
8,
77,
8,
8,
8,
8,
5,
77,
12,29,
12,29,
8,
5,
29,
29,
29,
8,
12,
29,
77,
77,
4,12,
12,
77,
29,
77,24,
8,
3,
8,
77,
29,
29,
8,
8,
12,
3,
77,
22,
8,
77,
77,
8,
77,
4,
29,
77,
8,
20,
29,
20,
29,
8,
8,
