0,4,
0,4,
0,2,3,4,8,51,5,6,11,15,16,47,48,54,57,58,69,84,7,13,17,19,12,20,32,36,60,86,99,
0,4,
0,2,3,4,10,28,85,5,6,11,15,16,47,57,69,84,7,9,13,19,30,82,12,20,22,60,18,
0,2,3,4,8,51,5,6,11,16,57,58,7,17,19,12,20,36,86,99,
0,2,3,4,8,28,51,5,6,11,15,16,54,57,84,7,13,17,19,12,20,36,60,86,99,
4,
0,2,3,4,8,10,51,85,5,6,11,15,16,24,57,84,7,9,13,17,19,23,27,30,82,12,14,20,22,32,34,36,60,87,18,
0,4,
0,2,3,4,8,10,51,85,5,6,11,15,16,24,47,48,57,58,66,69,84,91,7,17,19,12,20,32,36,60,
0,4,
4,
0,2,3,4,8,10,51,85,5,6,11,15,16,24,55,57,58,66,84,7,13,17,19,12,20,32,36,60,99,
2,
0,2,3,4,8,28,51,77,85,5,6,11,16,57,58,91,7,13,17,19,12,20,99,68,
2,
2,4,
2,
2,
2,
0,2,3,4,8,10,51,77,5,6,11,15,16,35,47,54,57,64,69,70,71,72,84,7,13,17,19,25,12,20,36,56,60,86,
0,2,3,4,8,10,28,51,5,6,11,16,24,47,55,57,66,69,7,17,19,27,20,
2,
4,
4,
0,2,3,4,8,10,28,51,5,6,11,16,57,7,9,13,17,19,27,30,12,14,20,32,34,86,18,
0,2,3,4,8,51,5,6,11,15,16,35,57,72,7,9,13,17,19,25,30,12,14,22,34,87,
0,2,3,4,5,6,11,16,24,33,57,64,70,7,9,13,19,27,30,50,75,18,
0,2,3,4,8,10,51,77,5,6,11,15,16,24,57,58,84,91,7,9,13,17,19,27,30,82,12,20,22,34,36,60,86,99,18,
0,2,3,4,8,51,77,5,6,16,57,7,9,13,17,19,21,30,12,20,22,34,36,86,99,18,40,68,
0,2,3,4,8,28,51,85,5,6,11,16,47,57,69,7,13,17,19,12,20,36,86,99,
2,4,5,6,11,24,3,7,9,23,27,30,8,12,14,32,34,36,88,26,
4,5,6,11,16,3,9,19,12,14,86,
4,
4,
4,
4,
4,
4,
4,
4,
4,
4,
0,2,3,4,8,10,85,5,6,11,16,24,47,57,69,7,13,17,19,27,12,32,
0,2,3,4,8,51,77,5,6,11,15,16,57,84,7,17,19,12,20,32,36,99,
0,2,3,4,8,10,51,5,6,11,16,47,57,64,69,70,71,72,7,17,19,25,12,20,32,36,
4,
0,2,3,4,8,28,51,5,6,11,16,57,7,9,13,17,19,30,12,14,20,32,34,86,18,
4,
0,2,3,4,8,10,28,51,5,6,11,15,16,47,55,57,69,84,7,9,17,19,30,82,12,14,20,22,32,34,36,56,60,86,87,89,18,
0,2,3,4,8,10,28,85,5,6,11,16,69,7,9,13,17,19,30,12,14,32,34,86,26,96,
0,2,3,4,8,10,51,77,85,5,6,11,15,16,24,57,66,84,7,17,19,12,20,36,60,99,
0,2,3,4,8,77,5,6,11,15,16,57,69,84,7,13,17,19,12,20,32,36,56,60,86,99,
0,2,3,4,8,51,5,6,11,15,16,47,57,69,84,7,13,17,19,12,20,32,36,60,86,
0,2,3,4,8,51,85,5,6,11,15,16,24,55,57,84,7,13,17,19,12,20,32,56,60,86,
0,2,3,4,8,28,51,5,6,11,15,16,47,57,69,84,7,17,19,12,20,32,56,60,86,
0,2,3,4,8,10,28,51,77,85,5,6,11,15,16,57,84,91,7,13,17,19,12,20,32,36,56,60,86,99,
0,2,3,4,8,10,28,51,85,5,6,11,16,55,57,7,13,17,19,12,20,32,36,86,
0,2,3,4,8,10,51,5,6,11,16,57,58,7,9,13,17,19,30,12,14,20,32,34,36,86,99,18,
0,2,3,4,8,51,5,6,11,16,57,70,71,72,84,7,13,17,19,25,12,20,32,36,56,60,86,
0,2,3,4,8,51,77,5,6,11,15,16,57,84,7,9,13,17,21,30,12,20,22,34,36,60,86,99,
0,2,3,4,8,10,51,85,5,6,11,16,24,47,55,57,58,69,91,7,9,13,17,19,27,30,82,12,20,34,36,86,18,
0,2,3,4,8,10,28,51,77,85,5,6,11,16,64,72,7,17,25,50,12,20,36,86,99,
0,2,3,4,8,10,51,5,6,11,16,57,7,19,12,32,36,
0,2,3,4,8,28,51,5,6,11,16,35,57,64,70,71,72,7,13,17,19,50,12,20,32,36,86,
0,2,3,4,8,10,28,77,5,6,11,16,24,57,7,13,17,19,12,20,32,36,86,99,
0,2,3,4,8,51,77,5,6,11,16,57,7,13,17,19,12,20,86,99,
0,2,3,4,8,10,51,77,85,5,6,11,16,24,35,47,55,64,69,72,90,7,17,25,27,50,12,20,32,53,26,96,
0,2,3,4,8,28,51,77,85,5,6,11,16,24,55,7,17,12,20,36,86,99,
0,2,3,4,8,28,51,77,5,6,11,16,57,7,13,17,19,12,20,99,
0,2,3,4,8,51,5,6,11,16,35,64,72,7,13,17,25,50,12,32,36,
0,2,3,4,8,10,28,51,85,5,6,11,16,47,69,7,13,17,12,20,60,86,99,
0,2,3,4,8,10,28,51,77,85,5,6,11,16,55,57,7,17,19,12,20,36,86,99,
0,2,3,4,8,51,5,6,11,16,24,55,57,58,66,91,7,9,13,17,19,23,27,30,12,20,34,36,18,
0,2,3,4,8,77,5,6,16,24,43,57,91,93,7,9,13,17,19,21,30,82,12,20,34,86,18,40,68,
2,4,5,6,11,16,24,48,57,58,69,91,3,7,17,19,27,8,12,68,26,
2,3,4,8,85,5,6,11,24,55,7,17,27,12,26,
2,4,5,6,11,16,57,3,7,9,13,17,19,21,23,27,30,8,12,20,34,36,77,99,18,
0,2,3,4,8,51,6,11,15,16,57,84,7,9,13,17,19,12,20,34,36,60,18,40,68,
0,2,3,4,8,51,11,16,57,7,9,17,19,12,20,34,18,68,
0,2,3,4,8,5,6,11,16,55,57,7,13,17,19,27,12,
0,2,3,4,8,10,28,51,77,5,6,11,16,24,43,57,58,66,91,7,9,13,17,19,23,27,30,12,20,34,36,18,
0,2,3,4,8,10,51,77,5,6,15,16,57,84,7,9,13,17,19,21,23,27,30,12,20,22,34,60,18,41,68,
0,2,3,4,8,5,6,11,16,47,69,7,9,13,19,30,82,12,14,20,22,32,60,86,87,18,
0,2,3,4,8,10,28,85,5,6,11,15,16,24,45,47,55,57,64,66,69,71,72,84,94,7,9,13,17,19,25,27,30,50,82,12,14,20,22,32,34,60,86,87,89,18,
0,2,3,4,8,51,5,6,11,16,72,7,9,13,19,25,30,75,12,14,36,18,
0,2,3,4,5,6,11,15,16,47,57,69,84,7,9,13,30,82,12,20,60,18,39,
0,2,3,4,8,10,51,5,6,11,15,16,54,84,7,9,13,17,19,30,12,20,22,34,36,60,18,
9,
0,2,3,4,8,10,28,51,85,5,6,11,15,16,47,55,57,69,84,7,9,13,17,19,30,82,12,14,22,32,34,36,86,87,89,18,39,
0,2,3,4,8,51,85,5,6,11,15,16,54,57,66,70,71,72,84,7,9,13,17,19,25,27,30,82,12,14,20,22,32,34,36,60,
4,5,6,11,16,47,69,3,9,17,12,14,20,32,86,
4,
4,
4,
0,2,3,4,8,10,51,77,85,5,6,11,15,24,54,57,66,84,7,9,13,17,19,23,27,30,12,14,20,32,34,36,60,87,18,
4,
4,
0,2,3,4,8,10,28,85,5,6,11,15,16,24,54,57,66,84,7,9,13,17,23,27,30,12,14,22,32,34,36,60,87,18,
0,2,3,4,8,10,28,85,5,6,11,15,16,24,33,35,45,47,54,55,57,64,66,69,70,71,72,84,90,94,7,50,12,20,36,60,
4,
4,
4,
0,2,3,4,8,10,51,85,5,6,11,16,35,47,48,55,57,58,64,69,70,71,72,90,91,7,17,19,25,50,12,20,
0,2,3,4,8,10,28,51,85,5,6,11,16,47,55,57,69,7,17,19,12,20,36,86,99,
0,2,3,4,8,51,85,5,6,11,16,24,33,35,55,57,58,72,91,7,9,13,17,19,25,30,12,20,34,36,86,99,18,
0,2,3,4,8,10,51,77,5,6,11,16,47,57,58,69,91,7,17,19,12,20,36,86,99,
0,2,3,4,8,10,51,77,5,6,11,16,35,57,58,70,71,72,91,7,9,13,17,19,25,30,12,20,34,36,99,18,
0,2,3,4,8,28,85,5,6,11,16,35,47,57,69,72,7,9,17,19,25,30,12,34,36,18,
0,2,3,4,8,51,85,5,6,11,16,24,35,55,57,64,69,72,90,7,13,17,19,25,12,
0,2,3,4,8,10,28,51,77,5,6,11,15,16,24,33,47,54,57,66,69,70,71,72,84,7,9,13,17,19,21,23,25,27,30,50,12,20,34,36,60,86,99,18,
0,2,3,4,8,10,77,85,5,6,11,16,35,57,58,70,71,72,7,13,17,19,12,20,36,86,99,
0,2,3,4,8,28,51,85,5,11,16,24,35,47,57,58,64,69,72,91,7,9,17,19,23,27,42,50,12,20,86,18,
0,2,3,4,8,10,51,5,6,11,16,24,57,7,13,17,19,12,20,36,
0,2,3,4,8,51,77,5,6,11,16,24,57,7,9,13,17,19,27,30,12,14,20,34,36,86,99,18,
0,2,3,4,8,51,5,6,11,15,16,47,54,57,69,84,7,9,13,17,19,30,12,14,20,22,32,34,36,60,86,87,18,
4,
4,
0,2,3,4,8,10,51,85,5,6,11,15,16,24,47,54,55,57,69,84,7,17,19,12,20,32,36,56,60,86,99,
0,2,3,4,8,51,5,6,11,16,55,57,7,9,13,17,19,30,12,14,20,32,34,36,86,99,18,
0,2,3,4,8,10,51,85,5,6,11,16,24,55,57,7,9,13,17,19,27,30,12,20,34,36,86,99,18,
0,2,3,4,8,10,51,85,5,6,11,16,47,55,57,69,7,13,17,19,12,20,36,86,99,
0,2,3,4,8,51,85,5,6,11,16,35,55,57,72,7,13,17,19,25,12,20,36,99,
0,2,3,4,10,51,5,6,11,15,16,47,54,69,70,72,13,25,50,12,20,36,
0,2,3,4,8,10,51,85,5,6,11,16,47,55,58,69,91,7,13,17,19,12,20,36,86,68,
0,2,3,4,8,10,51,85,5,6,11,15,16,24,54,55,57,66,84,7,13,19,12,32,36,60,
0,2,3,4,8,10,28,77,5,6,11,16,24,66,7,13,17,27,12,20,36,86,99,
4,
0,2,3,4,8,51,85,5,6,11,16,47,55,57,69,7,13,17,19,12,20,36,86,99,68,
0,2,3,4,8,28,51,77,5,6,11,7,13,17,25,12,20,32,36,99,
2,4,5,6,15,16,54,3,7,13,17,19,8,12,56,
0,2,3,4,8,51,5,6,11,16,70,7,9,13,19,23,25,27,30,42,50,82,14,34,36,18,40,29,53,74,
0,2,3,4,8,10,28,51,85,5,6,11,15,16,24,54,55,57,84,7,13,17,19,12,20,36,60,86,99,
0,2,3,4,8,10,28,85,5,6,11,15,16,47,54,57,69,84,7,9,13,17,19,30,82,12,14,22,32,34,56,60,86,87,18,
4,
2,4,5,6,15,16,69,84,3,7,9,13,30,8,12,14,32,34,87,39,
0,2,3,4,8,28,77,5,6,11,15,16,35,54,70,71,72,84,7,9,13,17,19,25,12,14,20,34,36,60,87,99,18,29,53,74,
0,2,3,4,8,51,5,6,11,15,16,54,57,72,84,7,9,13,17,75,12,14,20,22,34,36,60,86,87,46,29,53,74,
0,2,3,4,8,51,5,6,11,15,16,47,54,57,69,84,7,9,13,17,19,30,82,12,14,20,32,34,36,87,18,
4,
4,
0,2,3,4,8,10,85,5,6,11,15,16,55,57,84,7,9,13,17,19,30,12,14,32,34,60,87,18,
4,
0,2,3,4,8,10,51,77,85,5,6,11,15,16,24,57,58,84,91,7,9,13,17,19,27,30,12,14,20,22,32,34,36,56,60,99,18,
0,2,3,4,8,10,51,85,5,6,11,15,16,57,84,7,9,13,19,30,12,14,22,32,34,36,87,18,
4,
0,2,3,4,8,10,5,6,11,15,16,24,33,35,48,57,64,66,71,72,84,7,19,25,12,20,32,60,86,
2,
0,2,3,4,10,51,5,11,15,9,13,19,12,20,22,34,36,87,18,
0,2,3,4,8,10,51,5,6,11,15,16,24,55,57,58,66,84,91,7,9,13,17,19,30,12,14,20,22,34,86,87,89,99,18,
0,2,3,4,8,28,51,77,5,6,11,15,35,57,58,70,71,72,84,7,9,13,17,19,25,30,12,14,20,22,32,34,36,87,99,18,
0,2,3,4,8,10,51,85,5,6,11,15,16,47,54,57,69,84,7,9,17,21,
0,2,3,4,8,10,51,85,5,6,11,15,16,47,57,58,69,84,91,7,17,19,12,32,60,
0,2,3,4,8,51,85,5,6,11,15,16,54,55,57,84,7,9,13,17,19,30,12,14,20,22,32,34,36,56,86,87,89,99,18,
2,3,4,5,6,11,16,9,27,30,82,12,14,32,36,
0,2,3,4,8,28,51,5,6,11,15,16,54,57,84,9,13,17,19,82,12,20,22,34,36,60,86,18,37,
0,2,3,4,8,10,51,5,6,11,16,54,55,57,84,7,9,13,17,19,27,30,82,12,14,20,22,32,34,36,56,60,86,87,18,
0,2,3,4,5,6,11,16,7,9,13,19,21,25,27,30,42,75,82,12,22,18,
3,4,28,5,6,16,9,12,14,32,86,
4,5,6,11,16,3,9,12,38,
0,2,3,4,8,51,85,5,6,11,16,55,57,7,9,13,17,19,12,34,36,18,
0,3,4,6,16,57,7,9,13,19,18,
0,2,3,4,8,28,5,6,11,16,57,84,7,9,13,17,19,82,12,14,20,22,32,34,36,60,86,87,
0,2,3,4,8,10,28,51,77,5,6,11,16,35,57,58,70,71,72,91,7,9,13,17,19,21,25,30,12,14,20,32,34,36,86,99,
0,2,3,4,8,28,77,5,6,11,16,24,33,35,57,58,70,71,72,91,7,9,13,17,19,21,23,27,30,12,20,34,86,99,18,53,
0,2,3,4,8,51,77,5,6,11,16,35,57,70,71,72,7,9,13,17,19,25,30,75,12,20,34,99,18,
0,2,3,4,8,28,51,5,11,16,57,58,91,7,9,17,19,12,20,34,18,
0,2,3,4,8,10,28,51,5,6,11,16,57,58,91,7,17,19,12,20,36,99,
2,4,5,11,72,3,7,9,17,19,25,27,30,8,12,20,34,99,53,
0,2,3,4,8,28,51,77,5,6,11,16,57,58,70,71,91,7,9,13,17,19,21,25,30,75,12,20,34,36,86,99,18,
0,2,3,4,8,10,28,77,5,6,11,15,16,57,58,70,71,72,84,91,7,9,13,17,19,25,30,12,20,60,99,18,53,
2,4,5,6,11,16,57,3,7,9,17,19,30,8,12,20,34,36,77,99,31,61,38,
0,2,3,4,8,10,51,5,11,16,57,58,91,7,9,17,19,21,20,
0,2,3,4,8,28,5,11,16,24,55,57,7,17,19,20,36,
0,2,3,4,8,10,51,85,5,6,11,16,24,55,57,7,9,13,17,19,27,30,12,14,20,32,34,36,86,99,18,
0,2,3,4,8,10,28,51,5,6,11,15,16,54,55,57,84,7,9,13,17,19,30,12,14,22,32,34,36,87,18,
2,4,5,6,11,16,54,3,9,13,19,12,20,22,34,36,87,18,
0,2,3,4,8,51,5,6,11,16,24,57,7,13,17,19,27,32,36,68,
2,4,5,6,11,15,16,47,54,57,58,3,7,9,13,17,21,27,30,82,8,12,14,22,34,36,86,87,18,39,
0,2,3,4,8,51,5,6,11,16,57,7,9,13,17,19,21,12,20,34,36,86,99,18,40,68,
2,4,5,11,24,3,9,13,27,30,12,20,34,36,18,51,
0,2,3,4,8,28,51,77,5,6,11,16,57,7,9,13,17,19,12,20,22,34,36,86,99,18,
0,2,3,4,8,85,5,6,11,16,55,57,7,9,13,17,19,30,12,20,22,34,36,86,
0,2,3,4,8,10,28,51,5,6,11,16,55,57,70,71,72,7,13,17,19,12,20,32,36,
0,2,3,4,8,51,5,6,11,15,16,54,57,84,7,9,13,17,19,30,12,14,20,22,32,34,36,56,86,87,89,18,
0,2,3,4,8,5,6,11,16,35,57,70,71,72,7,13,17,19,25,12,99,
0,2,3,4,8,10,28,51,85,5,6,11,15,16,47,48,54,55,57,58,69,84,7,13,17,19,12,20,36,56,60,86,99,
0,2,3,4,8,10,51,85,5,6,11,15,16,47,54,57,69,84,7,13,17,19,12,20,32,36,56,60,86,99,
0,2,3,4,8,10,51,85,5,6,11,15,16,57,84,7,9,13,17,19,30,12,14,20,22,32,34,36,56,60,86,87,89,99,18,
0,2,3,4,8,10,51,85,5,6,11,15,16,48,54,57,58,84,7,9,13,17,19,30,82,12,14,20,22,34,36,56,86,87,89,99,18,
4,
0,2,3,4,8,5,6,11,15,16,54,57,69,84,7,17,19,12,32,56,60,86,
0,2,3,4,8,10,28,51,85,5,6,11,15,16,54,57,70,71,72,84,7,13,19,12,20,36,56,60,
2,4,5,6,11,57,3,7,9,13,17,19,30,8,12,20,36,86,61,
0,2,3,4,51,5,11,72,19,25,12,20,36,31,
2,8,11,20,86,17,
0,2,3,4,8,51,77,5,6,11,16,57,7,9,13,17,19,30,12,20,34,36,86,99,18,31,
0,2,3,4,8,28,51,85,5,6,11,57,58,72,91,9,13,17,19,25,75,12,20,34,36,61,38,
0,2,3,4,8,10,85,5,6,11,16,24,33,35,55,57,58,91,9,13,17,19,27,30,12,20,34,36,86,99,18,
0,2,3,4,8,51,5,6,11,16,55,57,58,91,7,9,13,17,19,30,12,20,34,36,99,18,
0,2,3,4,8,10,28,51,77,85,5,6,11,16,57,70,71,72,7,9,13,17,19,21,25,30,12,20,34,36,86,99,18,
0,2,3,4,8,10,28,51,5,6,11,16,24,57,7,9,13,17,19,27,30,12,20,34,36,18,
2,4,5,11,7,8,12,20,30,34,36,17,
0,2,3,4,8,51,5,6,15,16,24,57,58,84,7,9,13,17,21,23,27,30,14,22,32,34,60,18,40,68,
0,2,3,4,8,51,77,5,6,11,16,57,58,84,91,7,17,19,12,20,32,36,56,60,86,99,
2,4,6,11,16,55,3,7,9,13,17,19,30,82,8,12,20,34,36,86,18,31,51,61,68,26,
0,2,3,4,8,10,51,77,85,5,6,11,15,16,54,57,58,84,91,7,9,13,17,19,21,30,12,14,20,22,32,34,60,99,18,
4,
0,2,3,4,8,51,77,85,5,6,11,16,24,57,7,9,13,17,19,23,12,20,34,36,18,40,68,
0,2,3,4,8,10,51,77,5,6,11,16,57,58,91,7,9,13,17,19,30,12,20,34,36,99,18,
0,2,3,4,6,16,7,9,13,19,21,23,27,82,12,22,18,68,
0,2,3,4,8,51,6,11,16,55,57,7,17,19,12,20,
0,2,3,4,8,10,28,51,85,5,6,11,16,55,57,58,66,91,7,9,13,17,19,27,82,12,20,32,34,18,
0,2,3,4,8,10,28,51,85,5,6,11,15,16,54,55,57,84,7,17,19,20,60,68,
0,2,3,4,8,51,77,5,6,11,16,57,91,7,9,13,17,30,12,20,34,36,86,99,18,
2,4,5,6,11,15,16,84,3,7,9,17,19,8,12,14,32,34,86,18,68,38,
0,2,3,4,8,10,28,51,5,6,11,15,16,55,57,84,7,9,13,17,19,30,12,14,20,22,32,34,36,86,87,18,
4,
0,2,3,4,8,51,5,6,11,16,57,7,9,17,19,21,23,27,30,82,12,20,34,86,18,40,68,
2,4,5,6,16,57,3,7,9,17,19,21,27,8,22,34,18,68,
2,4,5,6,11,57,3,9,13,17,19,21,23,27,30,8,12,22,34,18,40,51,68,
4,
0,2,3,4,8,51,5,6,11,16,57,7,9,17,19,30,82,14,32,34,18,
0,2,3,4,8,10,51,85,5,6,15,16,24,57,84,91,7,9,13,17,19,21,23,27,30,14,34,36,18,40,68,
0,2,3,4,8,10,51,85,5,6,11,16,57,58,91,7,13,17,19,12,32,36,
0,2,3,4,8,51,77,5,6,11,16,24,55,57,7,9,13,17,19,27,30,12,20,34,36,99,18,
0,2,3,4,8,51,77,5,6,11,16,57,7,9,13,17,19,30,12,20,34,36,99,18,61,
0,3,4,8,73,6,16,57,7,9,13,19,23,27,30,14,34,
0,2,3,4,8,5,6,11,16,24,47,48,57,58,69,91,7,17,19,12,68,26,
0,2,3,4,8,77,5,6,15,16,57,7,9,19,30,12,14,20,34,87,
0,2,3,4,8,51,5,6,11,15,16,43,57,58,84,7,17,19,12,20,36,60,
2,4,5,6,11,16,24,55,57,58,91,3,7,9,13,17,21,23,27,8,14,32,34,36,18,68,26,
0,2,3,4,8,10,28,85,5,6,11,16,24,57,66,69,7,13,17,27,
2,
2,4,5,6,11,16,24,43,47,55,69,3,7,13,17,8,12,32,86,26,
0,2,3,4,8,28,5,6,11,15,16,24,47,66,69,84,7,17,19,
0,2,3,4,8,28,5,6,11,16,24,43,55,57,58,91,93,7,13,17,19,12,32,86,68,
0,2,3,4,8,28,77,5,6,11,15,16,24,47,57,58,69,84,7,17,12,20,32,36,99,
0,2,3,4,8,10,28,51,77,85,5,6,11,15,16,24,47,57,66,69,84,7,17,19,12,20,32,36,56,60,86,
0,2,3,4,8,10,85,5,6,11,15,16,24,33,35,47,48,58,64,66,69,71,72,84,91,94,7,9,13,17,30,12,
0,2,3,4,8,28,51,77,85,5,6,11,16,24,43,47,55,57,58,91,93,7,13,17,19,27,12,20,36,86,
0,2,3,4,8,28,85,5,6,11,16,24,47,55,57,58,69,91,7,17,19,12,20,32,86,
2,4,5,6,10,11,15,16,24,35,45,55,57,64,69,70,71,72,85,90,94,3,7,25,27,30,12,29,39,96,
0,2,3,4,8,10,28,51,77,85,5,6,11,16,24,7,17,12,20,36,99,
2,4,28,85,5,11,35,69,7,9,17,25,50,14,26,96,
0,2,3,4,8,28,51,85,5,6,11,16,35,55,57,64,71,72,7,17,19,25,50,12,32,
0,2,3,4,8,51,5,11,15,16,57,84,7,9,13,17,19,30,12,14,20,22,32,34,56,60,86,87,89,99,18,
0,2,3,4,8,51,77,85,5,6,11,16,57,7,13,17,12,20,32,36,86,99,
0,2,3,4,8,10,51,85,5,6,11,16,24,33,35,47,48,55,57,64,66,69,70,71,72,90,91,7,13,17,19,25,27,50,20,
0,2,3,4,8,10,51,5,6,11,16,24,47,57,69,7,9,13,17,19,21,23,27,30,82,12,20,34,36,86,99,18,
4,
0,2,3,4,8,10,28,85,5,6,11,16,24,33,35,45,47,55,64,66,69,71,72,7,17,19,27,20,26,
0,2,3,4,8,10,28,51,85,5,6,11,16,24,57,66,69,7,13,27,12,32,26,
0,2,3,4,8,10,51,77,5,6,11,16,24,57,7,13,17,19,12,20,32,36,86,
0,2,3,4,8,10,28,77,5,6,11,16,24,43,58,69,93,7,13,17,19,27,12,20,32,26,
0,2,3,4,8,28,51,85,5,6,11,16,24,55,57,69,91,93,7,17,12,26,96,
0,2,3,4,8,10,28,51,85,5,6,11,16,24,47,55,57,66,69,7,13,17,19,27,12,20,36,86,99,26,
0,2,3,4,8,28,51,5,6,11,16,35,47,48,57,64,70,71,72,90,7,17,19,50,12,20,32,36,86,99,68,53,
0,2,3,4,8,85,5,6,11,16,24,55,57,69,7,17,19,27,36,68,26,
0,2,3,4,8,28,51,85,5,6,11,16,55,57,7,13,17,19,12,20,36,99,
0,2,3,4,8,28,77,6,11,7,13,17,12,20,86,26,
0,2,3,4,8,51,6,11,16,47,57,69,9,17,19,82,12,14,20,32,34,86,18,
0,2,3,4,8,10,51,5,6,11,15,16,24,54,55,57,66,84,7,9,17,19,21,23,27,30,12,14,20,22,32,34,60,18,40,68,88,
0,2,3,4,8,5,6,24,57,9,13,19,23,27,30,14,32,34,41,
0,2,3,4,8,51,77,5,6,11,16,24,57,7,9,13,17,19,21,23,27,30,12,14,20,32,34,36,18,40,61,68,26,
0,2,3,4,8,10,51,77,5,6,11,16,57,7,9,13,17,19,30,12,14,20,32,34,36,99,18,
4,
2,4,5,6,11,24,3,7,17,27,8,12,32,
0,2,3,4,8,10,85,5,6,11,16,55,57,58,91,7,17,19,12,99,
0,2,3,4,28,5,11,58,72,91,9,17,25,30,12,20,36,86,
0,2,3,4,8,10,28,5,11,35,47,69,72,7,17,25,12,20,86,
0,2,3,4,8,10,28,85,5,11,16,55,57,70,71,72,7,17,19,25,12,20,36,86,99,
0,2,3,4,8,28,51,77,5,6,11,16,57,91,7,9,13,17,27,12,20,34,86,99,18,37,
0,2,3,4,28,5,6,11,33,35,72,91,7,17,12,20,86,99,
0,2,3,4,8,10,28,77,85,5,6,11,16,35,55,57,70,71,72,84,7,9,17,19,25,12,20,36,86,99,18,
0,2,3,4,8,28,51,77,85,11,16,58,91,17,30,12,20,36,86,99,
0,2,3,4,8,28,77,85,5,11,16,35,55,72,7,17,25,12,20,99,
0,2,3,4,8,10,28,51,77,85,5,6,11,16,35,47,55,58,69,71,72,90,91,7,9,13,17,19,21,25,30,50,82,12,14,20,34,86,18,
0,2,3,4,8,51,77,5,6,11,16,57,7,9,13,17,19,30,12,20,34,36,86,99,18,
0,2,3,4,8,10,5,6,11,15,16,54,57,69,70,71,72,84,7,9,13,19,25,30,42,50,82,12,14,20,22,32,34,36,60,87,46,29,39,53,74,
4,
4,
4,
4,
0,2,3,4,8,10,28,51,85,5,6,11,15,16,24,33,45,47,54,55,57,64,66,69,70,71,72,84,90,94,7,9,13,17,19,21,23,25,27,30,42,50,82,34,60,40,
0,2,3,4,8,10,51,77,5,6,11,15,16,58,70,71,72,84,91,7,9,13,17,19,21,25,30,12,20,22,34,36,60,86,99,18,
0,2,3,4,8,10,85,5,6,11,15,16,54,55,57,84,91,7,9,13,17,19,30,12,14,20,22,32,34,36,56,60,86,87,89,18,
4,
0,2,3,4,8,10,85,5,6,11,15,16,57,84,7,13,17,19,12,99,
4,
0,2,3,4,8,28,51,5,6,11,16,57,9,17,12,14,20,22,34,36,87,18,31,37,38,
0,2,3,4,8,10,51,77,5,6,11,16,55,57,58,91,7,13,17,19,12,20,36,86,99,
2,3,4,51,5,6,11,9,13,19,12,20,34,36,18,31,
0,2,3,4,8,10,28,51,85,5,6,11,16,24,55,57,7,9,13,17,19,27,30,12,20,34,36,18,38,
0,2,3,4,8,85,5,6,11,16,55,57,7,9,13,17,19,30,12,20,32,34,36,38,
0,2,3,4,8,28,85,5,6,11,16,57,7,9,13,17,19,30,12,20,34,36,18,
0,2,3,4,8,51,6,11,57,84,9,17,12,20,32,34,18,31,
0,2,3,4,8,28,51,85,5,6,11,16,55,57,91,7,9,13,17,12,20,34,36,86,18,31,38,
0,2,3,4,8,10,28,51,77,85,5,11,58,91,7,9,13,17,19,30,12,20,34,36,86,99,18,31,61,37,
0,2,3,4,8,10,51,85,5,6,11,16,35,55,57,70,71,72,7,9,13,17,19,25,30,12,20,34,36,99,18,
0,2,3,4,8,10,51,5,6,11,16,47,54,55,57,69,84,7,13,19,20,32,36,60,
2,3,4,5,6,11,69,72,7,12,32,
0,2,3,4,8,28,51,85,5,6,11,16,24,55,57,66,7,13,17,19,27,12,20,32,36,99,
0,2,3,4,8,10,28,85,5,6,11,16,47,69,7,13,17,12,20,32,86,99,
0,2,3,4,8,10,28,51,85,5,6,11,16,24,55,57,7,9,13,17,19,27,30,82,12,14,20,32,34,36,86,18,
0,2,3,4,8,10,28,51,85,5,6,11,16,24,55,7,13,17,27,12,32,86,
2,4,5,6,11,15,16,84,3,7,9,13,17,19,30,8,12,14,20,32,34,36,56,60,86,87,89,
0,3,4,28,5,6,11,16,9,17,12,14,32,
0,2,3,4,10,5,6,11,15,16,24,33,35,45,47,57,58,64,66,69,70,71,84,94,9,13,19,21,23,27,30,42,60,
0,2,3,4,10,85,5,11,15,16,24,33,43,55,57,58,70,71,72,84,91,93,27,30,36,
0,2,3,4,8,10,28,85,5,6,11,15,16,24,33,35,43,54,55,58,66,70,71,72,84,91,7,13,17,12,20,86,
0,2,3,4,8,10,51,85,5,6,11,15,16,24,33,35,45,47,48,57,58,64,66,69,70,71,72,84,90,91,94,7,17,19,20,60,
0,2,3,4,8,10,28,85,5,6,11,15,16,24,33,35,45,47,54,57,58,69,70,71,72,84,91,94,7,9,13,17,19,21,23,25,27,30,82,20,34,60,18,
0,2,3,4,8,10,77,5,6,11,15,16,24,33,45,48,64,66,69,70,71,84,91,94,7,9,13,17,19,21,27,30,50,82,20,22,36,60,86,
0,2,3,4,10,85,5,6,11,15,16,24,33,35,47,48,55,57,58,64,66,69,70,71,72,84,91,27,30,22,
0,2,3,4,8,10,51,85,5,6,11,16,24,33,35,45,47,55,57,64,66,69,70,71,72,91,9,13,17,19,21,25,27,30,12,20,34,36,86,18,
0,2,3,4,8,10,28,85,5,6,11,15,16,24,33,45,47,48,54,55,57,58,64,66,69,70,71,72,84,90,91,7,17,19,50,12,60,86,
0,2,4,10,85,5,6,11,15,16,24,33,45,55,57,58,64,66,69,70,71,72,84,90,94,7,13,17,27,
4,
0,2,3,4,8,10,85,5,6,11,15,16,57,66,69,84,93,7,9,13,17,19,23,30,12,14,20,34,60,87,
4,
0,2,3,4,8,10,51,77,5,6,11,16,57,7,9,13,17,19,30,12,14,20,34,36,86,99,18,
4,
4,
4,
0,2,3,4,8,10,51,77,5,6,11,16,57,58,91,7,9,13,17,19,30,12,14,20,32,34,36,86,99,18,
4,
0,2,3,4,8,10,51,85,5,6,11,16,55,57,7,9,13,17,30,12,14,20,34,36,18,
0,2,3,4,8,28,51,85,5,6,11,16,35,47,55,57,58,64,66,69,71,72,90,91,7,17,19,25,50,12,20,99,
0,2,3,4,8,10,5,6,11,15,16,35,48,55,57,58,66,69,70,71,72,84,90,7,17,19,25,50,12,56,99,53,26,96,
0,2,3,4,8,10,28,85,5,6,11,15,16,35,47,48,55,64,69,70,71,72,84,90,91,7,17,19,50,12,20,56,60,86,53,
0,2,3,4,8,10,28,51,85,5,6,11,15,16,54,57,66,84,7,13,17,19,12,20,36,60,86,99,
0,2,3,4,8,28,5,6,11,16,24,35,55,57,66,69,70,71,72,7,17,19,25,50,12,20,36,53,96,
0,2,3,4,5,6,11,15,16,35,47,48,57,69,71,84,19,12,56,99,68,
0,2,3,4,6,15,16,33,35,47,54,57,64,69,84,94,7,9,13,17,19,21,30,42,82,60,
0,2,3,4,8,6,11,15,16,35,54,57,84,7,19,12,20,56,99,
0,2,3,4,8,10,51,85,5,6,11,15,16,35,47,57,64,69,70,71,72,84,90,7,13,19,25,50,12,20,32,36,56,86,99,68,
0,2,3,4,8,85,5,6,11,16,24,33,35,45,47,48,54,57,58,66,69,70,71,72,84,94,7,17,19,25,50,12,32,
0,2,3,4,10,85,5,6,11,35,58,70,71,72,91,30,36,
0,2,3,4,8,10,28,51,77,5,6,11,16,24,57,66,7,9,17,19,21,23,27,30,12,20,34,36,86,99,18,
2,4,5,6,11,24,33,70,71,3,9,13,17,19,25,27,30,75,8,12,20,36,53,
0,2,3,4,8,10,28,5,6,11,33,35,58,72,91,7,9,13,17,27,30,12,20,34,36,99,
2,4,5,11,72,12,20,34,
0,2,3,4,8,10,5,6,11,24,57,7,17,19,27,12,99,
0,2,3,4,8,10,28,51,5,11,16,57,70,71,72,91,9,13,17,19,25,30,75,12,20,36,86,18,38,
0,2,3,4,8,10,51,85,5,6,11,16,55,57,7,9,13,17,19,30,12,20,34,36,86,99,18,
0,2,4,51,7,12,19,20,34,36,18,
4,
0,2,3,4,8,28,51,77,5,6,11,16,47,57,58,69,91,7,9,13,17,19,21,82,12,20,34,36,86,18,40,68,37,
0,2,3,4,8,10,28,51,85,5,6,11,16,35,55,57,71,72,7,17,19,25,12,20,86,99,
4,
0,2,3,4,8,10,28,51,5,6,11,16,57,58,91,9,13,17,19,30,12,20,34,36,18,
0,2,3,4,8,10,51,85,5,6,11,16,55,57,7,9,13,17,19,30,12,20,34,99,18,
0,2,3,4,8,10,28,51,85,5,6,11,15,16,24,35,45,47,55,57,64,66,69,70,71,72,84,90,94,7,13,17,19,25,12,20,32,60,86,99,
0,2,3,4,8,28,6,11,16,57,7,9,17,12,20,34,86,18,37,
0,2,3,4,8,85,5,6,11,15,16,35,54,55,57,70,71,72,84,7,9,13,17,19,30,12,14,20,22,32,34,36,56,60,86,87,89,99,18,46,
2,4,11,16,47,69,72,86,37,17,
0,2,3,4,8,10,28,51,85,5,6,11,16,55,57,7,17,19,12,20,36,86,99,
0,2,3,4,8,51,5,6,11,16,57,70,71,72,7,9,13,17,19,25,30,75,12,20,34,36,86,99,18,
2,3,4,5,6,11,16,47,69,70,19,25,50,12,20,38,
0,2,3,4,8,10,28,5,6,11,16,35,47,55,69,70,71,7,19,12,20,60,86,99,38,
0,2,3,4,8,10,28,51,5,6,11,16,35,47,48,69,70,71,72,7,9,17,19,50,12,22,34,56,86,87,18,68,46,37,38,
0,2,3,4,8,10,28,85,5,11,16,55,7,17,12,20,
0,2,3,4,8,28,51,5,6,11,35,57,70,84,7,17,19,25,12,20,60,86,99,38,
0,2,3,4,8,10,28,51,5,6,11,16,35,47,69,70,72,7,9,17,19,25,27,50,82,12,14,22,32,56,18,38,
0,2,3,4,8,10,51,85,5,6,11,16,54,70,71,72,84,7,13,17,19,25,12,20,32,36,60,86,99,
0,2,3,4,8,28,51,5,6,11,15,16,35,47,55,57,69,72,84,7,9,17,19,25,30,50,75,12,14,20,22,32,34,36,86,87,18,38,39,74,
0,2,3,4,8,10,51,5,6,11,15,16,35,70,71,72,7,17,19,25,12,20,36,60,99,
4,5,6,16,47,69,3,9,12,14,32,86,39,74,
2,4,5,6,11,16,47,64,69,3,9,17,12,86,39,38,
2,4,5,6,11,16,24,57,3,9,14,32,39,
4,5,
4,5,6,11,16,47,69,3,9,17,12,14,39,
0,2,3,4,8,5,6,11,15,16,24,47,69,70,71,72,84,7,9,13,19,25,27,30,50,75,82,12,14,22,32,34,36,86,87,18,39,74,
4,
0,2,3,4,8,10,28,51,5,6,11,15,16,24,33,45,47,54,55,69,70,71,72,84,7,9,13,17,19,25,27,30,50,75,82,12,14,20,22,32,34,36,56,60,86,87,18,39,
2,4,5,6,11,15,16,47,54,57,69,70,71,72,84,3,9,12,14,32,86,39,
4,
0,2,3,4,8,51,77,5,6,16,57,91,7,9,13,17,19,30,12,20,34,36,18,
2,4,5,6,11,16,54,57,84,7,17,21,23,27,8,34,18,40,41,26,
0,2,3,4,8,51,77,6,11,16,57,7,9,13,17,19,21,30,82,12,20,32,34,36,86,99,18,40,68,26,
0,2,3,4,8,10,51,5,6,11,16,57,58,91,7,9,13,17,19,21,30,82,12,14,20,32,34,36,86,99,18,40,68,
0,2,3,4,8,10,51,5,6,11,15,16,57,84,7,17,19,12,20,32,36,60,
0,2,3,4,8,10,28,51,85,5,6,11,16,47,55,64,69,72,90,7,13,17,25,50,12,20,32,36,60,86,
0,2,3,4,8,10,51,85,5,6,11,16,55,57,7,9,13,17,19,30,82,12,34,36,18,
0,2,3,4,8,5,6,15,16,57,7,9,13,17,19,21,23,27,30,22,34,18,40,61,68,
2,4,5,6,11,15,16,24,57,84,3,7,9,13,17,19,21,27,30,82,8,12,14,22,18,40,68,96,
0,2,3,4,8,51,77,5,6,11,16,57,84,7,9,13,17,19,30,12,14,20,22,34,36,87,99,18,31,
0,2,3,4,8,10,51,5,6,11,16,57,91,7,9,13,17,19,21,30,82,34,18,40,68,
0,2,3,4,8,10,51,85,5,6,11,16,24,55,57,66,91,7,9,13,17,19,30,12,14,34,36,18,
0,2,3,4,8,5,6,15,16,57,84,7,9,13,19,30,14,22,60,87,
4,
0,2,3,4,8,10,28,51,5,6,11,16,24,58,91,7,9,13,17,19,23,27,30,82,12,20,34,18,
0,2,3,4,8,77,85,5,6,11,16,24,57,58,91,7,9,13,17,19,21,23,30,12,20,34,36,99,
0,2,3,4,8,85,5,6,11,16,55,57,7,17,19,12,99,
0,2,3,4,8,10,51,85,5,6,11,15,16,55,57,58,84,7,9,13,17,19,30,12,20,22,34,36,60,18,
0,2,3,4,8,10,51,5,6,11,15,16,24,54,57,58,84,9,13,17,19,21,23,27,30,14,22,32,34,18,40,68,
4,
0,2,3,4,8,10,51,5,6,11,15,16,54,55,57,84,7,17,19,12,20,32,36,56,60,86,99,
0,2,3,4,8,10,28,51,5,6,11,16,57,7,13,17,19,12,20,36,86,99,
0,2,3,4,8,10,51,77,5,6,11,16,24,57,84,7,9,13,17,19,21,23,27,30,12,20,22,34,36,60,86,99,18,
2,3,4,10,5,6,11,16,9,27,30,12,14,
2,4,5,6,11,16,57,3,7,9,13,17,8,12,14,86,18,
0,2,3,4,8,5,6,16,33,70,71,84,7,9,13,21,23,27,30,42,82,12,14,22,32,18,40,29,
0,2,3,4,8,10,51,85,5,6,11,15,16,24,55,84,7,9,13,17,19,27,30,82,12,20,22,34,36,60,86,18,
0,2,3,4,8,10,28,85,5,6,11,15,16,55,57,84,7,17,19,12,20,36,60,
2,
0,2,3,4,8,28,51,5,6,11,15,16,43,57,69,84,93,7,9,13,17,19,27,30,82,20,34,60,18,31,
0,2,3,4,8,10,28,51,77,85,5,6,11,16,43,45,55,57,69,70,71,72,90,7,13,17,19,27,12,20,86,99,68,
0,2,3,4,8,28,51,85,5,6,11,16,24,43,48,55,57,58,91,93,7,17,19,12,20,36,86,99,68,
0,2,3,4,8,10,85,5,6,11,15,16,24,43,47,55,57,69,84,91,93,7,9,13,17,19,23,30,60,
2,
4,
0,2,3,4,8,28,51,85,5,6,11,15,16,24,33,35,54,55,57,58,70,71,72,84,91,7,13,17,19,50,12,20,36,60,86,
0,2,3,4,8,5,6,11,16,24,43,48,57,58,91,93,7,19,
0,2,3,4,8,10,28,51,85,5,6,11,16,24,55,57,58,66,91,7,13,17,19,27,12,20,32,99,
0,2,3,4,8,28,51,77,85,5,6,11,16,24,55,57,58,66,69,91,7,9,13,17,19,27,30,82,12,20,34,36,86,99,18,26,
0,2,3,4,8,10,28,77,5,6,11,16,57,58,91,7,17,19,12,20,36,86,99,37,
0,2,3,4,8,51,77,85,5,11,16,24,55,57,58,72,91,7,17,19,25,12,20,36,99,53,
0,2,3,4,8,10,28,51,77,5,6,11,16,35,57,58,71,72,91,7,17,19,12,20,99,
0,2,3,4,8,10,28,51,5,6,11,16,57,7,9,17,19,30,12,20,99,
0,2,3,4,8,28,51,77,5,11,16,33,72,17,19,25,12,20,36,86,99,53,
0,3,4,8,6,16,7,17,19,25,61,
0,2,3,4,8,10,28,51,77,5,6,11,16,7,17,12,20,36,99,
0,2,3,4,8,51,5,6,11,16,24,57,7,17,19,12,
2,
0,2,3,4,8,10,51,85,5,6,11,15,16,24,47,48,55,57,58,66,69,84,91,7,9,13,17,19,27,30,12,14,20,22,32,34,36,56,86,87,99,18,
0,2,3,4,8,10,28,51,5,6,11,15,16,24,33,35,45,54,55,57,66,69,70,71,72,84,94,7,9,13,17,19,21,23,27,30,42,82,34,36,60,18,
0,2,3,4,8,10,85,5,6,11,15,16,24,33,35,45,47,48,57,66,69,70,71,72,84,94,7,9,21,27,34,
0,2,3,4,8,10,28,51,85,5,6,11,15,16,24,35,45,47,55,57,64,66,69,70,71,72,84,94,7,17,19,25,12,32,60,86,99,
0,2,3,4,85,5,6,11,16,24,33,35,43,45,55,57,69,72,84,90,94,7,19,
2,4,
2,
2,4,
0,2,3,4,10,5,6,11,16,24,45,66,70,71,9,27,
0,2,3,4,8,10,28,51,85,5,6,11,15,16,54,55,57,84,7,9,13,17,19,30,12,20,22,34,36,60,86,18,
12,
0,2,4,8,10,5,11,15,16,24,33,35,43,45,54,55,57,64,66,69,70,71,84,93,7,17,
0,2,3,4,8,10,77,85,5,6,11,15,16,54,57,70,71,72,84,7,9,13,17,19,30,12,20,34,36,60,99,18,
0,2,3,4,10,5,6,11,16,47,69,30,14,36,
0,2,3,4,8,28,77,85,5,6,11,16,47,64,69,72,7,13,17,25,50,12,20,32,36,86,99,
4,
0,2,3,4,8,10,77,85,5,6,11,16,57,7,9,13,17,19,21,27,12,14,20,34,36,86,99,18,
0,2,3,4,8,10,51,77,85,5,6,11,16,57,70,71,72,7,9,13,17,19,25,30,12,20,34,36,99,
0,2,3,4,8,10,51,85,5,6,11,15,16,47,54,57,64,69,70,71,72,84,7,9,13,17,19,21,30,50,82,20,34,36,60,18,
0,3,4,28,5,6,11,16,47,69,9,17,12,14,32,86,39,
0,3,4,5,6,16,47,69,9,19,
4,
0,2,3,4,10,5,6,11,16,47,69,70,71,72,9,19,30,50,12,22,32,34,87,46,39,
4,
0,2,3,4,8,28,51,5,6,11,15,16,47,54,69,70,71,72,84,7,9,13,17,19,25,30,12,14,20,22,32,34,56,60,86,87,18,46,
4,
0,2,3,4,8,10,51,85,5,6,11,15,16,24,47,48,54,57,69,84,7,13,19,12,20,32,36,60,86,
0,2,4,5,6,11,15,16,24,33,47,54,58,69,71,72,84,91,94,14,
4,
0,2,3,4,10,85,5,6,11,15,16,24,35,45,47,48,55,57,58,64,66,69,70,71,72,84,90,91,94,
0,2,3,4,8,10,28,51,85,5,6,11,15,16,24,35,45,47,48,55,57,58,66,69,71,72,84,90,91,94,7,13,17,19,12,20,56,60,99,53,
0,2,3,4,8,10,28,51,5,6,11,15,16,47,48,57,69,84,7,13,17,19,12,20,36,56,60,86,
0,2,3,4,8,10,28,51,85,5,6,11,16,24,35,47,48,57,58,66,69,70,71,72,84,90,91,7,13,17,19,50,12,20,32,56,60,86,68,
0,2,3,4,8,10,28,5,11,15,16,24,35,45,47,48,54,55,57,58,64,66,69,71,72,84,90,91,7,13,17,19,50,12,60,26,
0,2,3,4,8,10,28,5,6,11,15,16,24,47,48,54,55,57,66,69,84,7,13,19,12,20,32,36,56,60,86,99,68,
0,2,3,4,8,10,85,5,6,11,15,16,24,35,45,47,48,57,58,66,69,70,71,72,84,91,94,7,13,17,19,25,50,12,20,60,86,99,53,26,
0,2,3,4,8,10,28,85,5,6,11,15,16,24,33,35,45,47,48,55,57,58,64,66,69,71,72,84,94,7,17,19,20,60,
0,2,3,4,8,28,51,85,5,6,11,15,16,24,35,47,48,55,57,58,64,66,69,71,72,84,90,91,7,13,17,19,50,12,20,32,99,68,
2,
0,2,3,4,8,10,28,51,85,5,6,11,15,16,24,33,35,47,48,55,57,58,64,66,69,70,71,72,84,90,91,7,13,17,19,25,50,12,20,32,36,56,60,86,99,
0,2,3,4,10,28,5,6,11,35,47,48,58,64,69,70,71,91,7,13,17,19,25,50,12,20,36,86,99,37,53,
0,2,3,4,8,10,28,51,85,5,6,11,16,24,33,35,55,57,58,64,70,71,72,91,7,17,19,25,27,50,12,20,86,68,
0,2,3,4,8,10,28,51,85,5,6,11,15,16,24,35,45,47,55,57,64,66,69,70,71,72,84,90,94,7,13,17,19,12,20,60,99,
0,2,3,4,8,10,28,51,85,5,11,15,16,47,48,55,57,58,69,84,91,7,13,17,19,12,20,32,36,56,60,86,99,
0,2,3,4,8,10,28,51,5,11,15,16,58,84,91,7,13,17,19,12,20,86,
0,2,3,4,8,10,28,51,85,5,6,11,15,16,33,35,43,57,58,66,71,72,84,91,7,17,19,25,12,20,36,60,99,
0,2,3,4,8,28,85,5,6,11,16,35,47,55,57,58,69,72,90,91,13,17,19,50,12,20,36,86,37,
0,2,3,4,8,10,28,51,85,5,6,11,15,16,24,35,47,48,54,55,57,58,64,66,69,70,71,72,84,90,7,13,17,19,25,50,12,20,36,56,86,
0,2,3,4,8,77,5,6,11,16,24,57,7,9,13,17,19,21,23,27,30,82,12,20,34,36,86,99,18,
0,2,3,4,8,51,85,5,6,11,16,7,17,19,12,20,36,86,99,
0,2,3,4,8,51,5,6,11,16,57,58,7,9,13,17,19,30,12,20,22,34,36,86,99,18,
4,
2,4,5,6,11,16,69,3,7,9,13,17,19,27,30,42,50,75,82,8,12,20,77,86,99,40,53,
0,2,3,4,8,51,5,6,11,15,16,57,84,7,9,13,17,19,30,12,14,20,22,32,34,36,56,60,86,87,89,18,
0,2,3,4,8,10,51,5,6,11,15,16,24,54,55,57,84,7,9,13,17,19,27,30,12,14,20,22,32,34,36,60,99,18,
2,4,5,6,11,16,57,3,7,9,17,19,8,12,14,34,
0,2,3,4,8,51,77,85,5,6,11,16,57,7,9,17,19,30,12,20,34,36,99,18,
2,4,5,6,11,16,57,58,91,3,7,9,13,17,19,8,12,20,34,36,86,99,18,31,51,
0,2,3,4,8,10,51,5,6,11,15,16,54,57,84,7,9,13,19,30,12,14,20,22,34,87,18,
0,2,3,4,10,85,5,6,11,16,55,7,13,20,60,
2,4,5,6,57,3,9,17,19,8,34,18,31,51,
0,2,3,4,8,10,51,77,85,5,6,11,15,16,24,54,57,84,7,9,17,19,21,23,27,30,12,14,20,32,34,36,60,18,
0,2,3,4,8,10,28,51,77,5,6,11,24,7,17,27,12,20,
0,2,3,4,8,28,51,5,6,11,16,24,57,58,91,7,9,13,17,19,21,23,27,30,82,20,34,36,18,
0,2,3,4,8,10,51,77,85,5,6,11,15,16,35,54,57,71,72,84,7,9,13,17,19,25,30,12,14,20,32,34,36,60,87,99,18,
0,
4,
0,2,3,4,8,10,51,52,5,6,11,16,24,48,57,7,19,27,12,32,68,
0,2,3,4,8,28,51,77,5,6,11,16,7,17,19,12,20,32,36,86,99,
0,2,3,4,8,51,77,85,11,16,57,58,91,7,9,13,17,21,23,30,82,12,14,20,34,86,18,
0,2,3,4,8,10,51,77,85,5,6,11,15,16,24,33,35,47,54,57,64,66,69,71,72,84,7,13,17,19,25,50,12,20,32,36,56,60,86,99,
0,2,3,4,8,10,28,51,77,5,6,11,16,24,35,47,57,66,69,70,71,72,7,9,13,17,19,25,27,30,82,12,14,20,36,86,29,39,53,74,
0,2,3,4,8,10,51,5,11,16,54,72,84,7,9,17,30,12,20,34,36,86,18,53,
0,2,4,8,10,28,51,5,11,54,57,66,70,71,72,84,9,12,14,20,22,36,17,29,53,25,
0,2,3,4,8,10,28,51,5,6,11,16,35,47,54,57,69,70,71,72,7,17,19,25,12,20,32,36,53,67,96,
0,2,3,4,8,10,28,85,5,6,11,47,55,64,69,70,71,72,90,7,9,13,17,19,30,12,14,20,32,34,86,18,29,53,74,26,
0,2,3,4,8,10,28,51,77,5,6,11,57,70,71,72,7,9,13,17,19,25,30,12,14,20,32,34,36,86,99,29,53,74,
2,4,5,6,11,24,54,72,9,12,13,14,20,22,30,34,36,87,18,27,53,
0,2,3,4,8,28,51,77,5,6,11,16,35,57,72,7,9,13,17,19,25,30,12,20,22,34,36,86,99,18,53,
0,2,3,4,8,10,28,51,77,5,6,11,16,24,35,57,64,69,70,71,72,7,9,13,17,19,21,25,27,30,42,50,82,12,14,20,32,34,36,86,18,29,53,74,88,96,
0,2,3,4,8,10,77,85,5,6,11,16,55,66,70,71,72,7,13,17,19,27,30,12,14,20,32,34,36,86,99,18,29,53,74,
4,
4,
0,2,4,8,10,28,85,5,6,11,15,16,35,47,54,57,64,69,70,71,72,84,12,20,36,60,86,99,17,
0,2,3,4,10,5,6,11,15,16,24,45,47,54,66,69,70,71,72,19,50,12,
0,2,3,4,8,10,85,5,6,11,15,16,47,54,57,69,84,7,19,12,32,56,99,
4,
4,
4,
0,2,3,4,8,10,85,5,6,11,15,16,24,33,35,47,48,54,57,58,64,66,69,70,71,72,84,90,94,7,13,17,19,12,32,
0,2,3,4,8,10,28,85,5,6,11,15,16,54,55,57,84,7,13,17,19,12,20,36,56,60,
0,2,3,4,8,10,51,5,11,16,54,57,70,71,72,84,7,9,13,12,20,22,36,60,18,
0,2,3,4,8,28,51,85,5,6,11,16,24,35,55,57,64,69,72,90,7,9,17,25,12,20,86,99,
2,4,
0,2,4,8,28,5,11,16,24,43,47,55,57,58,69,72,90,91,12,19,20,86,17,18,
0,2,3,4,8,10,51,85,5,6,11,15,16,35,45,47,55,57,58,64,66,69,70,71,72,84,94,9,13,17,19,30,12,14,22,34,60,18,
0,2,3,4,8,10,28,51,77,5,6,11,15,16,24,55,57,69,84,7,9,13,17,27,30,12,14,20,22,32,34,60,18,26,
0,2,3,4,8,28,85,5,6,11,16,24,33,35,55,72,7,17,12,20,32,36,60,99,
2,4,
2,
0,2,3,4,8,10,51,85,5,11,15,16,57,84,9,13,17,19,30,12,14,20,22,32,34,36,56,60,86,87,18,
0,2,3,4,8,10,51,85,5,6,11,15,16,24,54,57,84,7,9,13,19,30,12,14,20,34,36,56,86,87,89,18,
0,2,3,4,8,10,28,51,5,6,11,15,16,57,58,84,91,7,9,13,17,19,30,12,14,20,22,32,34,36,56,60,86,87,89,99,18,68,
4,
4,
0,2,3,4,10,51,5,6,11,15,16,24,47,54,69,71,72,9,13,19,25,30,50,12,14,20,34,36,56,87,18,
4,
0,2,3,4,8,51,85,6,11,15,16,47,48,57,69,84,7,9,13,17,19,12,14,20,32,34,56,60,86,87,89,
0,2,3,4,8,10,28,5,6,11,15,16,24,47,54,57,84,7,9,13,19,30,12,14,20,22,32,34,36,56,86,87,89,38,
0,2,3,4,8,10,28,5,6,11,15,16,47,54,57,69,84,7,9,13,17,19,30,12,14,20,22,32,34,36,56,60,86,87,89,38,
0,2,3,4,8,10,5,6,11,15,16,24,43,48,55,57,66,69,84,91,93,17,19,12,60,
0,2,3,4,8,51,77,85,5,6,11,16,24,57,58,91,7,9,13,17,19,30,12,20,32,34,36,86,99,18,
0,2,3,4,8,10,51,85,5,6,11,15,16,24,43,57,66,84,93,7,17,19,36,60,68,
0,2,4,8,10,85,5,6,11,15,16,24,43,55,57,58,66,84,91,93,7,9,14,32,34,23,
0,2,3,4,8,5,6,16,43,57,58,93,13,17,27,
0,2,3,4,8,10,51,85,5,6,11,15,16,24,48,54,55,57,58,84,7,17,19,12,36,
0,2,3,4,8,51,77,5,6,11,16,24,55,57,58,91,7,9,13,17,19,23,30,12,20,34,99,18,
0,2,3,4,8,10,51,85,5,6,11,15,16,24,43,55,57,58,66,69,84,91,93,7,9,13,17,23,27,30,14,32,34,36,60,18,
4,
0,2,3,4,8,10,28,51,77,85,5,6,11,15,16,24,43,54,55,57,58,84,7,9,13,17,19,21,23,12,14,22,32,34,60,18,68,
0,2,3,4,10,85,5,6,11,15,16,24,43,47,55,57,58,69,72,84,91,93,14,
0,2,3,4,8,77,5,6,11,15,16,33,84,91,7,9,13,17,19,23,27,30,75,12,20,34,36,60,
0,2,3,4,8,51,11,57,58,91,17,19,30,12,20,34,36,
0,2,3,4,8,5,6,11,15,24,57,84,17,19,12,20,60,61,
0,2,3,4,8,10,28,51,85,5,11,16,24,55,58,66,91,7,17,19,23,27,12,20,34,99,18,98,
0,2,3,4,8,10,51,77,5,6,11,15,16,57,58,84,91,7,9,13,17,19,21,30,82,12,20,22,34,60,86,99,18,
0,2,3,4,8,10,51,77,85,5,6,11,16,57,58,91,7,17,19,12,20,36,99,
0,2,3,4,10,85,5,6,11,15,16,24,43,54,57,58,84,7,9,13,17,30,
0,2,3,4,8,28,51,77,85,5,6,11,16,55,57,7,9,13,17,19,30,12,20,34,99,18,
2,4,5,6,11,15,16,43,57,58,84,7,8,
0,2,3,4,8,28,51,77,5,6,11,16,72,7,17,25,12,20,32,36,86,99,
0,2,3,4,8,28,51,77,5,6,11,15,16,47,54,57,69,70,71,72,84,7,17,19,25,12,20,36,86,99,
4,
4,
0,2,3,4,8,10,51,85,5,6,11,16,55,57,7,13,17,12,20,32,36,86,99,
7,
4,
4,
4,
2,3,4,8,5,6,11,24,35,55,72,7,17,50,12,53,26,67,96,92,59,
4,
0,2,4,8,28,51,85,5,6,11,15,16,35,47,55,57,58,64,69,71,72,84,90,91,7,9,12,13,14,22,30,34,36,60,86,87,89,99,17,37,
4,
2,4,5,6,11,15,57,84,3,17,12,86,
0,2,3,4,8,10,28,51,77,5,6,11,15,16,54,57,84,91,7,9,13,17,19,30,12,20,34,36,60,86,99,18,37,
4,
0,2,3,4,8,28,51,77,5,6,11,15,57,84,7,9,13,17,19,30,12,14,20,34,36,60,99,18,
4,
0,2,3,4,8,5,6,11,16,57,7,13,17,19,27,12,61,
0,2,3,4,6,11,16,24,43,19,12,99,61,
0,2,3,4,8,51,5,11,57,7,9,13,17,19,30,12,14,20,34,86,18,61,
2,4,5,6,11,15,16,57,84,3,7,9,13,17,19,30,8,12,20,34,36,60,86,99,18,61,
0,2,3,4,8,51,77,6,11,16,57,7,9,13,17,19,30,12,20,34,86,18,61,
0,2,3,4,8,10,51,85,5,6,11,16,55,57,7,17,19,12,20,32,86,99,
2,4,6,11,57,3,7,9,13,17,19,8,12,20,34,36,77,86,99,18,51,61,
0,2,3,4,8,10,51,5,6,11,16,24,57,58,66,91,7,9,13,17,19,30,12,14,20,34,36,86,99,18,
0,2,3,4,8,51,6,16,57,7,9,17,19,12,20,34,99,18,61,
0,2,3,4,8,28,51,77,5,6,11,57,7,17,19,27,12,20,86,99,61,
0,2,3,4,8,10,28,85,5,6,11,15,16,24,33,35,45,48,57,58,64,66,69,70,71,84,94,7,17,19,50,20,60,
0,2,3,4,8,28,51,85,5,6,11,24,57,7,13,17,19,12,20,36,86,
0,2,3,4,8,28,51,85,5,6,11,15,16,24,33,35,47,48,54,55,57,58,64,66,69,71,72,84,90,94,7,17,19,50,12,32,60,86,99,37,
0,2,3,4,8,10,28,51,85,5,6,11,16,35,55,57,58,70,71,72,91,7,17,19,20,
0,2,3,4,8,10,5,6,11,15,16,24,54,55,58,66,70,71,72,84,91,7,13,17,19,25,12,20,32,36,86,
0,2,3,4,8,51,85,5,6,11,16,24,33,35,55,57,72,7,13,17,19,12,20,32,36,86,99,
2,
0,2,3,4,8,10,28,85,5,6,11,16,35,48,54,55,57,64,70,71,72,84,90,7,19,50,12,20,32,56,60,86,
0,2,3,4,10,28,85,5,6,11,15,16,33,35,47,48,55,57,58,64,66,69,70,71,72,84,90,7,17,19,50,60,
4,
0,2,3,4,8,51,5,6,15,16,57,7,9,13,17,19,23,30,22,34,18,40,68,
0,2,3,4,8,77,85,5,6,11,16,24,43,57,93,7,9,17,23,30,12,20,34,86,18,40,26,
4,
4,
4,
4,
0,2,3,4,8,51,77,5,6,11,16,57,7,9,13,17,19,30,12,14,20,32,34,36,86,99,18,
4,
0,2,3,4,8,51,77,6,11,16,57,7,9,17,19,12,20,34,36,86,18,40,68,
0,2,3,4,8,10,28,51,85,5,6,11,16,24,35,55,57,58,64,66,69,71,72,90,91,7,9,17,25,30,12,14,32,34,36,18,
0,2,3,4,8,10,28,51,85,5,6,11,15,16,57,58,84,91,7,13,17,19,12,20,32,56,60,86,99,
0,2,3,4,8,28,51,5,6,11,16,24,35,47,55,64,69,72,90,7,9,13,17,19,25,27,30,50,82,12,20,36,86,99,53,26,96,
4,
0,2,3,4,8,51,5,6,11,15,16,54,57,84,7,13,17,19,12,20,36,60,
4,
4,
2,
0,2,3,4,8,28,85,5,11,35,55,64,69,72,17,50,12,20,36,60,99,
4,
0,2,3,4,8,77,11,16,58,91,17,21,30,12,20,36,99,18,
0,2,3,4,8,10,51,85,5,6,11,15,16,33,35,43,54,55,57,70,71,72,84,9,17,27,12,20,34,18,
0,2,3,4,8,28,77,5,6,11,16,24,57,58,91,7,17,19,27,12,20,36,99,
0,2,3,4,8,5,6,15,16,24,54,57,84,9,13,19,21,23,27,30,12,14,20,22,32,34,36,60,18,
0,2,3,4,8,28,51,5,6,11,16,57,58,91,7,9,13,17,19,21,23,30,82,20,34,18,
0,2,3,4,8,10,5,6,11,15,16,24,57,58,66,84,91,7,17,19,12,99,
0,2,3,4,8,10,51,77,5,6,11,15,16,24,54,55,57,58,84,91,7,9,13,17,19,23,27,30,12,14,20,34,36,87,99,18,26,
0,2,3,4,8,5,6,11,16,24,57,58,91,7,13,17,19,27,12,99,
0,2,3,4,8,10,28,51,85,5,6,11,16,24,57,58,66,91,7,17,27,12,20,36,
0,2,3,4,8,10,51,77,85,5,6,11,15,16,24,54,57,58,84,91,7,9,13,17,23,27,30,12,20,34,36,99,18,
0,2,3,4,8,10,5,6,11,15,16,24,33,35,45,47,48,55,58,64,66,69,71,72,84,90,94,7,19,20,60,
0,2,3,4,8,10,28,51,85,5,6,11,16,24,55,57,58,66,91,7,13,17,19,27,30,12,14,34,86,18,88,
2,4,
0,2,3,4,8,10,28,51,5,6,11,15,16,24,47,48,55,57,58,66,69,84,7,13,17,19,36,60,68,
0,2,3,4,8,10,28,51,85,5,6,11,15,16,24,35,47,55,57,64,66,69,70,71,72,84,90,7,17,19,50,12,20,32,36,56,60,86,99,68,
0,2,3,4,8,28,51,5,6,11,16,35,57,69,70,71,72,7,17,19,25,12,20,32,36,99,
0,2,3,4,8,51,77,85,5,6,11,16,35,57,72,7,9,13,17,19,25,30,12,20,34,36,99,18,
0,2,3,4,8,10,28,85,5,6,11,16,24,55,57,58,91,7,9,13,17,19,23,27,30,12,20,99,18,65,
0,2,3,4,8,10,28,51,77,85,5,6,11,16,47,57,58,69,91,7,13,17,19,12,20,36,86,99,
0,2,3,4,8,10,28,51,85,5,6,11,16,57,7,17,19,12,20,36,99,
0,2,3,4,8,10,51,85,5,6,11,16,24,33,35,55,57,58,66,70,71,72,91,7,17,19,27,12,20,36,86,99,
4,5,6,3,9,12,14,32,
4,
0,2,3,4,8,85,5,6,11,16,24,55,57,7,9,13,17,19,30,12,20,34,36,86,
0,2,3,4,8,51,77,5,6,11,16,57,7,9,13,17,19,30,12,20,34,36,99,18,
2,4,5,11,16,7,17,12,20,60,77,86,
2,3,4,8,85,5,6,11,24,43,55,7,17,27,32,26,
0,2,3,4,8,51,6,11,16,55,7,13,17,12,20,86,
0,2,3,4,8,51,6,15,16,24,43,57,84,93,7,9,13,17,21,23,22,34,60,18,40,68,
0,2,3,4,8,10,51,85,5,6,11,15,16,24,33,35,47,55,57,64,69,70,71,72,84,90,7,9,13,17,19,25,30,82,12,20,22,34,60,86,18,
0,2,3,4,8,10,28,85,5,6,11,16,24,47,54,55,57,69,84,7,9,13,17,19,27,30,12,14,20,22,32,34,60,86,87,99,18,
0,2,3,4,8,85,5,6,11,16,24,35,47,55,57,64,69,72,90,7,9,17,19,25,12,20,34,36,99,18,38,
0,2,3,4,8,10,51,85,5,6,11,15,16,24,33,47,55,57,66,69,72,84,90,7,9,13,17,25,82,12,14,20,22,32,34,86,87,18,
0,2,3,4,8,10,28,51,5,6,11,16,35,55,57,70,71,72,7,9,13,17,19,25,30,12,14,20,34,99,18,
0,2,3,4,10,51,5,6,11,16,47,54,69,71,72,9,19,25,50,82,12,14,22,32,39,
0,2,3,4,8,28,5,6,11,15,16,69,84,7,9,13,17,19,30,12,14,20,22,32,36,56,60,86,87,99,18,39,
0,2,3,4,8,28,51,77,5,6,11,16,35,47,57,58,69,72,91,7,9,17,19,25,30,12,20,34,36,18,
0,2,3,4,8,10,28,85,5,6,11,15,16,54,55,84,7,9,13,17,19,30,12,14,20,22,32,34,36,86,87,89,18,38,
0,2,3,4,5,6,16,24,47,48,69,84,7,9,19,30,12,14,20,32,39,
0,2,3,4,8,10,28,51,85,5,6,11,15,35,54,57,64,70,71,72,84,7,13,17,19,25,50,12,32,60,
4,
4,
0,2,3,4,8,10,51,85,5,6,11,15,16,35,48,54,55,57,64,69,70,71,72,84,90,91,7,13,17,19,25,12,20,32,36,56,60,99,
4,
0,2,3,4,8,5,6,11,16,35,54,57,58,70,71,72,84,17,19,12,20,36,60,99,
0,2,3,4,8,10,51,77,5,6,11,16,35,47,57,69,70,71,72,7,9,13,17,19,25,30,42,50,82,12,14,20,32,34,36,
0,2,3,4,10,5,6,11,15,16,47,54,69,70,71,72,9,19,25,30,12,14,20,22,32,34,36,87,18,46,
0,2,3,4,8,10,28,51,5,6,11,15,16,35,54,58,70,71,72,84,91,7,9,13,17,19,25,30,12,20,34,36,60,99,18,
4,
0,2,3,4,10,5,6,11,15,16,54,57,70,71,72,84,30,14,22,36,
2,
0,2,3,4,8,10,28,51,5,6,11,15,16,24,35,45,47,48,57,58,64,66,69,70,71,72,84,94,7,17,19,25,12,20,60,99,
0,2,3,4,8,51,5,6,11,15,16,35,47,54,57,69,70,71,72,84,7,9,13,17,19,30,12,14,20,22,32,34,36,56,60,99,18,
0,2,3,4,8,10,28,51,85,5,6,11,15,16,24,35,47,48,54,55,57,66,69,70,71,72,84,90,7,19,25,50,12,20,32,36,60,99,
0,2,3,4,8,10,28,51,77,5,6,11,15,16,24,33,45,47,57,64,66,69,70,71,72,84,94,7,9,13,17,23,25,27,30,42,12,14,20,22,34,60,99,18,
2,
0,2,3,4,8,10,28,85,5,11,16,24,33,35,45,48,55,64,66,69,70,71,72,90,7,13,19,27,50,12,36,26,
4,
0,2,3,4,8,28,51,5,6,11,16,24,33,47,57,64,69,72,91,7,9,13,17,23,25,30,50,82,12,34,36,18,
2,
0,2,3,4,8,10,5,6,11,24,33,35,43,47,54,55,57,58,64,69,72,84,90,91,93,9,17,30,14,36,60,
0,2,3,4,8,28,77,85,5,6,11,16,24,35,47,55,57,58,69,72,90,91,7,9,13,17,25,82,12,20,34,36,86,99,
4,
0,2,3,4,8,10,28,51,5,11,15,16,35,47,55,57,58,64,69,70,71,72,84,90,7,17,25,50,12,20,60,86,
0,2,3,4,8,10,51,77,5,6,11,15,16,35,54,57,58,64,72,84,91,7,9,17,25,30,50,82,12,20,22,34,36,60,86,99,18,
0,2,3,4,8,10,51,77,85,5,6,11,16,24,47,69,7,13,17,12,20,32,36,60,86,99,
0,2,3,4,8,28,51,5,6,11,16,55,57,58,70,71,72,91,7,17,19,25,12,20,32,36,
0,2,3,4,8,51,77,5,6,11,16,24,57,7,9,13,17,19,23,27,30,12,14,20,32,34,18,
0,2,3,4,8,10,51,5,6,11,16,24,57,58,91,7,9,13,17,19,23,27,30,82,12,14,34,36,18,
0,2,3,4,8,51,77,5,6,11,16,57,69,91,7,9,13,17,19,30,12,20,34,36,86,99,18,
0,2,3,4,8,10,28,51,5,6,11,16,24,57,7,9,13,17,19,23,27,30,82,12,14,32,34,36,18,
0,2,3,4,8,10,28,5,6,11,15,16,24,54,55,57,84,7,9,13,17,19,27,30,12,14,20,32,34,36,60,87,99,18,
0,3,4,8,5,6,16,57,7,9,13,19,27,30,34,18,
4,
2,4,5,6,11,15,16,35,57,70,71,84,3,7,9,13,17,19,25,30,8,12,14,20,34,36,77,87,99,
0,2,3,4,8,10,51,77,5,6,11,16,7,13,17,12,20,32,36,99,
0,2,3,4,5,6,11,16,7,9,13,19,30,82,
0,2,3,4,8,5,6,11,16,57,7,9,13,17,19,30,82,12,20,32,34,36,
0,2,3,4,8,10,51,85,5,6,11,15,16,24,54,55,57,66,84,7,9,17,19,27,30,12,14,20,22,32,34,36,56,86,87,89,18,
0,2,3,4,8,10,51,85,5,6,11,16,35,55,57,70,71,72,7,13,17,19,25,12,20,32,36,86,99,
0,2,3,4,8,10,51,85,5,6,11,16,55,57,70,71,72,7,9,13,17,19,30,12,20,34,36,86,99,18,38,
0,2,3,4,8,10,28,51,5,6,11,16,47,54,55,57,69,84,7,9,17,30,82,12,14,20,22,32,34,36,86,87,18,38,
0,2,3,4,8,51,5,11,15,16,54,57,70,71,72,84,7,9,13,19,25,27,30,75,12,14,22,34,36,56,60,86,87,39,74,
0,2,3,4,8,28,5,6,11,15,16,54,57,70,71,72,84,7,13,17,19,12,20,32,36,56,60,86,99,
4,5,6,11,3,9,12,14,20,74,
0,2,3,4,8,51,5,6,11,15,16,47,54,57,69,84,7,9,13,17,19,30,82,12,20,22,34,36,60,86,99,18,
4,5,6,11,16,47,69,3,9,17,8,12,14,20,32,39,
3,4,
0,2,3,4,8,28,5,6,11,15,16,57,70,71,72,84,7,9,13,17,19,25,30,75,12,14,20,22,32,34,36,74,
2,4,5,6,11,15,16,47,69,84,9,12,14,39,
0,2,3,4,8,51,77,5,6,11,16,57,7,9,13,17,19,25,30,75,12,20,22,34,36,86,18,53,
2,4,5,6,11,16,3,7,9,13,19,21,25,30,42,50,75,82,12,22,18,39,
0,2,3,4,8,10,51,5,11,16,24,54,84,7,9,13,17,27,30,12,14,20,22,32,34,36,18,
2,4,5,6,16,3,9,12,39,
4,
0,2,3,4,10,28,51,76,85,5,6,15,16,24,47,48,57,69,84,9,13,19,27,30,12,14,20,22,32,60,18,68,
4,
0,2,3,4,8,10,28,51,76,85,5,6,11,15,16,57,84,7,9,13,19,30,12,14,20,34,56,60,86,87,18,
0,2,3,4,10,85,5,6,11,15,16,47,57,69,84,7,9,13,19,30,82,12,20,22,60,
0,2,3,4,8,10,28,51,76,85,5,6,11,15,16,33,47,48,54,57,66,69,72,84,94,7,9,13,19,27,30,50,12,14,20,36,56,60,86,87,37,
0,2,3,4,10,28,51,76,85,5,6,11,15,16,24,45,47,54,57,64,69,71,72,84,94,9,13,19,27,50,12,14,22,32,56,60,86,87,89,
0,2,3,4,10,28,76,85,5,6,11,15,16,57,84,7,9,13,19,30,12,14,56,86,
0,2,3,4,10,28,76,85,5,6,11,15,16,48,54,71,72,84,9,13,19,27,30,50,12,14,20,22,32,86,87,18,68,
0,2,3,4,8,10,51,85,5,6,11,15,16,24,54,58,84,91,7,17,19,12,20,32,36,56,60,86,99,
0,2,3,4,8,10,28,51,77,5,6,11,15,16,84,91,7,9,17,19,23,27,12,20,34,36,60,86,99,
0,2,3,4,8,10,28,51,77,5,6,11,16,24,33,35,58,70,72,91,7,9,17,19,21,25,27,30,75,12,20,34,36,86,99,18,
0,2,3,4,8,10,28,51,77,85,5,6,11,16,24,57,58,91,9,13,17,19,21,23,27,30,82,12,20,34,86,99,18,
4,
0,2,3,4,8,10,28,51,77,85,11,16,33,58,91,17,19,30,12,20,36,60,86,99,18,
0,2,3,4,8,10,28,5,6,11,16,33,57,91,7,9,13,17,27,30,12,20,34,36,38,
0,2,3,4,8,10,51,85,5,6,11,16,57,58,91,7,17,19,12,20,36,31,38,
0,2,3,4,8,10,28,51,85,5,6,11,16,57,58,91,9,17,19,30,12,20,34,36,86,37,
0,2,3,4,8,28,51,77,85,5,11,72,91,17,25,30,12,20,34,36,99,
0,2,3,4,5,6,11,33,35,58,70,71,72,91,7,9,13,17,19,30,12,20,36,99,
0,2,3,4,8,10,28,51,85,5,6,11,16,55,57,7,9,13,17,19,30,12,20,34,99,18,38,
0,2,3,4,8,10,28,51,85,5,6,11,16,24,57,66,7,17,19,27,20,
0,2,3,4,8,10,51,85,5,6,11,15,16,55,57,84,7,9,13,17,19,30,12,14,20,32,34,36,56,60,86,87,89,99,18,
0,2,3,4,8,10,28,51,5,6,11,16,35,55,57,70,71,72,7,9,17,19,25,30,12,14,20,32,34,36,99,18,
0,2,3,4,8,28,51,6,11,15,16,54,57,84,7,9,13,17,19,12,20,34,60,18,
0,2,3,4,8,85,5,6,11,16,24,33,57,72,7,9,13,17,19,25,30,12,20,34,36,18,38,
0,2,3,4,10,28,85,5,6,11,16,24,33,45,47,57,58,64,66,69,71,72,84,91,94,9,17,30,20,60,78,
0,2,3,4,8,10,28,85,5,6,11,16,35,55,57,70,71,72,7,17,19,25,12,20,86,99,
0,2,3,4,8,10,28,51,85,5,6,11,16,35,55,58,70,71,72,91,7,17,19,12,20,36,86,99,
0,2,3,4,8,10,28,51,85,5,6,11,16,54,55,57,66,84,7,13,19,12,68,26,
0,2,3,4,8,28,51,5,6,11,15,16,54,57,84,7,13,17,19,12,20,36,56,60,86,99,
0,2,3,4,8,10,28,51,85,5,6,11,15,16,57,58,84,7,13,17,19,36,60,68,
0,2,3,4,8,10,51,85,5,6,11,16,24,35,47,48,55,57,58,69,71,72,7,13,17,19,25,27,50,12,20,32,36,86,99,68,
0,2,3,4,8,28,51,77,5,6,11,15,16,24,54,57,84,7,13,17,19,12,20,32,36,60,86,99,68,
0,2,3,4,8,10,28,51,85,5,6,11,16,57,58,7,13,17,19,12,20,36,99,
0,2,3,4,8,10,51,85,5,6,11,16,55,57,70,71,72,7,13,17,19,25,12,20,32,36,86,99,
0,2,3,4,8,10,51,77,5,6,11,15,16,24,33,45,47,48,58,64,66,69,70,71,72,84,94,7,13,17,19,25,50,12,20,32,36,56,60,86,
0,2,3,4,8,28,51,77,5,6,11,35,57,72,7,13,17,19,25,12,20,36,99,
0,2,3,4,8,10,28,51,5,6,11,15,16,24,35,45,47,48,54,55,58,64,66,69,70,71,72,84,90,91,94,7,13,17,19,12,60,86,68,
4,
4,
4,
4,
0,2,3,4,10,5,6,11,15,16,35,57,64,70,71,84,19,12,56,99,68,38,
4,
0,2,3,4,8,10,51,85,5,6,11,15,16,54,55,57,84,7,9,13,17,19,30,12,14,20,22,34,36,56,86,87,89,18,
4,
4,
0,2,3,4,5,6,15,16,48,54,69,70,71,72,84,19,12,56,38,81,
0,2,3,4,5,6,16,7,13,19,
0,2,3,4,8,10,5,6,11,16,47,57,69,7,13,17,19,12,20,36,86,99,
0,2,3,4,8,28,51,5,6,11,16,24,35,43,45,47,48,54,57,66,69,71,84,90,94,7,19,50,12,20,32,56,60,86,68,81,
0,2,3,4,8,85,5,6,11,16,35,69,70,71,72,90,7,13,17,19,25,50,12,20,36,86,
0,2,3,4,8,10,28,51,85,5,6,11,16,24,43,57,66,7,13,17,19,27,12,20,32,36,86,99,
0,2,3,4,8,10,28,5,6,11,16,48,57,58,7,17,19,12,68,26,81,
0,2,3,4,6,11,16,35,64,69,7,19,12,32,81,
0,2,3,4,8,10,28,51,85,5,6,11,16,24,55,57,66,7,13,17,19,27,12,20,32,36,86,99,
0,2,3,4,8,10,51,85,5,6,11,16,24,7,9,13,17,19,27,30,12,14,20,32,34,36,86,18,
4,
0,2,3,4,8,51,85,5,6,11,16,24,55,57,7,9,13,17,19,30,12,20,34,36,86,18,
4,
3,
0,2,3,4,10,5,6,15,16,24,48,84,7,9,13,19,21,27,30,82,20,22,60,
0,2,3,4,8,10,28,51,77,5,6,11,16,47,57,64,69,70,71,72,91,7,9,13,17,19,21,25,30,42,50,82,12,14,20,34,36,86,18,40,68,
0,2,3,4,8,10,51,5,6,11,15,16,57,84,7,9,13,17,19,30,82,12,22,34,60,
0,2,3,4,8,77,5,6,11,16,24,47,57,69,7,9,13,17,19,21,27,30,82,12,20,22,36,60,86,99,18,39,
4,
0,3,4,5,6,11,16,9,12,20,
0,2,3,4,8,51,77,5,6,11,16,24,57,7,9,13,17,21,23,27,30,12,20,34,36,99,18,
0,2,3,4,8,10,28,51,77,5,6,11,16,7,17,19,12,20,36,99,
0,2,3,4,8,10,51,5,6,11,33,35,70,71,72,91,9,13,17,19,25,27,30,75,12,20,34,36,86,99,
0,2,3,4,8,10,51,85,5,6,11,15,16,24,55,57,58,84,91,9,17,23,30,12,20,34,36,60,99,18,
0,2,3,4,8,51,85,5,6,11,16,57,58,70,71,72,91,7,17,19,25,12,20,36,53,
0,2,3,4,8,10,28,51,85,5,6,11,15,16,24,55,57,58,84,91,7,9,13,17,19,27,30,12,20,34,36,60,99,18,
0,2,3,4,8,10,51,5,6,11,16,24,57,58,66,91,7,9,13,17,19,27,30,12,20,34,18,
0,2,3,4,8,28,51,77,5,6,11,70,71,72,7,9,13,17,19,25,27,30,75,12,20,34,36,86,99,
0,2,3,4,8,51,77,5,11,16,57,70,72,7,9,13,17,19,23,27,30,75,12,20,34,36,99,18,31,
4,
4,
4,
2,
4,
0,2,3,4,28,85,5,6,11,16,35,47,55,58,69,70,71,72,90,91,7,9,17,25,30,50,12,14,53,74,26,96,
0,2,3,4,8,28,51,77,5,6,11,16,24,35,57,72,7,13,17,19,25,12,20,36,86,99,
0,2,3,4,8,10,28,85,5,6,11,16,24,33,35,55,57,58,66,70,71,72,91,7,13,17,19,25,27,12,20,36,86,99,
0,2,3,4,8,28,51,77,5,6,11,16,24,47,57,69,7,17,19,12,20,36,86,
0,2,3,4,8,10,51,85,5,6,11,24,33,35,55,57,58,66,69,72,90,91,7,9,17,27,34,18,
0,2,3,4,8,28,51,77,85,5,6,11,16,55,57,72,7,13,17,25,12,20,36,86,
0,2,3,4,8,28,51,77,6,11,16,7,9,17,19,82,12,20,34,36,86,99,18,
0,2,3,4,8,10,28,51,77,5,6,11,16,35,57,58,71,72,91,7,17,19,25,12,20,36,86,99,37,
0,2,3,4,8,28,77,5,6,11,16,58,91,7,9,13,17,19,21,30,12,14,20,34,36,86,99,18,40,68,37,
0,2,3,4,8,28,77,11,16,35,58,91,9,17,19,25,12,20,34,36,86,99,18,37,
4,
0,2,3,4,8,28,51,77,5,11,16,57,58,70,71,72,91,7,9,13,17,19,25,30,12,20,36,86,99,18,53,
0,2,3,4,8,28,11,16,72,7,9,17,19,25,12,20,34,36,86,99,18,37,
0,2,3,4,51,5,6,11,72,9,13,19,25,12,20,34,36,18,
0,2,3,4,8,51,77,5,6,11,16,57,7,9,13,17,19,21,30,12,20,34,36,86,99,18,
0,2,3,4,8,10,28,51,5,6,11,16,55,57,58,91,7,9,13,17,19,30,12,20,34,36,99,18,
4,
0,2,3,4,8,51,85,5,6,11,15,16,54,55,57,64,70,71,72,84,7,9,13,17,19,25,30,82,12,14,20,22,34,36,60,86,87,89,18,68,
0,2,3,4,8,10,51,85,5,6,11,15,16,54,55,57,84,7,9,13,17,19,30,82,12,14,22,32,34,36,87,18,
4,
2,4,5,6,11,15,16,54,84,3,7,9,13,17,19,30,8,12,14,20,22,32,34,36,60,86,87,18,
0,2,3,4,8,10,28,85,5,6,11,15,16,54,55,57,58,84,91,9,13,17,19,30,12,14,20,22,32,34,36,87,99,18,
4,
4,
0,2,3,4,8,10,51,85,5,6,11,16,24,33,55,57,70,71,72,7,17,19,25,12,20,36,86,53,
0,2,3,4,8,10,51,77,5,6,11,16,57,7,9,13,17,19,30,12,14,20,32,34,36,86,99,18,
0,2,3,4,8,28,51,85,5,6,11,16,24,55,57,7,17,19,12,20,36,86,
0,2,3,4,8,10,28,51,85,5,6,11,16,47,55,57,69,7,17,19,12,32,36,
0,2,3,4,8,28,77,5,6,11,33,55,57,64,72,7,9,17,19,25,27,30,50,12,20,34,36,86,99,18,53,26,
0,2,3,4,8,51,5,6,11,15,16,54,57,84,7,9,13,17,19,30,12,20,22,34,36,60,18,
0,2,3,4,8,10,51,5,6,11,16,57,7,9,13,17,19,30,12,14,20,32,34,36,18,
0,2,3,4,8,10,5,6,11,16,24,47,48,55,57,58,66,69,7,13,17,19,27,12,20,32,36,86,99,
4,
4,
4,
4,
4,
4,
4,
4,
4,
4,
2,
0,2,3,4,8,28,51,85,5,6,11,15,16,55,57,69,84,7,17,19,12,20,36,60,
0,2,3,4,8,10,51,5,6,11,16,24,57,66,7,9,13,17,19,30,12,14,20,32,34,36,86,99,18,
0,2,3,4,8,51,77,85,5,6,11,16,24,33,35,47,55,57,58,64,69,72,90,91,7,9,13,17,21,50,82,12,20,32,34,36,86,99,18,
0,2,3,4,8,28,51,5,6,11,15,16,57,84,7,17,19,12,20,32,36,99,
2,
0,2,3,4,8,77,85,5,6,11,16,24,35,47,55,57,58,64,69,72,90,91,93,7,9,13,17,25,30,82,12,20,34,36,
0,2,3,4,8,10,28,51,85,5,6,11,16,24,35,43,47,48,55,57,58,69,70,71,72,90,91,93,7,13,17,19,25,27,12,20,86,99,68,
2,
0,2,3,4,8,28,5,11,16,57,7,17,19,12,20,86,
0,2,3,4,8,28,77,5,6,11,16,57,7,17,19,12,20,36,99,31,
0,2,3,4,8,28,51,77,6,11,35,57,7,9,17,19,25,30,12,14,20,36,99,67,
2,
0,2,3,4,10,5,6,11,15,16,66,71,72,36,
0,2,4,8,85,5,11,16,24,43,55,57,58,91,93,12,20,86,17,18,
0,2,3,4,8,28,77,5,6,11,16,35,57,72,91,7,9,13,17,12,20,34,36,86,99,18,53,
0,2,3,4,8,10,28,85,5,6,11,15,16,35,55,57,70,71,72,84,7,17,19,25,12,20,36,60,99,38,
0,2,4,8,51,77,5,6,11,15,16,54,55,57,84,7,12,14,20,22,34,36,99,17,18,40,68,
0,2,3,4,8,10,51,77,5,6,11,15,16,54,57,58,69,84,91,7,17,19,12,20,32,36,56,60,86,99,
0,2,3,4,8,10,51,5,6,11,16,57,7,13,17,19,12,36,
0,2,3,4,8,51,77,5,6,11,16,57,7,13,17,19,12,20,99,
4,
0,2,3,4,8,10,51,85,5,6,11,16,24,55,57,66,7,9,13,19,27,30,12,14,32,34,36,18,
0,2,3,4,8,10,51,5,6,11,15,16,54,57,58,84,7,9,13,17,19,21,30,82,14,22,32,34,36,18,40,68,
0,2,3,4,8,51,77,85,5,6,11,16,57,69,7,13,17,19,12,20,36,86,
0,2,3,4,8,51,77,5,6,11,24,55,7,12,20,32,36,60,99,26,96,92,
2,4,5,6,11,15,16,47,54,57,69,84,3,7,9,13,17,19,30,8,12,14,32,34,36,87,18,
0,2,3,4,8,51,85,5,6,11,16,24,43,47,55,57,58,91,93,7,17,19,27,36,68,
0,2,3,4,8,10,51,85,5,6,11,15,16,24,43,47,54,55,57,58,66,69,84,91,93,7,17,12,20,36,60,86,
0,2,3,4,8,10,85,5,6,15,16,24,43,47,48,54,57,58,66,69,84,93,9,21,23,14,32,34,36,89,68,
0,2,3,4,8,10,85,5,6,11,16,24,43,47,48,54,57,58,66,69,84,91,93,7,17,19,12,68,
0,2,3,4,8,85,5,6,11,16,24,55,57,58,91,7,17,19,20,36,
4,
0,2,3,4,8,10,51,77,85,5,6,11,16,55,57,58,91,7,9,13,17,19,21,30,12,20,34,36,86,18,
0,2,3,4,8,10,51,85,5,6,11,15,16,24,43,48,57,66,69,84,93,7,9,17,19,30,12,20,22,34,36,56,60,86,87,89,18,68,
0,2,3,4,8,10,51,85,5,6,11,15,16,24,43,55,57,58,66,84,93,17,19,12,20,60,86,99,
0,2,3,4,8,10,51,85,5,6,11,16,47,55,69,7,13,17,12,20,32,86,
2,
2,
0,2,3,4,8,28,85,5,6,11,16,24,33,35,48,57,58,64,66,69,71,72,84,91,94,7,13,17,25,50,12,20,32,60,86,99,
2,
2,
0,2,3,4,8,10,51,85,5,6,11,15,16,24,35,45,47,48,55,57,66,69,70,71,72,84,91,94,7,13,17,19,12,32,60,68,
2,4,8,85,5,6,11,24,35,43,64,69,72,90,94,7,13,
2,3,4,8,5,6,11,24,69,7,17,
4,
0,2,3,4,8,51,77,5,6,11,16,7,13,17,12,20,99,
0,2,3,4,8,51,5,6,11,15,16,47,57,69,84,7,9,13,17,19,30,12,14,20,22,32,34,36,86,87,18,
0,2,3,4,8,5,6,11,16,57,58,7,13,17,19,12,99,
2,3,4,8,5,6,11,24,43,7,17,
0,2,3,4,8,28,51,77,5,6,11,16,47,57,58,69,91,7,17,19,12,20,36,86,99,
0,2,3,4,8,10,51,5,6,11,16,57,7,9,13,17,19,30,12,14,20,32,34,36,18,
4,5,6,3,17,12,32,
0,2,3,4,8,10,28,51,85,5,6,11,16,24,33,35,55,57,70,71,72,7,9,13,17,19,25,27,30,12,20,34,36,99,18,
0,2,3,4,8,28,51,77,5,6,11,57,7,9,13,17,19,27,12,20,34,99,26,96,
0,2,3,4,8,28,51,85,5,6,11,16,55,57,7,17,19,20,
0,2,3,4,8,51,85,5,6,11,16,33,35,47,55,57,58,64,66,69,70,71,72,91,7,9,13,17,19,27,30,50,12,14,34,36,86,18,68,
0,2,3,4,8,51,77,5,6,11,24,7,13,17,27,12,20,32,36,99,
0,2,3,4,8,28,77,85,5,6,11,16,55,69,72,90,7,9,13,17,42,50,12,20,34,36,99,18,53,26,96,
0,2,3,4,8,28,51,77,5,6,11,55,7,17,12,20,86,99,26,96,
0,2,3,4,8,10,51,77,85,5,6,11,16,7,13,17,12,20,32,36,86,99,
0,2,3,4,8,28,77,85,5,6,11,16,24,55,64,69,72,90,7,9,13,17,19,30,12,20,34,99,18,53,26,96,
0,2,3,4,8,51,5,6,11,16,57,7,17,19,12,36,
0,2,3,4,8,10,51,85,5,6,11,16,55,7,13,17,12,20,36,86,99,
2,4,5,6,16,57,3,7,9,17,19,30,8,12,14,20,32,34,36,77,86,99,
0,2,3,4,51,5,6,11,16,72,9,13,25,12,20,34,18,
0,2,3,4,8,5,11,9,17,19,12,20,34,36,86,18,
0,3,4,28,5,6,11,16,91,9,17,12,14,20,32,86,
0,2,3,4,8,10,51,5,6,11,16,35,55,57,70,71,72,7,9,13,17,19,25,30,50,82,12,14,20,32,34,36,86,99,18,74,
0,2,3,4,8,51,85,5,6,11,16,57,7,17,19,12,20,36,86,
0,2,3,4,8,10,28,51,85,5,6,11,16,35,57,70,71,72,7,9,13,17,19,25,30,12,14,20,32,34,36,86,99,
2,3,4,51,5,6,11,16,47,69,72,9,13,19,25,30,50,75,82,12,20,18,31,53,97,
0,2,3,4,28,6,11,84,9,13,17,25,12,20,60,
0,2,3,4,8,10,77,85,5,6,11,15,16,33,35,45,47,54,57,58,69,70,71,72,84,91,94,9,17,19,21,23,25,27,30,42,12,20,22,34,36,60,86,99,18,
0,2,3,4,10,85,5,11,15,16,24,57,70,71,72,84,27,30,22,
0,2,3,4,8,10,28,51,77,85,5,6,11,16,24,33,35,47,57,58,64,66,69,70,71,72,91,7,9,17,19,21,27,30,42,50,82,12,20,86,99,18,
0,2,3,4,8,10,51,85,5,6,11,15,16,24,33,57,58,71,72,84,91,9,13,17,19,25,27,30,12,20,34,36,
0,2,3,4,8,51,5,6,11,16,24,55,57,58,70,71,72,84,91,9,13,17,19,25,27,30,12,20,22,34,36,60,86,99,18,
0,2,3,4,10,28,5,6,11,15,16,24,47,57,66,69,84,7,9,13,21,27,30,82,12,20,22,60,18,
0,2,3,4,8,28,85,5,6,11,16,24,33,35,47,48,55,57,58,64,66,69,71,72,90,91,7,13,17,19,25,27,50,12,20,36,86,99,
4,
0,2,3,4,8,10,51,5,6,11,15,16,54,55,57,84,7,13,17,19,12,20,36,56,60,86,99,
4,
4,
4,
4,
4,
0,2,3,4,8,10,51,5,6,11,16,57,7,9,13,17,19,30,12,14,20,32,34,36,86,99,18,
4,
0,2,3,4,8,10,51,5,6,11,16,55,57,7,17,19,12,20,36,86,99,
