2,
2,
2,
2,
33,
12,
7,
2,7,
4,
2,
33,
2,
0,
4,
48,
7,
33,
2,
0,
33,
2,
2,
7,
2,
12,
4,
4,
4,
3,
7,
3,
12,
2,7,
4,
0,
4,
7,
0,4,
4,
0,
4,
0,
0,
0,
7,
6,
0,
4,
4,
81,
81,
72,
78,
2,
81,
4,
12,
4,
12,
4,
4,
7,
7,
12,
0,4,
4,
4,
7,
12,
7,
33,
0,
2,7,
0,
33,
3,
7,
0,
7,
0,
33,7,
7,
33,7,
0,
19,
9,38,
6,
20,
33,7,
0,12,
2,
12,
2,
9,
48,
9,
4,
2,7,
0,
0,
48,
2,
33,
4,
33,
78,
12,
33,
33,
61,
7,
33,
7,
11,
7,
7,
9,
4,
12,
12,
9,
12,
2,
12,
13,
9,
33,
12,
7,
12,
79,
13,
3,
7,
12,
7,
4,
12,
2,6,7,
33,
12,
4,
0,
4,
4,
4,
4,
0,
33,
70,
4,
4,
0,
0,
4,
19,
12,
4,
3,
0,
3,
7,
3,
0,
12,
17,
33,7,
7,
17,
17,
7,
78,
20,
17,
33,
12,
4,
12,
0,
2,
12,
2,
12,
12,
4,
4,
4,
9,
4,
7,
4,
12,
12,
0,
33,
12,
78,
12,
17,20,
33,
20,
12,
20,
4,
0,
12,
12,
4,
4,
0,
33,7,
3,
7,
0,
0,
12,
12,
4,
4,
4,
7,
3,
4,
0,
0,
0,
33,
33,7,
0,
33,7,
4,
4,
2,7,
33,
2,
2,
48,
4,
33,
2,
7,
11,
72,
24,
78,
4,
0,
4,
12,
6,78,
12,
2,
2,
4,
4,
7,
2,
2,
0,
7,
7,
7,
4,
0,
0,
4,
4,
7,
2,
12,
78,
9,
78,
11,
11,
12,
33,
24,
12,
12,
12,
6,99,
4,
0,
0,
33,
7,
4,
0,
7,
4,
12,
12,
12,
7,31,
4,
7,
12,
12,
12,
20,
33,
12,
0,
7,
0,
12,
9,
4,
33,
17,
78,
33,
33,
69,53,
20,
33,
33,
2,
45,
4,
12,
12,
12,
12,
2,
4,
4,
6,
9,
12,
48,
12,
2,
19,81,
33,
4,
2,
45,
17,
78,
78,
78,
20,
78,
17,
12,
12,
12,
11,
11,
0,
33,
33,
7,
33,
4,
2,
17,
12,
19,
48,
81,
11,
9,
12,
4,
2,
33,
45,
12,
5,
2,
9,
12,
7,
2,
9,
2,
3,
2,7,
7,
12,
4,
7,
7,
4,
2,
12,
33,
4,
0,
4,
33,
33,
4,
33,7,
0,
4,
0,
7,
12,
4,
9,
0,
12,
7,
7,
17,
7,
33,
33,
48,
7,
12,
33,
0,
33,
12,
61,
6,78,
33,7,
0,
19,
17,
4,
2,
9,
33,
2,
2,
33,
45,
2,
45,
5,
12,
12,
43,
33,7,
2,
13,
4,
13,
7,
33,
9,
0,
4,
9,
48,
9,
0,
4,
0,
4,
48,
48,
9,
4,
48,
0,
4,
2,48,
4,
2,
81,
2,
33,7,
48,
81,
2,
4,
11,
81,
7,
7,
12,
12,
17,
0,
4,
4,
7,
12,
0,
33,
4,
4,
33,
7,
0,
2,
0,
0,4,
12,
2,
13,
9,
12,
12,
70,
7,
12,
0,5,
11,17,
12,
0,6,
4,
0,
70,
48,
12,
2,
0,
2,7,
33,
4,
12,
11,
2,7,
11,
2,
48,
20,
2,
48,
4,
4,
4,
0,
7,
0,
4,
4,
89,
4,
2,
0,
0,
4,
72,
4,
20,
33,
45,
0,
0,
78,
17,
3,
17,
33,
78,
33,
4,
2,
0,
48,7,
5,
72,
0,
7,
12,
12,
0,
11,
2,
72,
13,
4,
12,
48,
4,
4,
7,
7,
4,
33,7,
61,
12,
19,
4,
2,
0,
33,
11,
48,
70,
12,
4,
4,
48,
33,
4,
4,
11,
4,
4,
4,
0,
0,
0,
7,
24,
9,
7,
7,
4,
7,
4,
2,
11,
81,
78,
78,
78,
4,
78,
17,
0,
7,
20,
78,
0,
2,
2,
33,
9,
12,
33,
33,78,
78,
78,
12,
4,
19,
12,
33,
11,
0,
7,
0,
17,20,
72,
12,
2,
4,
9,38,
7,
12,
9,
9,
0,
4,
12,
2,
12,
12,
4,
70,
17,
2,
4,
0,
2,
2,
12,
2,
2,
45,
4,
2,
33,
35,
2,
2,
2,
12,
0,
4,
4,
0,
12,
4,
4,81,
0,
0,
6,
4,
3,
0,
4,
7,
12,
48,
81,
4,
9,
33,
12,
0,
12,
45,
12,
82,
2,
3,
12,
2,
2,
0,
33,
2,
9,
33,
2,
4,
78,
78,
78,
2,
78,
78,
7,
78,
12,
17,
7,
7,
4,
78,
20,
7,
33,
78,
61,
0,
4,
0,
9,
4,
4,
4,
81,
4,
48,
4,
4,
0,
4,
4,
4,
0,
4,
4,
81,
3,
7,
4,
12,
4,
0,
0,4,
4,
4,
81,
12,
0,
33,
33,
9,
33,
33,
12,
12,
78,
78,
12,
20,
20,
20,
7,
12,
17,
4,
12,
4,
48,
4,
24,
12,
78,
11,
78,
11,
12,61,
11,12,
0,
12,
0,
61,
11,
12,
12,
33,7,
13,
4,
4,
0,
2,7,
4,
0,
9,
12,
12,
12,
6,
33,
33,
4,
13,
4,
4,
4,
4,
0,
2,
0,
4,
4,
2,7,
7,
33,
4,
2,
4,
48,
11,
2,
2,
33,7,
17,
4,
48,
12,
7,
12,
17,
4,
0,
33,
4,
0,
4,
4,
7,
5,
99,
7,
33,
45,
48,
7,
2,
17,20,
2,
0,
2,
2,
7,
2,7,
33,
2,
2,
2,
7,
0,45,
33,
6,
12,
33,
17,78,
4,
4,
17,
72,
12,
2,
7,
11,12,
12,
0,
17,
0,
13,
4,
53,
4,
9,
12,
12,
12,
3,
17,
33,
33,
61,
78,
33,
33,
78,
2,
4,
81,
12,
0,
0,6,
0,
4,
4,
12,
