0
99
99
99
0
0
99
1
3
0
99
98
3
98
0
98
0
0
0
98
1
2
3
99
0
0
98
0
98
0
98
98
99
96
98
99
0
98
1
98
0
12
1
0
98
1
0
0
99
98
98
98
0
99
96
0
99
99
98
1
2
7
0
0
0
1
2
7
3
0
9
7
7
1
0
7
0
7
3
3
7
5
3
0
2
2
49
5
2
7
0
3
3
0
52
49
3
5
5
3
3
3
3
49
7
3
49
3
3
3
5
0
52
3
49
3
5
0
49
49
3
5
7
49
3
7
5
3
3
4
5
4
4
3
7
3
3
7
5
5
3
3
7
4
4
7
3
5
2
3
5
5
8
4
6
5
5
5
4
5
5
5
5
5
5
5
7
7
7
7
8
7
7
4
5
4
5
5
5
7
5
85
5
6
6
23
85
23
5
23
7
7
23
7
85
7
7
5
5
5
23
7
6
5
6
6
6
5
6
23
7
7
7
7
7
7
9
7
10
7
7
7
7
7
9
7
7
7
5
7
12
10
9
7
7
10
7
7
9
7
9
10
9
10
7
9
7
9
10
10
75
10
8
10
10
7
75
10
9
10
11
7
10
7
7
10
10
9
10
10
10
10
10
10
10
9
10
10
10
10
9
10
10
10
10
9
10
10
10
10
7
10
10
10
9
12
10
10
12
10
9
10
10
10
10
10
10
12
10
10
10
12
10
10
10
10
10
10
10
10
10
10
10
10
10
10
10
9
12
10
10
9
11
11
13
11
9
12
9
11
12
9
12
9
9
11
12
9
9
11
9
9
10
13
13
13
13
9
13
11
12
14
13
97
12
12
12
12
12
14
12
12
14
12
12
13
14
14
12
13
12
14
12
14
12
12
12
12
12
12
27
12
13
28
27
12
10
13
13
12
12
14
12
13
27
10
28
13
10
27
13
12
13
13
27
13
13
28
27
12
17
17
14
17
14
14
14
14
14
17
14
14
13
17
14
14
14
14
14
17
12
14
14
12
17
17
17
14
14
14
15
15
15
38
15
66
66
15
15
15
14
15
12
38
15
17
15
13
15
15
66
12
38
17
38
15
17
15
15
15
17
19
20
17
19
19
17
19
20
20
17
17
15
19
19
17
17
17
17
17
17
20
19
17
19
19
17
19
17
19
17
17
17
19
17
17
17
17
17
17
17
17
17
17
17
17
17
17
17
17
19
19
17
17
17
20
17
17
19
17
19
19
19
19
19
19
20
19
19
19
19
18
19
18
42
42
18
19
19
42
20
18
42
19
20
17
19
20
19
19
19
19
23
19
20
20
20
23
20
23
20
23
20
19
20
23
23
23
19
20
20
20
20
19
20
20
20
19
20
20
20
19
19
20
19
19
20
20
18
20
20
19
20
23
17
20
19
19
23
20
17
19
21
19
17
19
17
19
19
19
23
23
21
23
21
23
20
23
20
19
20
23
20
20
23
23
23
23
20
20
23
23
23
23
23
23
20
20
20
21
20
20
20
20
23
25
23
23
20
22
23
20
19
19
20
23
23
23
23
23
23
19
23
20
22
23
20
20
23
19
23
23
23
23
23
23
23
23
23
85
23
23
20
23
23
23
23
23
23
25
23
23
23
23
23
23
23
23
23
23
24
23
23
23
24
23
23
23
24
23
23
24
24
52
23
23
23
52
23
24
24
24
24
23
24
23
23
24
23
23
26
25
23
25
26
25
28
26
25
26
25
26
26
26
26
26
26
26
26
25
28
26
26
23
25
25
28
27
26
27
26
25
25
28
25
26
26
25
25
28
26
28
26
25
28
26
26
25
26
26
26
26
26
28
26
26
23
23
26
26
28
28
27
27
28
28
28
28
28
28
28
29
28
28
28
28
28
27
28
28
26
28
28
28
28
26
28
28
28
28
26
26
26
27
26
28
26
28
26
28
28
28
28
28
26
26
28
28
26
26
26
26
26
28
28
28
28
28
28
28
28
28
29
29
29
28
29
28
31
28
28
26
29
29
28
28
28
28
28
28
28
29
28
29
29
29
28
29
29
28
30
30
30
31
29
29
31
31
30
30
33
31
30
30
28
30
28
30
30
28
30
30
30
30
33
28
26
28
30
29
31
29
31
33
33
31
31
29
33
31
33
31
33
33
28
29
29
29
31
33
33
31
29
28
31
28
31
31
31
33
31
33
33
33
33
33
33
31
31
33
31
33
31
31
33
33
31
32
32
33
33
31
32
31
32
33
33
31
33
29
33
33
33
35
35
33
35
33
33
33
31
33
35
35
33
35
33
33
33
31
33
33
33
33
33
33
33
33
33
33
35
35
33
36
35
35
33
35
35
35
35
34
35
35
35
35
36
33
35
35
33
35
35
36
34
35
35
33
35
35
35
35
33
35
36
33
36
33
35
33
35
33
35
36
33
35
35
35
35
35
33
35
35
35
33
33
35
33
35
33
35
36
37
36
40
36
37
38
36
40
36
14
38
38
38
38
38
36
36
36
36
38
36
36
36
40
36
36
40
36
36
36
35
36
36
38
36
38
36
36
36
38
36
38
36
36
40
38
38
36
38
36
36
38
36
36
38
35
36
36
40
38
43
38
43
38
40
40
38
40
41
40
38
43
40
43
40
38
40
40
42
35
41
38
40
40
38
43
40
40
37
40
99
40
37
40
37
40
42
99
39
59
40
40
99
40
99
39
40
37
99
39
39
38
39
37
40
18
40
38
40
40
40
40
40
43
40
40
40
40
40
40
40
40
40
40
40
40
40
40
40
40
40
40
42
40
40
40
38
40
41
40
40
40
41
40
40
41
62
41
40
40
40
40
40
41
41
40
40
40
40
40
41
42
43
40
41
41
40
42
42
41
40
40
42
43
40
42
40
42
40
41
42
18
43
43
40
40
42
40
40
18
42
40
18
43
43
42
42
40
43
29
29
43
43
29
44
43
43
28
40
43
43
43
43
42
43
40
38
43
43
43
29
40
43
43
43
29
29
26
43
43
43
43
41
43
43
43
43
43
43
43
42
42
43
42
43
43
43
43
42
43
42
43
43
43
42
43
43
43
80
80
80
45
80
80
45
80
45
80
45
80
45
43
45
45
80
80
47
45
80
45
45
80
80
80
80
45
81
49
46
80
45
46
43
43
43
43
43
47
43
47
45
43
47
47
45
47
43
47
47
47
43
43
43
47
43
46
29
48
47
47
45
47
43
49
47
45
47
44
43
43
45
43
47
47
43
45
45
38
47
45
49
44
47
45
47
44
47
47
80
15
49
49
80
48
80
50
52
15
48
48
48
49
49
49
49
45
48
45
48
45
48
48
48
15
15
46
15
49
49
49
49
49
49
49
52
52
49
49
49
49
49
49
49
49
49
49
49
52
3
49
49
49
49
24
52
49
49
49
49
33
33
49
52
48
49
50
49
52
49
50
35
49
50
49
49
50
52
49
52
33
24
49
49
33
52
49
50
33
52
53
52
52
52
52
52
53
53
52
52
52
51
52
53
52
52
52
53
52
53
52
52
52
56
52
52
53
52
52
56
53
52
51
52
52
52
52
53
53
76
52
52
53
52
52
52
53
52
53
52
52
52
52
52
53
52
52
52
52
53
53
53
53
56
34
53
56
53
56
56
56
53
53
53
56
53
53
56
53
56
56
53
53
56
53
53
53
53
53
56
56
56
53
56
53
56
56
56
54
56
56
56
52
53
56
53
56
56
53
53
56
56
53
53
56
56
54
52
53
56
55
56
56
57
56
57
56
56
56
56
67
55
55
57
55
67
56
55
56
53
56
56
55
57
58
56
56
57
58
86
56
55
56
56
53
86
56
56
56
86
57
86
86
86
56
15
56
56
66
56
53
56
56
86
56
15
56
56
15
56
57
57
57
75
57
57
54
57
57
57
57
56
57
57
59
57
57
57
56
57
57
75
57
57
57
57
54
58
57
67
67
57
65
58
67
57
96
58
67
96
67
65
63
57
65
66
67
65
57
57
65
96
57
65
67
67
67
67
67
59
60
59
39
59
59
63
59
39
59
59
60
57
59
59
59
57
59
59
59
59
59
59
59
57
59
63
59
59
59
60
59
60
65
59
63
59
65
59
60
57
57
59
65
60
57
60
60
60
65
60
59
59
59
60
59
58
59
59
59
59
58
66
65
61
59
59
63
32
65
59
65
59
57
65
61
60
59
65
63
61
59
61
63
65
32
59
61
65
65
63
41
63
65
62
65
65
63
60
63
41
62
41
60
64
63
63
65
63
65
62
63
63
65
60
63
65
62
65
65
65
65
65
63
66
65
65
66
66
65
60
63
61
63
63
65
60
65
65
65
66
61
65
60
66
64
65
66
65
65
62
65
65
66
65
65
65
64
66
65
66
65
65
65
65
65
65
65
66
65
63
65
65
65
65
60
65
65
65
65
65
65
66
66
65
63
65
64
66
65
65
65
65
65
65
65
65
65
65
65
66
65
65
66
65
65
65
63
65
66
66
66
68
66
68
66
66
66
68
65
71
66
66
66
66
66
66
66
65
66
66
68
66
68
66
66
68
68
65
66
65
66
66
66
65
66
65
66
65
65
65
65
66
65
66
65
65
65
66
65
65
66
66
66
66
65
65
65
66
65
65
66
66
66
68
66
66
66
68
66
66
66
66
66
65
66
66
65
66
65
65
68
66
66
71
66
66
66
65
68
72
71
66
71
72
71
71
72
72
71
71
71
71
68
71
72
71
71
71
68
68
68
66
71
71
71
71
71
71
71
72
73
72
71
72
4
70
80
72
80
71
72
4
71
72
71
73
4
73
70
4
71
73
73
45
80
4
73
71
7
72
71
72
68
72
71
71
72
74
71
74
72
72
72
74
68
68
71
72
71
71
71
72
71
71
72
71
72
71
72
74
75
74
75
74
74
72
95
74
72
74
74
74
74
74
74
74
72
75
74
74
74
75
72
72
72
72
74
95
74
73
72
74
74
75
74
72
75
14
73
74
73
74
72
72
72
75
72
75
74
72
72
75
72
73
72
74
73
72
72
74
95
72
74
74
74
54
74
74
74
74
74
74
74
74
72
72
74
74
74
74
95
74
74
74
74
72
75
74
75
75
74
75
75
75
75
75
72
75
74
75
97
75
57
75
75
75
75
75
74
75
75
57
75
57
74
75
74
75
75
76
93
95
74
53
93
52
74
0
74
95
74
0
93
77
77
93
76
76
76
95
77
0
96
95
77
52
95
96
95
77
77
77
74
14
77
77
77
79
77
77
77
74
74
77
77
74
14
77
77
14
77
77
77
77
77
14
77
79
74
79
79
79
81
81
81
81
79
79
81
81
81
79
80
81
81
81
77
81
81
79
81
82
80
79
81
87
81
77
87
81
81
82
82
81
82
81
82
81
79
81
79
79
79
79
79
82
81
81
82
82
81
81
79
81
82
81
82
81
82
81
81
81
81
81
82
81
87
87
80
79
81
81
81
82
81
81
81
87
81
81
87
87
87
82
81
81
81
81
87
87
82
81
81
81
81
81
87
81
81
86
87
81
81
81
81
81
81
81
87
87
87
81
82
87
82
81
81
81
82
84
84
85
82
85
82
82
85
82
84
82
85
84
85
82
82
82
85
82
82
82
82
86
82
84
82
82
84
84
85
71
85
86
82
86
86
86
84
86
86
86
86
86
86
86
85
85
84
86
86
86
86
86
85
85
86
84
86
83
86
86
84
84
82
85
84
86
86
84
87
84
85
84
84
85
84
86
84
86
84
82
86
86
86
86
82
86
86
87
84
86
85
85
86
86
85
85
23
23
85
85
85
85
85
23
85
85
23
85
85
85
85
85
85
85
86
85
85
85
86
86
86
86
86
87
87
86
86
86
86
86
86
86
86
86
86
86
86
86
86
86
86
86
86
86
86
86
86
86
85
87
86
87
87
84
86
86
87
87
86
86
88
86
85
87
82
86
87
87
87
87
87
87
87
87
84
86
87
86
86
86
86
86
86
85
86
85
86
87
86
86
86
86
87
89
87
86
86
86
86
87
86
86
85
88
86
87
87
86
86
86
80
88
86
86
86
86
86
86
86
90
86
96
86
88
86
89
86
86
86
86
84
88
86
86
86
86
89
86
87
92
80
90
90
89
90
19
87
99
88
90
86
90
90
23
90
90
90
87
87
86
86
87
90
88
80
90
21
86
80
96
96
96
97
95
95
95
96
94
95
74
17
89
94
96
96
95
96
95
95
95
96
95
96
92
95
95
96
95
95
86
92
92
93
90
92
92
87
95
87
92
92
95
95
89
92
90
90
87
96
95
92
61
61
92
95
92
90
92
87
95
95
95
96
95
96
93
95
96
96
95
95
96
95
95
95
96
95
92
95
95
95
95
96
95
95
96
95
92
95
95
96
96
95
95
96
96
95
96
95
96
95
96
95
96
96
96
95
95
96
96
96
95
95
96
95
96
96
96
96
95
95
95
95
95
95
95
95
95
95
95
95
95
95
95
95
95
95
95
95
95
95
95
95
95
96
97
95
96
95
96
96
95
96
96
96
95
96
96
96
95
96
96
96
96
95
96
96
96
97
96
96
96
96
95
96
96
95
95
96
98
97
97
97
97
96
97
97
97
97
97
97
75
97
99
97
97
97
96
97
97
97
96
97
96
97
97
97
97
97
96
98
96
98
96
96
96
96
97
1
99
96
96
98
96
98
97
97
98
1
96
97
97
98
98
98
97
98
98
98
99
97
98
99
23
99
99
0
99
96
96
99
99
96
99
99
96
97
97
99
99
99
99
21
97
99
99
99
99
96
