25,
25,
43,
42,
24,
43,
42,
6,
24,
42,
42,
25,
25,
6,
42,
25,
5,
42,
43,
24,
42,
43,
25,
25,
25,
6,
43,
43,
40,
42,
14,
3,
5,14,
5,14,
42,
3,
14,
25,14,
14,
25,
14,
14,
14,
14,
24,
5,
5,14,
5,
42,
25,
14,
5,
14,
14,
14,
3,
14,
14,
14,
5,14,
5,
6,
23,
5,
18,
3,
3,
3,
25,
5,
12,
3,
25,
23,
6,
18,
5,
18,
25,
3,
23,
18,
23,
5,
18,
6,
23,
6,
3,
6,
40,
42,
25,
40,
25,
42,
43,
42,
43,
42,
25,
25,
42,
25,
25,
25,
25,
25,
25,
24,
42,
24,
25,
42,
25,
42,
3,
25,
40,
25,
25,
7,
24,
25,
7,
3,
25,
18,
7,
3,
3,
25,
25,
24,
3,
25,
42,
23,
25,
25,
25,
25,
6,
25,
23,
42,
25,
3,
3,
3,
25,
43,
43,
43,
25,
43,
25,
25,
25,
25,
62,
25,
25,
25,
25,40,
40,
43,
25,
25,
25,
43,
43,
43,
43,
25,
43,
25,
43,
43,
34,
43,
43,
25,
25,
43,
25,
25,
43,
25,43,
25,
34,
34,
43,
25,
25,
25,
34,
43,
25,
25,
59,
25,
25,
43,
25,
57,
25,
34,
25,
18,
18,
25,
25,
25,
25,43,
3,
23,
25,
25,
25,
6,
7,
25,
25,
25,
25,
25,
25,
3,
25,
3,
25,
6,
7,
25,
25,
25,
18,
25,
12,
23,
30,7,
23,
33,7,
33,
33,23,
33,23,
34,11,
13,
13,23,
33,23,
34,
33,
33,7,
33,23,
30,
23,
12,
23,33,
33,
34,
33,23,
34,
8,
33,
23,34,
23,
33,
13,7,
10,28,
23,33,
10,28,
10,28,30,
10,28,
10,28,30,
10,28,
10,28,31,
23,33,
33,
10,27,
10,28,31,
34,7,
10,28,
25,
23,
10,28,31,
10,28,29,
10,28,
33,
34,7,
25,
33,
33,7,
33,23,
10,28,
23,33,
23,34,
23,
10,28,30,
53,
25,53,
53,
33,
53,
53,
25,
34,
33,
25,53,
34,
25,53,
34,
53,
53,
25,53,
66,
53,
53,
25,53,
39,
25,53,
25,
34,
25,53,
33,41,
25,53,
53,
53,
53,
33,
33,
34,
23,
31,33,
33,
39,
53,
31,
33,23,
33,31,
23,
33,7,
33,23,
33,
33,23,
25,66,
34,23,
33,
66,
33,23,
53,
25,53,
33,
33,
12,
12,
25,
13,
23,
13,
12,
25,28,30,
28,
28,
12,
23,
33,
12,
23,13,
4,13,
12,
12,
25,
12,
12,
23,
13,
30,
18,
13,
30,
12,
25,28,
27,7,
25,53,
25,
25,
25,
36,
53,66,
53,
34,16,36,
25,
25,53,
43,53,
25,53,
34,
53,
25,53,
25,
34,
34,
53,
34,
34,
25,
33,53,
25,
25,
53,
53,
53,
33,
33,
13,23,
23,
25,
33,23,
34,11,
25,53,
53,66,
53,23,
25,53,
33,
8,
34,
25,53,
53,23,
53,
33,
33,
23,
53,23,
25,
34,
53,
14,
14,
14,
13,
14,
14,
16,
3,
14,
14,
14,
15,
14,
16,
14,
14,
15,
14,
16,
14,
14,
14,
13,
14,
18,
27,
14,
13,
13,
14,
5,14,
5,13,
15,
13,
18,
6,13,
16,
13,
5,13,
5,13,
14,
14,
13,
14,
11,13,
5,14,
13,
14,
14,
14,
16,
13,
16,
5,
13,
5,13,
14,
14,
3,14,22,
4,
3,
14,
5,14,22,
3,14,22,
4,
13,
14,
14,
14,
3,22,
14,
14,
14,
4,
3,14,22,
14,
6,14,
14,22,
4,
3,14,22,
3,22,
24,
3,
6,22,
3,
5,14,
4,
12,
18,
6,
18,
6,
18,
12,
6,
23,
6,
6,
12,
12,
12,
18,
12,
12,
12,
6,
6,25,
18,
12,
12,
25,
6,
6,
18,
18,
12,
25,
34,16,
6,
6,
19,
34,
3,
36,
6,
36,
14,
6,
6,
5,14,
6,14,
6,
5,
6,14,
6,
6,
6,14,
16,36,
15,
16,36,
6,
3,
14,36,
6,
14,
3,14,22,
12,
14,
14,
13,
14,22,
14,
14,
14,
3,14,
20,
20,
14,
13,
14,
14,
14,
18,
4,
14,
14,
14,
14,
3,14,22,
3,14,
14,
14,
14,
14,
43,
14,
6,
14,
4,
14,
25,14,
14,
5,
14,
25,
13,
14,
14,
14,
14,
14,
13,
14,
14,
14,
14,
25,
18,
6,
18,
36,
3,
3,
25,
19,25,
24,
25,
25,
25,
3,
6,
12,
6,
3,
18,
19,
25,
19,
24,
18,
25,
4,
36,
25,
19,25,
12,
12,
3,
25,
3,
18,
3,
23,
18,
18,
23,
12,
18,
18,
23,
6,25,
18,
23,
18,
18,
18,
18,
18,
23,
23,
23,
23,
18,
18,
18,
25,
25,
42,
25,
40,
25,
43,
42,
43,
25,
43,
25,
25,
25,
25,
25,
25,
42,
25,
42,
43,
25,
25,
25,
25,
25,
42,
25,
24,
25,
39,
39,
39,
39,
39,
39,
43,
39,
39,
39,
39,
39,
39,
39,
39,
39,
39,
39,
39,
41,
39,
43,
39,
39,
25,
12,
23,
12,
23,
27,
23,
12,
25,
23,
23,
23,
12,
13,48,4,
12,
13,
13,
23,
12,
12,
23,
12,
12,
23,
30,
13,23,
23,13,
23,
34,
34,
34,
34,
34,
33,
33,
28,
34,
28,
53,
34,16,
28,
34,
34,
53,66,
34,
34,36,
34,
53,
34,
34,
34,
34,36,
34,
34,
34,
28,
34,
34,36,
34,16,
16,36,
34,
36,
24,
14,
53,36,
3,
34,36,
6,
19,
6,
34,16,
34,16,36,
16,
16,36,
34,16,
6,
34,16,
34,
34,
25,36,
53,36,
36,
53,
16,
25,53,66,
6,
25,
38,
25,
66,
38,
40,
66,
25,
25,
66,
25,
25,
25,38,
66,
25,
25,
25,
38,
25,
66,38,
25,
38,
38,
13,
25,66,
25,
25,
38,
25,
66,
34,
34,
25,
34,
25,
34,
34,
34,
25,
25,
34,40,
25,
25,
25,
25,
40,
66,
34,
29,
25,
34,
66,
66,
34,
25,
25,
25,
25,
25,
43,
25,43,
40,
25,
43,
43,
64,
25,
64,
25,
25,
34,
25,
25,
34,
25,
64,
25,
34,40,
64,
25,
64,
64,
25,
34,
25,
25,43,
25,
25,
64,
25,53,
25,53,
33,
33,
33,
34,
25,53,66,
25,
53,
53,
25,53,
43,
33,53,66,
25,53,
25,53,
33,
25,
33,66,
25,53,
53,
33,
34,
33,
33,
43,
34,
34,
39,
39,
34,
39,
53,
53,
53,
34,
34,
41,
34,
34,
53,
53,
34,
34,
53,
53,
34,
53,
64,
38,
51,
51,
53,
53,
51,
53,
34,
53,
25,
34,
53,
43,
53,
51,
51,
43,
34,
34,37,
53,
53,
51,
25,
53,
38,
53,
53,
38,
38,
34,
28,30,
51,
33,23,
13,
13,
11,
33,
12,
11,13,29,
34,23,
11,
13,
29,
34,11,
13,
23,
29,
66,
7,
34,
32,
33,
13,
13,
13,48,
35,51,
33,
25,
25,
25,
25,
24,
24,
25,
24,
24,
25,
24,
24,
24,
25,
24,
5,
24,
5,
24,
24,
25,
25,
24,
25,
24,
6,
25,
25,
50,
25,
13,38,39,40,
33,38,
13,39,40,
40,
13,38,40,
13,
13,38,
13,38,
13,40,
13,38,39,
13,
13,
33,38,40,
38,40,
13,38,39,
13,38,
13,38,
38,
38,
38,
13,38,
13,
34,39,
34,38,39,40,
34,38,39,
38,40,
40,
38,
13,42,
13,
13,
13,
11,
11,13,
13,
13,
13,
11,13,
11,13,
14,
11,
34,
14,
14,
11,
11,13,
35,51,
11,13,
13,
14,
13,
11,13,
14,
11,14,
51,
13,
14,
23,52,
13,
39,
39,
65,
34,
65,
34,
39,
65,
34,
39,
34,
34,
65,
39,
34,
34,
39,
34,
39,
39,
34,
64,
34,
34,
39,
34,
39,
34,
39,
34,
39,
43,
39,
39,
39,
39,
39,
39,
39,
39,
43,
43,
39,
43,
39,
39,
39,
43,
39,
43,
43,
43,
39,
39,
39,
39,
43,
43,
41,
34,
53,
53,
53,
53,
53,
53,42,
34,
34,
51,
41,
53,
53,
53,
53,
53,
34,
53,
34,
34,
53,
34,
53,
53,
34,
53,
34,
53,
53,
43,
39,
43,
39,
43,
39,
43,
39,
39,
43,
43,
39,
39,
39,
43,
39,
43,
39,
43,
39,
39,
43,
39,
39,
39,
43,
39,
39,
39,
39,
39,
43,
39,
61,
43,
39,
39,
43,
39,
39,
39,
43,
39,
39,
39,
39,
39,
39,
39,
43,
39,
39,
61,
41,
39,
39,
39,
39,
39,
25,
45,
34,45,
34,
32,
34,
32,
32,
33,
19,
48,
45,
32,
34,
45,
45,
25,
32,
28,45,
45,
19,
25,45,
34,
45,
32,
48,
34,
19,
25,
45,
45,
52,
51,
53,
13,39,
45,
51,
29,
58,
13,39,40,
13,40,26,
25,
31,
29,
29,58,
58,
53,
52,
53,
29,
13,
51,
5,
29,59,
51,
51,
58,40,
53,
52,
45,
6,
33,
33,
33,6,
34,6,
33,36,
33,6,45,
16,
46,
46,
44,
33,
33,
44,
34,48,
25,45,
33,6,45,
6,45,33,
13,
33,
46,
45,
19,
13,33,
6,33,
33,
45,
25,45,
33,
43,
16,27,59,
25,
61,
5,
25,19,
19,
43,
25,
25,
5,
42,
19,59,
25,16,
42,19,61,
59,
19,
59,
19,
16,5,
43,
52,
25,
19,
25,19,
59,
19,
24,16,
29,
52,
51,
52,
51,
37,
52,
57,
45,
51,
40,
51,
51,
51,
29,
51,
53,
29,
29,
29,
34,16,36,
33,6,
34,6,
34,
34,
33,16,
16,
34,16,
34,16,
34,
16,
34,16,36,
34,
34,16,
16,36,
36,
34,16,
34,16,
33,
34,36,
34,16,36,
34,16,36,
36,
34,16,36,
34,16,36,
36,
53,16,36,
34,
16,36,
16,
19,52,61,
25,
61,
25,16,
61,
6,
25,16,6,
16,
19,25,
25,
6,
3,
6,
6,
16,61,
6,
6,
6,16,
6,
3,
25,16,
19,
19,
6,
5,
16,
16,
19,6,
27,34,
6,
11,14,
39,
37,
29,
39,
13,
53,
14,
40,
13,40,
13,40,26,
26,
53,
53,
13,33,40,
40,
11,
39,
25,
25,
43,
43,
25,
25,
34,
40,
25,
25,
25,
43,
25,
34,40,
25,
43,
52,
40,34,
25,
25,
25,
25,
34,40,
34,40,
25,
43,
25,
25,
34,
25,
37,
13,48,39,40,
11,14,48,
14,48,
48,
13,48,42,
13,
40,
40,
13,40,
13,
48,
11,13,
13,39,42,
40,
39,40,
40,26,
37,
13,29,
11,13,40,
53,
40,
13,
37,
39,
26,
14,
33,
37,
48,40,
25,
25,
25,
25,
25,
25,
40,
61,
42,19,
19,61,
25,
61,
25,
19,61,
40,
42,
25,
25,
19,61,
25,
19,
25,
59,
61,
25,
19,
42,
25,
61,
52,
42,
50,
25,
19,
19,
43,
19,61,
43,
25,
43,
25,
61,
42,19,
42,19,29,
19,
43,
25,
25,
61,
61,
61,
25,
19,
19,
61,
19,
43,
25,
25,
43,
34,
34,
66,
66,38,
38,
25,
25,
25,
25,
34,
25,
25,
34,
25,
34,40,
25,
38,
34,
25,
34,
25,
34,
34,
25,
25,
34,
38,
34,40,
38,
66,38,
25,
34,
34,
34,
34,40,
34,40,
64,
34,
34,
34,
34,
34,40,
34,40,
34,40,
43,
25,
40,
25,
25,
25,
34,
40,
25,
66,
25,
43,
25,
25,
25,
25,
25,
43,
43,
25,
42,
43,
43,
25,
25,43,
25,43,
25,43,
43,
25,
25,
43,
43,
42,
25,
25,
43,
25,
25,
25,
43,
34,
43,
57,
25,
25,
25,
43,
25,
25,
40,34,
25,
25,
25,
25,
43,
25,40,
25,
25,
25,
40,
25,
25,
25,
25,
25,
25,
25,
25,
25,
25,43,
25,
25,
24,
43,
25,
43,
43,
25,43,
43,
25,
43,
43,
43,
43,
43,
43,
25,
43,
43,
43,
43,
43,
25,43,
43,
25,
43,
43,
25,
25,
43,
43,
25,
43,
43,
39,
41,
53,
39,
61,
53,
39,
39,
53,66,
53,
43,
53,
53,
53,
34,
65,
41,
61,
43,
41,
41,
43,
62,
53,
53,
43,
43,
53,66,
65,
43,
39,
43,
39,
39,
39,
39,
39,
39,
43,
39,
43,
39,
39,
43,
43,
43,
39,
43,
25,
25,
39,
39,
43,
43,
43,
43,
43,
39,
43,
39,
39,
39,
39,
39,
39,
39,
39,
41,
39,
39,
39,
39,
39,
39,
39,
39,
39,
41,
41,
39,
39,
39,
66,
39,
39,
65,
39,
39,
39,
43,
43,
39,
43,
43,
43,
43,
43,
43,
43,
39,
39,
39,
43,
43,
43,
43,
43,
43,
43,
43,
39,
39,
43,
43,
43,
39,
43,
39,
43,
34,
43,
34,
64,
34,
34,
53,
34,
34,
25,
39,
25,
34,
53,
34,
64,
64,
34,
25,
34,
34,
25,
34,
64,
34,
34,
63,
25,
62,
34,
64,
34,
43,
34,
34,
34,
34,
41,
53,
43,
43,
34,
34,
34,
39,
34,
34,
34,
34,
63,
34,
43,
39,
34,
34,
34,
34,
34,
34,
