0,
0,
42,
42,
4,
0,
42,
0,
4,
42,
42,
40,
0,4,
0,
42,
43,
5,
42,
0,
0,
42,
0,
4,
0,
0,
0,
5,
5,
0,
42,
14,
18,
5,14,
5,14,
42,
36,
14,
25,14,
14,
42,
14,
14,
14,
14,
18,
36,
5,14,
36,
42,
25,
14,
4,
14,
14,
14,
36,
14,
14,
14,
5,14,
5,
18,
18,
5,
18,
18,
7,
18,
0,
5,
12,
18,
4,
18,
18,
7,
5,
18,
43,
7,
18,
18,
18,
5,
7,
18,
0,
18,
18,
7,
42,
42,
42,
4,
4,
42,
42,
42,
42,
42,
3,
42,
42,
24,42,
18,
4,
42,
36,
62,
4,
42,
36,
43,
42,
42,
42,
4,
42,
42,
42,
42,
18,
22,
25,
18,
4,
25,
4,
7,
7,
4,
25,
25,
36,
18,
25,
42,
4,
25,
25,
25,
25,
6,
25,
7,
42,
25,
4,
4,
4,
42,
43,
64,42,
64,42,
64,
64,42,
43,
62,
5,
5,
42,
25,
64,
42,
43,
62,
64,42,
5,
64,
62,
64,42,
64,42,
64,42,
64,42,
62,
43,
62,
6,
64,42,
34,
43,
43,
40,
25,
43,
40,
43,
43,
63,
25,
34,
34,
43,
43,
25,
43,
34,
43,
25,
25,
6,
43,
43,
43,
25,
6,
25,
34,
25,
7,
7,
63,
43,
40,
64,
18,23,
7,
25,
25,
25,
6,
7,
43,
43,
25,
25,
63,
43,
7,
25,
7,
25,
6,
7,
25,
25,
25,
18,
63,
8,
23,
30,7,
23,
33,7,
33,
33,23,
33,23,
34,11,
13,
13,23,
33,23,
34,
33,
33,7,
33,23,
31,
23,
12,
23,33,
33,
34,
33,23,
34,
9,
33,
23,34,
23,
33,
13,7,
10,28,
23,33,
10,28,
10,28,30,
10,28,
10,28,30,
10,28,
10,28,31,
23,33,
33,
10,27,
10,28,31,
34,7,
10,28,
40,
23,
10,28,31,
10,28,29,
10,28,
33,
34,7,
40,
33,
33,7,
33,23,
10,28,
23,33,
23,34,
23,
10,28,30,
53,
25,53,
53,
33,
53,
53,
25,
41,
33,
25,53,
41,
25,53,
41,
53,
53,
25,53,
66,
53,
53,
25,53,
33,
25,53,
25,
41,
25,53,
33,41,
25,53,
53,
53,
53,
33,
33,
41,
23,
31,33,
33,
33,
53,
31,
33,23,
33,31,
23,
33,7,
33,23,
33,
33,23,
25,66,
34,23,
33,
66,
33,23,
53,
25,53,
33,
33,
9,
12,
25,
13,
23,
13,
9,
25,28,30,
28,
28,
9,
23,
33,
12,
23,13,
4,13,
9,
12,
25,
35,
9,
23,
13,
30,
12,
13,
30,
12,
25,28,
27,7,
25,53,
25,
43,
43,
36,
53,66,
53,
34,16,36,
25,
25,53,
43,53,
25,53,
34,
53,
25,53,
25,
34,
34,
53,
41,
66,
25,
33,53,
43,
25,
53,
53,
53,
33,
33,
13,23,
23,
25,
33,23,
34,11,
25,53,
53,66,
53,23,
25,53,
33,
9,
34,
25,53,
53,23,
53,
33,
33,
23,
53,23,
25,
41,
53,
14,
8,
14,
13,
14,
14,
15,
4,
14,
14,
14,
15,
14,
15,
14,
14,
16,
14,
16,
14,
14,
14,
13,
14,
15,
27,
14,
13,
13,
12,
5,14,
5,13,
16,
13,
16,
6,13,
16,
13,
5,13,
5,13,
12,
14,
13,
8,
11,13,
5,14,
13,
8,
12,
14,
16,
13,
16,
5,
13,
5,13,
8,
14,
3,14,22,
4,
4,
14,
5,14,22,
3,14,22,
4,
13,
14,
12,
14,
3,22,
14,
14,
14,
4,
3,14,22,
14,
6,14,
14,22,
4,22,
3,14,22,
3,22,
4,
4,
6,22,
36,
5,14,
22,
18,
18,
6,
7,
5,
15,
12,
6,
7,
6,
6,
12,
18,
12,
18,
18,
18,23,
7,
6,
6,25,
7,
12,
12,
25,
6,
6,
18,
18,
7,
25,
34,16,
6,
6,
19,49,
34,
3,
36,
6,
36,
14,
6,
6,
5,14,
6,14,
6,
4,
6,14,
6,
6,
6,14,
16,36,
19,49,
16,36,
6,
36,
14,36,
6,
12,
3,14,22,
4,
14,
14,
13,
14,22,
14,
14,
14,
3,14,
50,
50,
14,
13,
14,
14,
14,
4,
36,50,
14,
14,
14,
14,
3,14,22,
3,14,
14,
14,
14,
12,
43,
8,
6,
14,
4,
14,
25,14,
14,
3,
14,
36,
13,
14,
14,
14,
14,
14,
13,
12,
14,
12,
14,
36,
7,
6,
18,
22,
4,
4,
25,
19,25,
18,
25,
25,
25,
22,
6,
12,
6,
22,
18,23,
19,
25,
19,
22,
18,23,
25,
22,
50,
25,
19,25,
7,
12,
18,
25,
18,
18,
18,
4,
18,23,
18,23,
18,
18,
18,23,
7,
7,
6,25,
18,23,
22,
18,
4,
7,12,
4,
7,
18,
4,
18,
7,
18,23,
4,
4,
43,
63,
42,
43,
42,
42,
42,
42,
43,
4,
42,
25,
43,
42,
4,
42,
43,
42,
42,
42,
42,
42,
64,
42,
25,
40,
42,
42,
36,
42,
64,
43,
64,42,
64,
64,42,
64,
43,
64,
43,
43,
43,
64,
43,
43,
64,
43,
43,
64,
64,
64,
64,
43,
64,
64,
25,
35,
23,
12,
23,
27,
23,
12,
25,
23,
23,
23,
12,
13,48,4,
9,
13,
13,
23,
12,
12,
23,
12,
12,
23,
30,
13,23,
23,13,
23,
34,
34,
34,
34,
34,
33,
33,
27,
34,
27,
53,
34,16,
27,
34,
34,
53,66,
34,
34,36,
34,
53,
34,
34,
34,
34,36,
34,
34,
34,
27,
34,
34,36,
34,16,
16,36,
34,
36,
24,
14,
53,36,
4,
34,36,
6,
46,
6,
34,16,
34,16,36,
16,
16,36,
34,16,
6,
34,16,
34,
34,
25,36,
53,36,
36,
53,
16,
25,53,66,
6,
42,
38,
40,
66,
38,
40,
66,
40,
40,
66,
25,
43,
25,38,
66,
43,
43,
42,
38,
43,
66,38,
25,
38,
38,
13,
25,66,
43,
42,
38,
25,
66,
34,
34,
25,
34,
43,
34,
34,
34,
43,
40,
34,40,
40,
43,
25,
25,
40,
66,
34,
30,
25,
34,
66,
66,
34,
40,
43,
43,
40,
43,
40,
63,
40,
43,
64,
40,
40,
40,
40,
42,
40,
34,
40,
64,
34,
64,
63,
40,
34,40,
42,
40,
40,
42,
25,
34,
63,
63,
43,
42,
42,
25,53,
25,53,
33,
33,
33,
34,
25,53,66,
25,
53,
53,
25,53,
43,
33,53,66,
25,53,
25,53,
33,
25,
33,66,
25,53,
53,
33,
41,
33,
33,
34,
41,
41,
41,
39,
39,
41,
53,
53,
53,
41,
41,
41,
41,
63,
53,
53,
43,
43,
53,
53,
41,
53,
42,
38,
53,
53,
53,
53,
53,
53,
29,
53,
25,
34,
53,
43,
53,
53,
53,
61,
29,
34,
53,
53,
53,
53,
53,
38,
53,
53,
38,
38,
34,
28,30,
35,
33,23,
13,
13,
11,
33,
9,
11,13,29,
34,23,
11,
13,
29,
34,11,
13,
23,
29,
66,
7,
34,
13,
33,
13,
13,
13,48,
35,
33,
25,
25,
25,
25,
36,
36,
25,
36,
36,
25,
36,
4,
36,
25,
18,
22,
36,
4,
36,
22,
25,
25,
36,
25,
4,
6,
25,
25,
50,
25,
13,38,39,40,
33,38,
13,39,40,
40,
13,38,40,
13,
13,38,
13,38,
13,40,
13,38,39,
13,
13,
33,38,40,
38,40,
13,38,39,
13,38,
13,38,
38,
38,
38,
13,38,
13,
34,39,
34,38,39,40,
34,38,39,
38,40,
40,
38,
13,42,
13,
13,
13,
11,
11,13,
13,
13,
13,
11,13,
11,13,
14,
10,
34,
8,
14,
11,
11,13,
38,
11,13,
13,
14,
13,
11,13,
14,
11,14,
35,
13,
14,
23,52,
13,
39,
43,
43,
39,
43,
39,
41,
43,
43,
39,
39,
43,
61,
43,
41,
43,
61,
39,
63,
39,
43,
40,
39,
41,
43,
43,
39,
43,
43,
41,
64,42,
64,42,
64,
64,
64,
64,42,
64,
64,
64,
64,42,
43,
64,42,
43,
64,42,
64,
64,
64,42,
64,42,
64,
43,
64,42,
64,42,
43,
64,42,
64,
64,42,
64,42,
64,42,
63,
63,
53,
53,
53,
53,
53,
53,42,
34,
43,
53,
41,
53,
53,
53,
53,
53,
39,
53,
41,
39,
53,
41,
53,
53,
43,
53,
41,
53,
53,
64,42,
43,
64,42,
64,
64,42,
43,
64,42,
64,42,
64,42,
64,42,
64,42,
64,42,
42,
64,42,
64,42,
64,42,
64,42,
64,42,
64,42,
64,42,
64,42,
64,42,
64,42,
42,
62,
64,42,
64,42,
64,42,
64,42,
64,42,
64,
61,
64,42,
61,
43,
64,
64,
43,
64,
64,
43,
64,42,
62,
43,
64,
43,
43,
39,
64,42,
43,
64,42,
64,
61,
43,
64,42,
64,42,
64,42,
64,
64,42,
43,
45,
34,45,
34,
13,
34,
32,
32,
33,
45,
28,
45,
13,
34,
45,
45,
25,
32,
45,
45,
45,
25,45,
34,
45,
32,
45,
34,
45,
25,
45,
45,
31,
45,
53,
13,39,
52,
45,
29,
5,
13,39,40,
13,40,26,
25,
31,
29,
29,58,
58,
53,
52,
45,
29,
13,
53,
58,
29,59,
45,
53,
58,40,
53,
52,
45,
6,
33,
33,
33,6,
34,6,
33,36,
33,6,45,
16,
46,
46,
46,
33,
33,
46,
34,48,
25,45,
33,6,45,
6,45,33,
46,
33,
46,
45,
46,
13,33,
6,33,
33,
45,
25,45,
33,
43,
16,27,59,
25,
61,
5,
25,19,
19,
61,
25,
25,
24,
42,
19,59,
25,16,
42,19,61,
59,
19,
5,
19,
16,5,
43,
52,
25,
19,
25,19,
59,
50,
24,16,
29,
31,
37,
45,52,
45,
29,
31,
52,
52,
31,
40,
45,
45,
45,
29,
53,
53,
29,
31,
29,
34,16,36,
33,6,
34,6,
34,
34,
33,16,
16,
34,16,
34,16,
34,
16,
34,16,36,
34,
34,16,
16,36,
36,
34,16,
34,16,
33,
34,36,
34,16,36,
34,16,36,
36,
34,16,36,
34,16,36,
36,
53,16,36,
34,
16,36,
16,
19,52,61,
43,
61,
25,16,
61,
6,
25,16,6,
16,
19,25,
63,
6,
3,
50,
6,
16,61,
6,
6,
6,16,
6,
18,
25,16,
54,
19,
6,
49,5,
16,
16,
19,6,
27,34,
6,
11,14,
39,
37,
29,
39,
13,
53,
14,
42,
13,40,
13,40,26,
26,
53,
29,
13,33,40,
40,
11,
39,
25,
40,
43,
43,
43,
40,
34,
43,
25,
42,
43,
42,
25,
34,40,
6,
43,
24,
40,34,
25,
25,
42,
25,
34,40,
34,40,
40,
43,
43,
43,
34,
42,
37,
13,48,39,40,
11,14,48,
14,48,
48,
13,48,42,
13,
40,
40,
13,40,
13,
48,
11,13,
13,39,42,
40,
39,40,
40,26,
37,
13,29,
11,13,40,
53,
40,
13,
37,
39,
26,
14,
33,
37,
48,40,
61,
61,
59,
25,
25,
42,
54,
61,
42,19,
19,61,
25,
61,
43,
19,61,
43,
42,
25,
43,
19,61,
43,
19,
43,
6,
61,
6,
19,
42,
25,
61,
3,
42,
55,
61,
19,
19,
43,
19,61,
61,
55,
61,
55,
61,
42,19,
42,19,29,
19,
55,
25,
55,
61,
61,
61,
55,
19,
19,
61,
19,
55,
55,
42,
5,
34,
34,
66,
66,38,
38,
40,
40,
43,
42,
34,
43,
40,
34,
25,
34,40,
25,
38,
34,
40,
34,
43,
34,
34,
40,
40,
34,
38,
34,40,
38,
66,38,
43,
34,
34,
34,
34,40,
34,40,
40,
34,
34,
34,
34,
34,40,
34,40,
34,40,
40,
40,
40,
40,
42,
40,
34,
40,
43,
66,
25,
40,
25,
40,
40,
40,
64,
64,
60,
64,
42,
43,
64,
43,
64,
64,
63,
64,
60,
43,
64,
64,
42,
42,
6,
64,42,
25,
25,
42,
64,
34,
64,
57,
61,
40,
43,
64,
6,
43,
40,34,
6,
43,
6,
63,
43,
43,
59,
43,
42,
40,
6,
42,
25,
42,
42,
43,
59,
43,
43,
63,
43,
25,
5,
64,
64,
64,42,
64,42,
63,
64,
43,
64,
64,
60,
64,
64,42,
64,42,
64,
64,42,
43,
64,42,
60,
60,
63,
64,
64,
64,
64,42,
64,
64,
60,
64,42,
43,
64,42,
43,
43,
43,
53,
43,
61,
53,
43,
43,
53,66,
53,
61,
53,
53,
53,
61,
43,
61,
61,
61,
61,
43,
61,
42,
53,
53,
61,
43,
53,66,
43,
64,42,
64,42,
64,42,
62,
64,42,
42,
64,42,
64,42,
43,
64,42,
64,42,
64,42,
64,42,
64,42,
64,42,
64,42,
64,42,
64,42,
64,42,
43,
43,
43,
64,42,
64,42,
64,42,
64,42,
64,42,
64,42,
64,42,
64,42,
43,
64,
43,
64,
43,
39,
64,
42,
43,
63,
64,
43,
43,
43,
62,
64,
39,
62,
64,
63,
39,
63,
63,
65,
43,
43,
65,
43,
43,
43,
64,42,
64,42,
64,42,
43,
64,42,
64,42,
64,42,
43,
43,
64,42,
64,42,
64,
64,42,
64,42,
64,42,
43,
64,42,
64,42,
64,42,
64,42,
43,
64,42,
64,42,
64,42,
64,42,
64,42,
64,42,
64,42,
64,42,
64,42,
39,
64,
41,
66,
39,
43,
53,
66,
41,
25,
39,
39,
39,
53,
41,
66,
64,
63,
66,
41,
43,
39,
39,
66,
39,
41,
64,66,
66,
42,
43,
64,
39,
64,
62,
43,
43,
66,
66,
53,
64,42,
64,
66,
66,
39,
43,
43,
43,
62,
66,
64,66,
64,43,66,
64,42,
63,
41,
63,
66,
43,
63,
66,
