25,43,
5,25,43,
42,43,
42,
0,3,24,
42,43,
42,
0,3,5,6,
0,3,24,36,
42,
42,
25,40,
25,40,43,
0,3,5,6,
42,
25,40,43,
5,
42,
42,43,
3,
42,
42,43,
25,40,43,
25,40,43,
5,25,40,43,
0,3,24,
5,42,43,
5,42,43,
40,42,43,
42,
14,
3,
5,14,
5,14,
42,
3,
14,
25,14,
14,
25,40,43,
14,
14,
14,
14,
3,24,36,
3,
5,14,
3,
42,
25,
14,
3,
14,
14,
14,
3,
14,
14,
14,
5,14,
5,
5,6,
18,
5,
2,3,4,18,23,
2,3,4,18,23,7,
2,3,18,23,4,7,
2,3,18,23,
5,25,40,43,
5,
12,
2,3,18,23,
25,43,
0,2,3,18,23,
5,6,
2,3,4,18,23,7,
5,
2,3,4,18,23,
25,43,
2,3,18,23,7,
0,2,3,18,23,
2,3,4,18,23,
0,2,3,4,18,23,
5,
2,3,18,23,7,
5,6,
0,2,3,4,18,23,
5,6,
2,3,4,18,23,
5,6,
40,42,
42,
25,40,
40,42,43,
25,40,43,
42,
42,43,
42,
42,43,
42,
25,43,
25,40,43,
42,
25,43,
25,40,43,
25,43,
25,40,43,
25,43,
43,63,
3,4,24,36,
42,
3,24,36,
25,43,
42,
25,43,
42,
3,
25,40,43,
40,42,43,
25,40,
25,43,
4,7,
3,4,36,
25,
3,4,7,
3,4,
25,
3,4,18,23,
3,4,7,
3,4,7,
3,4,
25,
25,
4,24,36,
3,4,
25,
42,
3,4,18,23,
25,
25,
25,
25,
6,
25,
3,4,18,7,23,
42,
25,
3,4,
3,4,
3,4,18,24,
25,40,
43,
64,43,63,
64,43,63,
64,25,40,43,
64,43,63,
5,25,40,43,
43,63,
5,25,40,43,
5,25,40,43,
64,63,
25,
64,25,40,43,63,
25,40,43,63,
43,
42,43,63,
64,43,63,
5,25,40,43,
64,25,40,43,63,
43,63,
64,43,63,
64,43,63,
64,43,63,
64,43,63,
43,62,63,
43,
43,
5,42,43,
64,43,63,
34,
43,
43,
25,40,
25,
43,
25,40,
34,25,43,
43,
64,25,40,43,63,
25,
34,
34,
43,
34,25,43,
25,
34,25,43,
34,
43,
25,
25,
5,6,59,30,52,57,
34,25,43,
34,25,43,
43,
25,
6,59,30,52,57,
25,
34,
25,
3,4,18,7,23,
3,4,18,7,23,
25,40,63,
25,43,63,
25,40,
64,25,43,63,
3,4,7,
3,4,18,7,23,
25,
25,
25,
6,
3,4,7,
25,40,43,63,
25,40,43,
25,
25,
25,63,
25,40,43,63,
3,4,18,7,23,
25,
3,4,18,7,23,
25,
6,
3,4,7,
25,
25,
25,
3,4,18,7,23,15,
25,63,
8,11,12,14,
23,
30,7,
23,
33,7,
33,
33,23,
33,23,
34,11,
13,
13,23,
33,23,
34,
33,
33,7,
33,23,
30,31,
23,
8,11,12,14,
23,33,
33,
34,
33,23,
34,
8,9,14,
33,
23,34,
23,
33,
13,7,
10,28,
23,33,
10,28,
10,28,30,
10,28,
10,28,30,
10,28,
10,28,31,
23,33,
33,
10,27,
10,28,31,
34,7,
10,28,
25,40,
23,
10,28,31,
10,28,29,
10,28,
33,
34,7,
25,40,
33,
33,7,
33,23,
10,28,
23,33,
23,34,
23,
10,28,30,
53,
25,53,
53,
33,
53,
53,
25,
41,
33,
25,53,
41,
25,53,
10,34,33,39,41,66,
53,
53,
25,53,
66,
53,
53,
25,53,
33,39,
25,53,
25,
34,41,
25,53,
33,41,
25,53,
53,
53,
53,
33,
33,
34,
23,
31,33,
33,
33,39,
53,
31,
33,23,
33,31,
23,
33,7,
33,23,
33,
33,23,
25,66,
34,23,
33,
66,
33,23,
53,
25,53,
33,
33,
18,12,
18,12,
25,
13,
23,
13,
18,12,
25,28,30,
28,
28,
18,12,
23,
33,
18,12,
23,13,
4,13,
18,12,
18,12,
25,
12,
18,12,
23,
13,
30,
18,12,
13,
30,
18,12,
25,28,
27,7,
25,53,
25,
34,25,41,43,
34,25,43,
36,
53,66,
53,
34,16,36,
25,
25,53,
43,53,
25,53,
34,
53,
25,53,
25,
34,
34,
53,
34,41,
34,41,66,
25,
33,53,
34,25,41,43,
25,
53,
53,
53,
33,
33,
13,23,
23,
25,
33,23,
34,11,
25,53,
53,66,
53,23,
25,53,
33,
8,9,14,
34,
25,53,
53,23,
53,
33,
33,
23,
53,23,
25,
34,41,
53,
14,
8,14,
14,
13,
14,
14,
18,16,
4,
14,
14,
14,
15,
14,
18,15,16,
14,
14,
18,15,16,
14,
18,15,16,
14,
14,
14,
13,
14,
15,
27,
14,
13,
13,
12,14,
5,14,
5,13,
18,16,
13,
18,16,
6,13,
18,16,
13,
5,13,
5,13,
12,14,
14,
13,
4,8,14,
11,13,
5,14,
13,
4,8,14,
12,14,
14,
18,16,
13,
18,16,
5,
13,
5,13,
8,12,14,
14,
3,14,22,
4,
4,
14,
5,14,22,
3,14,22,
4,
13,
14,
4,12,14,
14,
3,22,
14,
14,
14,
4,
3,14,22,
14,
6,14,
14,22,
4,
3,14,22,
3,22,
3,4,
4,
6,22,
4,36,
5,14,
4,
18,
18,
6,
18,
5,6,
18,16,
18,
6,
3,4,18,7,23,
6,
6,
18,
18,
18,
18,
18,
18,
18,
6,
6,25,
3,4,18,7,23,
18,
18,
25,
6,
6,
3,4,18,23,
18,
18,
25,
34,16,
6,
6,
15,16,19,
34,
3,
36,
6,
36,
14,
6,
6,
5,14,
6,14,
6,
3,
6,14,
6,
6,
6,14,
16,36,
19,
16,36,
6,
4,36,
14,36,
6,
12,14,
3,14,22,
18,
14,
14,
13,
14,22,
14,
14,
14,
3,14,
20,
20,
14,
13,
14,
14,
14,
4,
36,
14,
14,
14,
14,
3,14,22,
3,14,
14,
14,
14,
12,14,
43,
8,14,
6,
14,
4,
14,
25,14,
14,
3,24,
14,
25,43,
13,
14,
14,
14,
14,
14,
13,
3,24,12,14,
14,
12,14,
14,
25,43,
3,4,18,7,
6,
3,4,
36,
3,4,
3,
25,
19,25,
3,4,
25,
25,
25,
3,4,18,36,22,
6,
12,
6,
3,4,18,36,22,
3,4,18,7,23,
19,
25,
19,
4,
3,4,18,7,23,
25,
22,36,
36,22,
25,
19,25,
3,4,18,7,23,12,
3,4,18,7,23,12,
3,4,18,23,
25,
3,4,18,23,
3,4,18,23,
3,4,
3,4,18,23,
3,4,18,7,23,
3,4,7,
3,4,18,15,23,
18,
3,4,18,7,23,
18,
3,4,18,7,23,
6,25,
3,4,18,7,23,
3,4,18,
3,4,18,23,15,
3,4,18,23,
4,18,7,23,
3,4,18,23,
3,4,18,7,23,
3,4,18,15,23,
3,4,18,23,
3,4,18,15,23,
3,4,18,7,23,
3,4,18,7,23,
3,4,18,23,
3,4,18,23,
25,43,
25,40,63,
42,
25,43,
40,42,
25,40,
42,43,
42,
43,
25,43,
42,43,
25,
25,40,43,63,
25,40,
25,43,
25,40,43,
25,40,43,
42,
25,40,63,
42,
42,43,
25,43,
64,25,43,63,
25,40,63,
25,
25,40,
42,
25,63,
24,36,
25,40,43,
63,
63,39,
63,
63,41,66,39,
63,
63,41,39,
64,25,40,43,63,39,61,
63,66,41,39,
63,39,
63,39,41,66,
64,25,40,42,43,62,63,39,61,
63,
64,25,40,42,43,62,63,39,61,
63,39,41,66,
63,
63,39,41,66,
63,41,39,
63,
63,
63,39,41,
63,39,
43,
63,41,66,39,
63,41,66,39,
25,
12,
23,
18,12,
23,
27,
23,
12,
25,
23,
23,
23,
18,12,
13,48,4,
18,12,
13,
13,
23,
18,12,
18,12,
23,
18,12,
18,12,
23,
30,
13,23,
23,13,
23,
34,
34,
34,
34,
34,
33,
33,
32,13,27,28,49,
34,
32,13,27,28,49,
53,
34,16,
32,13,27,28,49,
34,
34,
53,66,
34,
34,36,
34,
53,
34,
34,
34,
34,36,
34,
34,
34,
32,13,27,28,49,
34,
34,36,
34,16,
16,36,
34,
36,
24,
14,
53,36,
3,4,
34,36,
6,
49,
6,
34,16,
34,16,36,
16,
16,36,
34,16,
6,
34,16,
34,
34,
25,36,
53,36,
36,
53,
16,
25,53,66,
6,
25,40,
38,
25,40,
66,
38,
40,
66,
25,40,
25,40,
66,
25,
25,43,40,
25,38,
66,
25,43,
25,43,
25,40,
38,
25,43,
66,38,
25,
38,
38,
13,
25,66,
25,43,40,
25,40,
38,
25,
66,
34,
34,
25,
34,
25,43,40,
34,
34,
34,
25,43,
25,40,
34,40,
25,40,
25,43,
25,
25,
40,
66,
34,
30,
25,
34,
66,
66,
34,
25,40,
25,43,40,
25,43,40,
25,40,
25,43,40,
64,25,40,43,
64,25,40,43,63,
40,
25,43,40,63,
64,43,63,
64,25,40,43,
64,25,40,
25,40,
64,40,
25,40,
25,40,
34,
25,40,
64,25,40,43,
34,
64,25,40,43,
64,25,40,63,
25,40,
34,40,
64,25,40,63,
25,40,
64,40,
64,25,40,63,
25,
34,
25,40,63,
64,25,40,43,63,
25,43,40,
25,40,63,
64,25,40,63,
25,53,
25,53,
33,
33,
33,
34,
25,53,66,
25,
53,
53,
25,53,
43,
33,53,66,
25,53,
25,53,
33,
25,
33,66,
25,53,
53,
33,
34,41,
33,
33,
34,43,
33,39,41,34,
33,39,41,34,
39,
63,33,39,41,65,66,
33,39,41,34,
33,39,41,65,66,63,
53,
53,
53,
33,39,41,34,
33,39,41,34,66,65,
33,39,41,34,
33,39,41,34,
33,39,41,34,66,
53,
53,
33,39,41,34,
39,41,34,66,
53,
53,
33,39,41,34,66,65,
53,
64,25,63,
38,
53,51,
53,51,
53,
53,
53,51,
53,
34,
53,
25,
34,
53,
43,
53,
53,51,
53,51,
39,41,34,43,61,
34,
34,37,
53,
53,
53,51,
64,25,40,43,63,53,51,
53,
38,
53,
53,
38,
38,
34,
28,30,
35,
33,23,
13,
13,
11,
33,
35,11,14,8,9,12,
11,13,29,
34,23,
11,
13,
29,
34,11,
13,
23,
29,
66,
7,
34,
32,13,
33,
13,
13,
13,48,
35,
33,
25,
25,
25,
25,
3,24,36,
3,24,36,
25,
3,36,
3,24,36,
25,
3,24,36,
3,24,36,
3,36,
25,
3,24,36,
3,36,
3,24,36,
3,24,36,
3,24,36,
3,36,
25,
25,
3,24,36,
25,
3,24,36,
6,
25,
25,
36,54,
25,
13,38,39,40,
33,38,
13,39,40,
40,
13,38,40,
13,
13,38,
13,38,
13,40,
13,38,39,
13,
13,
33,38,40,
38,40,
13,38,39,
13,38,
13,38,
38,
38,
38,
13,38,
13,
34,39,
34,38,39,40,
34,38,39,
38,40,
40,
38,
13,42,
13,
13,
13,
11,
11,13,
13,
13,
13,
11,13,
11,13,
14,
11,8,10,
34,
14,8,
14,
11,
11,13,
35,
11,13,
13,
14,
13,
11,13,
14,
11,14,
35,
13,
14,
23,52,
13,
63,33,39,41,65,66,
63,39,41,66,
41,34,39,
41,66,34,39,
39,41,34,
33,39,41,34,66,
33,39,41,63,
39,41,34,
33,39,41,34,66,
63,33,39,41,66,
33,39,41,34,66,
39,41,34,66,
39,41,34,
39,41,34,
33,39,41,34,66,65,
33,39,41,34,
39,41,34,
33,39,41,34,66,65,
41,39,63,
63,65,41,66,39,
41,34,39,
64,25,40,
41,66,34,39,
33,39,41,34,
39,41,34,
33,39,41,34,
39,41,65,66,
33,39,41,34,
63,33,39,41,66,
33,39,41,34,
63,
64,43,63,
63,
63,
63,
63,
63,
63,41,66,39,
63,
63,
43,
64,43,63,
64,25,40,42,43,62,63,39,61,
64,43,63,
63,
63,
63,
64,43,63,
63,
64,25,40,42,43,62,63,39,
64,43,63,
64,43,63,
64,25,40,42,43,62,63,39,61,
63,
63,
63,
64,43,63,
64,43,63,
34,41,39,
33,39,41,34,
53,
53,
53,
53,
53,
53,42,
34,
39,41,34,
53,51,
33,39,41,34,
53,
53,
53,
53,
53,
33,39,41,34,66,
53,
33,39,41,34,
33,39,41,34,66,
53,
33,39,41,34,
53,
53,
39,41,34,
53,
33,39,41,34,
53,
53,
64,43,63,
64,25,40,42,43,62,63,39,61,
64,43,63,
63,
64,43,63,
64,25,40,42,43,62,63,39,61,
64,43,63,
63,
63,
64,43,63,
64,43,63,
63,
63,
63,
64,43,63,
63,
64,43,63,
63,
64,43,63,
63,
63,
64,43,63,
63,
63,
63,
64,43,63,
63,
63,
63,
63,
63,
43,34,61,
63,
43,61,
43,
63,
63,
43,
63,
63,
39,25,43,40,42,63,62,61,
64,43,63,
41,39,63,
39,25,43,40,42,63,61,
63,
63,39,41,66,
39,41,63,
63,33,39,41,66,
63,
43,
63,
63,
43,61,
43,63,39,41,61,
63,
63,
63,
63,
63,
43,
45,
34,45,
34,
32,13,45,48,49,
34,
32,
32,
33,
45,48,49,
28,45,48,49,19,
45,
32,13,49,
34,
45,
45,
25,
32,
45,
45,
45,49,
25,45,
34,
45,
32,
45,48,
34,
45,49,
25,
45,
45,
29,31,
45,
51,53,
13,39,
45,48,52,
45,
29,
5,58,
13,39,40,
13,40,26,
25,
31,
29,
29,58,
58,
53,
45,48,52,
51,
29,
13,
51,53,
5,58,
29,59,
45,51,
51,53,
58,40,
53,
45,48,52,
45,
6,
33,
33,
33,6,
34,6,
33,36,
33,6,45,
16,
46,
46,
46,
33,
33,
46,
34,48,
25,45,
33,6,45,
6,45,33,
46,13,27,
33,
46,
45,
46,
13,33,
6,33,
33,
45,
25,45,
33,
43,
16,27,59,
25,
61,
5,
25,19,
19,
43,61,
25,
25,
24,5,
42,
19,59,
25,16,
42,19,61,
59,
19,
5,59,52,
19,
16,5,
43,
52,
25,
19,
25,19,
59,
50,
24,16,
29,
29,31,
35,38,48,51,37,45,52,
45,48,52,
37,38,45,51,
37,29,
29,31,
52,
45,48,52,
29,31,
40,
45,
37,38,45,51,
45,
29,
51,53,
51,53,
29,
29,31,
29,
34,16,36,
33,6,
34,6,
34,
34,
33,16,
16,
34,16,
34,16,
34,
16,
34,16,36,
34,
34,16,
16,36,
36,
34,16,
34,16,
33,
34,36,
34,16,36,
34,16,36,
36,
34,16,36,
34,16,36,
36,
53,16,36,
34,
16,36,
16,
19,52,61,
43,25,63,
61,
25,16,
61,
6,
25,16,6,
16,
19,25,
25,63,
6,
3,
5,6,
6,
16,61,
6,
6,
6,16,
6,
3,18,
25,16,
50,
19,
6,
5,
16,
16,
19,6,
27,34,
6,
11,14,
39,
53,37,
29,
39,
13,
51,53,
14,
40,42,
13,40,
13,40,26,
26,
53,
53,
13,33,40,
40,
11,
39,
25,
25,40,
43,
43,
34,25,43,
25,40,
34,
43,40,
25,
25,40,
25,43,
42,43,
25,
34,40,
25,40,43,
43,
52,
40,34,
25,
25,
25,40,43,
25,
34,40,
34,40,
25,40,
43,
25,43,40,
25,43,
34,
25,43,
53,37,
13,48,39,40,
11,14,48,
14,48,
48,
13,48,42,
13,
40,
40,
13,40,
13,
48,
11,13,
13,39,42,
40,
39,40,
40,26,
53,37,
13,29,
11,13,40,
51,53,
40,
13,
53,37,
39,
26,
14,
33,
53,37,
48,40,
43,61,
43,61,
25,43,
25,
25,
5,25,40,
43,
61,
42,19,
19,61,
25,
61,
43,
19,61,
40,43,
42,
25,
25,43,59,
19,61,
25,43,
19,
43,
59,
61,
25,43,
19,
42,
25,
61,
3,5,24,59,54,52,
42,
55,
43,61,
19,
19,
43,
19,61,
43,61,
43,
43,61,
43,
61,
42,19,
42,19,29,
19,
43,
25,
43,
61,
61,
61,
43,
19,
19,
61,
19,
43,
43,
25,43,
43,42,
34,
34,
66,
66,38,
38,
25,40,
25,40,
25,43,
25,40,
34,
25,43,40,
25,40,
34,
25,
34,40,
25,
38,
34,
25,40,
34,
25,43,40,
34,
34,
25,40,
25,40,
34,
38,
34,40,
38,
66,38,
25,43,40,63,
34,
34,
34,
34,40,
34,40,
64,25,40,
34,
34,
34,
34,
34,40,
34,40,
34,40,
64,25,40,43,
25,40,
40,
25,40,
25,40,63,
25,40,
34,
40,
25,43,40,63,
66,
25,
64,25,40,43,
25,
40,25,
25,40,
40,25,
64,25,40,43,63,
64,25,43,
43,
64,25,43,63,
42,
43,
64,25,43,
25,43,
64,25,43,63,
64,25,43,63,
64,25,40,43,63,
64,25,43,
64,25,
25,43,63,
64,25,43,
64,25,43,
42,
25,43,
25,43,
64,43,63,
25,
25,
43,63,25,
64,42,43,
34,
64,25,43,
57,
43,
25,40,
25,43,40,63,
64,43,63,
25,40,43,63,
25,43,59,
40,34,
25,40,43,63,
25,40,43,
25,40,43,
25,40,63,
43,
43,
25,43,40,63,
25,43,
25,40,
40,
25,40,43,63,
25,43,63,
25,
25,40,43,63,
25,40,43,63,
40,25,43,
25,43,
25,40,43,
25,43,40,
64,25,40,43,63,
25,40,43,
25,
24,5,58,59,
64,42,43,
64,25,40,43,63,
64,43,63,
64,43,63,
64,25,40,43,63,
64,43,63,
43,
64,43,62,63,
64,25,43,60,
64,43,63,
64,43,62,63,
64,43,63,
64,43,63,
64,25,40,43,63,
64,43,63,
43,
64,43,63,
43,
43,
64,25,40,43,63,
64,43,62,63,
64,25,43,63,
64,43,62,63,
64,43,63,
64,25,40,43,63,
64,25,40,43,63,
43,
64,43,63,
43,
64,43,63,
64,25,40,42,43,62,63,39,61,
39,41,34,
43,39,41,34,61,
53,
39,41,63,
34,43,61,
53,
64,25,40,42,43,63,39,61,
64,25,40,42,43,62,63,39,61,
53,66,
53,
41,34,43,61,
53,
53,
53,
41,34,61,
39,41,34,
41,34,43,61,
34,43,61,
39,41,43,63,61,
43,41,34,61,
43,39,41,34,61,
61,
62,63,
53,
53,
39,41,34,43,61,
39,41,43,63,61,
53,66,
39,41,34,
64,43,63,
63,
64,43,63,
63,
63,
63,
63,
63,
39,25,43,40,42,63,62,61,
64,43,63,
63,
64,43,63,
63,
63,
64,43,63,
64,43,63,
64,43,63,
63,
64,43,63,
43,
43,
63,41,39,
63,
64,43,63,
64,43,63,
64,43,63,
64,43,63,
64,43,63,
63,
64,43,63,
63,39,
63,
63,39,41,66,
63,66,41,39,
39,41,63,
63,33,39,41,66,
63,41,66,39,
41,39,63,
43,63,39,41,
41,39,63,
63,41,66,39,
41,39,63,
63,41,39,
63,33,39,41,66,
63,
63,41,66,39,
63,33,39,41,66,
63,
63,39,41,
43,63,33,39,41,
63,33,39,41,66,
41,39,63,
63,41,39,
65,66,
63,33,39,
63,41,39,
65,
41,39,63,
63,33,39,41,66,
63,39,41,66,
64,43,63,
64,43,63,
63,
43,
64,43,63,
64,43,63,
64,43,63,
43,
64,25,40,42,43,62,63,39,
64,43,63,
63,
63,
63,
64,43,63,
64,43,63,
43,
64,43,63,
64,43,63,
64,43,63,
64,43,63,
43,
63,
63,
64,43,63,
64,43,63,
64,43,63,
63,
64,43,63,
63,
64,43,63,
33,39,41,34,66,65,
64,43,62,
33,39,41,34,66,65,
64,25,63,
33,39,41,34,66,65,
33,39,41,34,66,
53,
33,39,41,34,66,
33,39,41,34,66,65,
25,
63,33,39,41,65,66,
64,25,
33,39,41,34,66,65,
53,
33,39,41,34,66,65,
64,25,63,
64,
65,41,66,34,39,
64,25,
33,39,41,34,66,65,
39,41,34,66,
64,25,
33,39,41,34,66,65,
64,25,63,
33,39,41,34,66,65,
33,39,41,34,
64,63,
64,25,
64,62,
39,41,34,66,
64,
33,39,41,34,66,
64,43,
41,66,34,39,
33,39,41,34,66,
39,41,34,66,
34,66,
43,33,41,66,
53,
64,42,43,62,63,
64,25,43,
34,66,
41,66,
33,39,41,34,66,
63,33,39,41,66,
39,41,34,66,
39,41,34,66,
34,41,66,39,
34,66,
64,63,
41,66,34,39,
64,42,43,62,
63,65,41,66,39,
33,39,41,34,66,65,
65,41,66,34,39,
34,66,
39,41,34,66,
65,41,66,34,39,
34,66,
