0,150,
0,150,
130,
0,150,
0,150,
10,
1,
1,
1,
0,150,
2,
27,
0,150,
19,
14,
1,5,22,
3,
58,
285,
5,
4,
260,
69,
4,390,
69,
5,227,
118,
5,
118,
0,150,
5,
130,69,
260,
6,12,489,
260,
9,
7,
9,
136,
9,
49,
0,150,
13,
13,
49,
9,
9,
9,
10,
4,
10,
6,
9,
10,
10,
0,
0,
11,
11,
42,
69,
12,
12,
12,
12,
72,
13,72,
30,
13,72,
6,
14,
14,
0,
5,
14,
15,
2,
6,
221,
12,
16,
21,
16,
16,
16,
5,
17,
0,150,
5,
0,
10,
130,
6,82,40,
5,
51,
19,
5,
9,
92,
19,
1,
0,
6,32,
0,150,
21,
82,
21,
21,
21,
21,
10,
10,
6,
10,
10,
23,
23,
23,
23,
23,
4,
307,
13,
58,
100,
0,
14,
69,
4,
5,
130,
26,39,
1,
9,
6,
0,
286,
80,
10,
286,
400,
28,141,
141,28,
61,
6,
29,
21,
13,
21,
94,
30,
30,
10,
30,
30,
49,
21,
60,
459,
167,
1,
1,199,
1,
0,150,
58,
0,150,
0,
33,
5,227,
5,
21,
34,
31,
95,
21,
5,
13,72,
0,150,
30,
0,150,
130,
1,
2,
2,
16,
8,
49,
286,
167,
82,
312,
6,
29,
0,
21,
21,
39,
22,
125,
9,
26,
10,
0,
92,
10,
26,39,
130,
26,39,
26,39,
130,
9,
69,
13,
22,
13,9,
92,
6,
26,39,
150,
6,
21,
21,
94,
7,
10,
45,
2,
3,
15,
0,150,
150,
203,
9,
95,
0,150,
22,
11,
0,150,
0,
1,
5,
9,
12,
0,150,
107,
6,
73,
6,
6,
270,
50,
10,
21,
62,
14,
13,72,
12,
0,
9,
50,
5,
28,141,
141,
6,
12,
12,
12,
5,
12,
107,
21,
9,
9,
19,
10,
5,
0,150,
10,
10,
2,
1,
5,
2,
5,
57,
57,
13,72,
0,150,
13,72,
1,
0,
130,
108,
65,
10,
13,
13,
13,72,
59,
1,
10,
59,
21,
13,
40,
5,
5,
61,
61,
108,
14,
9,
108,
9,
5,227,
5,227,
30,
259,84,
72,
41,
5,22,
21,
39,
32,
65,
10,
9,
14,
297,
41,
26,
32,
141,
62,
12,
59,
0,
67,
390,
9,
82,
5,
197,
72,
489,
489,
9,
6,
130,73,
5,
6,
0,150,
6,
6,
12,
130,
0,150,
0,150,
15,
9,
72,
15,
15,12,
70,
9,
9,
13,9,72,
21,
44,
459,
21,
0,150,
14,
6,
9,
434,
27,
72,
13,72,
13,72,
13,72,
5,
130,
6,
130,
69,
298,
0,
5,
21,
5,
307,
32,
13,
14,
30,
41,
99,
0,
5,
58,
171,
10,
1,
1,
10,
1,
27,
23,
9,
390,
9,
9,
22,
107,
10,
107,
41,
150,
62,
280,
41,
5,
5,
82,
0,150,
127,
0,
0,150,
0,
27,
86,
5,227,
13,72,
5,
6,
5,
58,
0,150,
5,227,
88,
88,
10,
1,
10,
298,
5,
69,
4,
4,
4,
4,
1,6,
0,150,
42,
9,
185,
6,
92,
92,
92,
5,
22,
4,
14,
1,
4,
32,39,
69,
0,150,
9,
0,
22,
10,
4,
1,
95,
57,
388,
14,
388,
13,72,
2,
4,
61,
6,
136,
69,
0,
0,
14,
286,
9,
57,
9,
381,
270,
50,
0,150,
5,227,
9,
9,
118,
309,
9,
19,
0,
12,
12,
27,
0,62,
11,
6,
5,227,
19,
73,
21,
130,
6,
14,
19,
93,92,
6,
39,
7,10,
10,
470,
434,
434,
444,
1,
9,
9,
3,
108,
9,
22,
27,
1,
39,
9,
12,
5,227,
15,
9,
9,
110,
10,
13,72,
15,
9,
107,
141,
15,
0,150,
3,
80,
0,150,
2,
90,
5,
0,150,
10,
0,150,
4,
340,
390,
42,
9,
110,
94,
0,
361,
99,
298,
42,
6,
9,
9,
9,
312,
58,
312,
15,
118,
5,227,
174,82,
12,
270,
69,
22,58,
15,
26,39,
69,
0,
0,
69,
0,
312,
13,72,
16,
150,
121,
41,
107,
10,
9,
116,
10,
5,
298,
9,
9,
6,
27,
65,
12,
40,
14,
7,
121,
0,9,
0,150,
22,
1,69,
5,
6,
127,
69,118,
0,
2,
5,
13,72,
13,9,72,
44,
21,
13,72,
107,
13,72,
13,72,
13,72,
13,72,
21,
6,9,
10,
313,
9,
29,
131,
5,
15,
5,
1,
1,
19,
3,
0,150,15,
10,
69,
13,
150,
5,
22,
0,150,
260,
5,
5,
26,
21,
6,
73,
69,
0,
26,
13,72,
0,150,
145,
145,
145,
22,
15,
6,
6,
5,
0,
109,
12,
9,12,
0,
27,
0,
23,
0,150,
23,
0,150,
141,
271,
9,
5,
5,
0,
5,
12,
26,39,
0,150,
12,
7,9,
9,
19,
434,
19,
21,
4,
195,
15,
15,
0,
13,72,
0,150,
1,
1,
58,
9,
21,
135,
0,150,
9,
9,
21,
22,
40,
22,
22,
72,
29,
73,
1,
10,
150,
150,
130,
5,69,
9,
14,
69,
69,
1,
0,150,
400,
141,
141,
72,
5,
0,150,
5,
270,
0,150,
0,
40,
5,22,
108,
4,
9,
9,
19,
4,
0,150,
13,
0,150,
150,
0,150,
58,
6,
13,72,
13,72,
13,72,
9,
6,
21,
21,
13,72,
26,
26,
0,
221,
221,
0,
92,
21,
116,
21,
1,
140,
9,
489,
10,
6,
0,150,
0,150,
13,
7,
127,
127,
127,
127,
125,
9,
9,
10,
9,
9,
6,
90,
0,150,
0,150,
12,
51,
9,
27,
5,
7,
0,
0,150,
0,150,
167,
0,150,
286,
13,9,72,
286,
0,150,
57,
388,
92,
351,
356,
26,
72,
59,189,
59,
435,
415,
69,
10,
9,
10,
260,
167,
6,
27,
0,
92,
65,
0,150,
59,
59,
59,
7,
0,150,
0,
5,
130,
489,
130,
65,
65,
1,
92,
69,
4,
21,
5,
65,
130,
0,
58,
60,
57,
67,
324,
9,
6,
459,
21,
1,
346,
10,
0,150,
51,
6,
21,
11,
0,150,
1,
1,
10,
6,
130,
0,150,
0,
221,
0,150,
90,
0,150,
0,1,150,
0,150,
1,
0,150,
130,
9,10,
10,
10,
10,
340,
4,
390,
9,
0,
1,
107,
419,
0,150,
0,150,
6,
6,
9,
9,
129,59,
59,
0,5,150,
10,
82,
10,
10,
5,
9,
121,
9,
116,
9,
6,
0,150,
9,
116,
92,
195,
11,
199,
58,
0,
62,
82,
0,1,
40,
9,
69,
0,
9,
9,
22,
0,150,
0,
0,
441,
10,
11,
10,
0,150,
286,
72,
9,
286,
9,
59,
59,
312,
73,
6,73,
13,72,
13,72,
6,
6,
82,
201,
5,
82,
201,
9,
5,227,
60,
12,
0,150,
5,
286,
5,227,
5,
82,
14,
130,
12,
21,
6,
5,
5,
5,
69,
6,
13,72,
59,
11,
10,
82,
92,
195,
26,39,
26,
10,
159,
208,
0,
171,
171,
21,
6,
6,
21,
13,72,
13,
6,
10,
1,
12,
12,
94,
10,
5,
10,
0,150,
0,
9,
10,
489,
6,
0,150,
21,
0,150,
6,
4,
27,
130,
15,
3,
0,
26,65,
27,
5,
2,
135,
166,
0,150,
13,
13,72,
179,
69,
1,
9,
10,
10,
6,
40,
0,150,
220,
0,150,
272,59,
0,150,
150,
0,150,
32,
150,
0,
5,
286,
286,
5,
69,
10,
260,
5,227,
5,
5,
12,
9,
12,
9,
5,227,
5,
1,
0,
5,
6,
10,
6,
13,72,
41,
9,
13,72,
57,
13,72,
18,57,
10,
0,
27,
10,
10,
10,
9,
41,
12,
6,
6,
130,
0,22,150,
9,
6,
6,
0,150,
10,
5,
0,
6,
13,72,
6,
72,
400,
0,
1,
9,
1,
0,
27,434,
9,
434,
1,
10,
69,
69,
100,
0,150,
100,
2,
9,
5,
9,
130,
21,
9,
130,
10,
298,
5,
5,
298,
13,72,
40,
62,
40,
26,39,
0,
5,227,
72,
9,
9,
10,
10,9,
434,
19,
7,
272,
59,
59,
6,
59,
3,
107,
3,
0,150,
285,
13,72,
21,
6,
13,72,
9,
199,
5,
5,
0,150,
5,
9,
9,
7,
10,
72,
211,
6,
5,
0,150,
0,150,
13,72,
150,
0,13,150,72,
69,
167,
5,130,
5,
6,
251,
6,
251,
21,
10,
94,
6,
1,
10,
0,150,
8,
130,
0,
5,
26,39,
57,
21,
72,
31,
31,
107,
0,
10,
10,
0,34,
9,
6,
0,
6,
14,
9,
130,
9,
107,
6,9,
9,
109,
8,
100,
100,
49,
10,
6,
10,
260,
286,
12,
82,
237,
1,
6,
0,150,
150,
13,72,
16,
72,
21,
158,
2,
0,
6,
1,
10,
9,
298,
298,
10,
16,
23,
11,
0,150,
23,
3,
21,
3,
381,
99,
6,
268,
91,
1,
26,
21,
0,150,
118,
9,
9,
53,
118,
13,72,
13,72,
13,72,
13,72,
13,72,
129,
95,
59,
9,
59,
13,
13,
100,
108,
8,
21,
21,
21,
1,6,21,
5,
159,
127,
6,
127,
9,
95,
6,
10,
9,
0,
10,
9,
9,
10,
9,
0,150,
1,
65,
0,
10,
13,72,
5,
10,
323,
0,150,
130,
130,
4,
280,
69,
62,
118,
2,
9,
9,
13,72,
0,150,
9,
0,150,
41,
161,
30,
59,
13,9,72,
419,
13,72,
13,72,
83,
12,
12,
12,
0,
260,
457,
150,
0,150,
1,
21,
9,
9,
10,
10,
14,
13,
12,
110,
10,
390,
21,
116,
5,
155,
14,
27,
69,
434,
27,
57,
9,
6,
5,9,
0,150,
26,
12,
390,
15,
26,39,
10,
21,
9,
6,
14,
9,
10,
6,
10,
10,
272,
5,
10,
9,
13,15,72,
9,
10,
21,
21,
57,
65,
11,
9,
19,
10,
0,141,
41,
307,
16,
5,
0,
0,
0,150,
6,
5,
88,
150,
9,
0,150,
14,
1,
5,
5,
69,
390,
9,
16,
130,
9,
255,
108,
130,
4,
69,
130,
130,
5,
136,
0,150,
136,
19,
136,
32,26,39,
26,39,
361,
10,
1,
58,
10,
0,
6,
58,
6,
21,
150,
7,
9,
0,
4,
26,
6,
4,5,
11,
130,
489,
0,150,
0,150,
26,39,
150,
9,
14,
158,
110,
15,
82,
390,
6,
27,
82,
41,
9,
9,
9,
10,
13,72,
41,
19,
72,
155,
9,
126,
9,
6,
286,
0,150,
107,
9,
9,
108,
4,
4,
48,
4,
21,
65,
0,
10,
0,
6,489,
0,
0,150,167,
0,167,
107,
3,
130,
12,
26,39,
3,
63,
6,
7,62,
62,
9,
10,
9,
9,
10,
10,
130,
0,150,
49,
1,
0,150,
5,
0,150,
49,
9,
49,
26,39,
489,
9,
150,
0,150,
6,
21,
118,
9,
92,
470,
12,
119,
312,
73,
130,
0,150,
9,
0,150,
0,150,
4,
286,
118,
5,
21,
141,
424,
5,
88,
88,
5,
59,
312,
13,
0,150,
73,
100,457,
356,
5,
169,
409,
13,
49,370,
6,
6,16,
69,
51,
4,
19,
272,
9,
6,
1,
286,
9,
9,
0,
9,
130,26,
7,
95,
9,
0,
13,72,
6,
13,72,
94,
22,
5,
67,
21,57,
130,
5,
10,
6,
84,
10,
5,
10,
10,
5,
10,
9,
5,227,
5,
82,
8,
69,
41,
26,
21,
22,
26,39,
49,
413,
59,
259,
9,
6,
21,
307,65,
199,
31,
14,
16,
14,
272,
9,
0,150,
0,
199,
381,
0,150,
42,
116,
108,
13,72,
7,
9,
7,
6,
9,
6,
31,
459,
74,
12,
0,150,
130,
224,
10,
413,
15,
100,
100,
42,
343,
9,
65,
59,
0,150,
0,150,
9,
0,150,
9,
10,
26,39,
10,
10,
3,
22,
0,
9,
4,
26,39,
0,150,312,
0,
312,
59,
10,
21,
9,
5,227,
5,
69,
0,150,
19,
19,
19,
44,
10,
27,
125,
125,
10,
49,
100,
26,
1,
3,
169,457,
92,
0,150,
6,
31,
0,150,
21,
13,42,72,
14,
15,
14,
39,
0,
441,
217,
242,
27,
8,
38,
5,
0,
40,
0,
69,
10,
6,
82,
95,
5,
9,
116,
1,
5,
5,
12,
5,
5,
127,
21,
5,
5,
0,150,
5,227,
0,
0,
0,
0,150,
5,
118,
270,
5,227,
82,
62,
5,
82,
5,227,
5,
0,150,
5,
5,
84,
5,227,
22,
457,
64,
13,72,
0,
13,72,
0,150,
9,
312,
80,
413,
6,
26,
0,
59,
11,
0,
6,
292,
22,
107,
286,
381,
22,21,
177,
13,72,
58,
444,
346,
108,
2,
108,
108,
108,
5,
9,
10,40,
0,
5,
21,
0,10,
21,
94,
30,
130,
0,
6,
9,
0,150,
82,
0,150,
391,
0,150,
21,
21,
49,
49,
49,121,370,
49,
413,
21,
280,
0,150,
0,150,
150,
72,
13,72,
21,
10,
13,72,
9,
6,
6,
10,
5,
69,
69,
0,150,
4,
21,
9,
13,9,72,
13,9,72,
13,72,
457,
69,
4,
69,
0,
10,
0,
80,
26,
13,72,
13,72,
13,72,
15,
13,72,
12,
5,
15,
100,
15,
69,
285,
5,
321,
69,
13,9,72,
130,
64,
13,72,
13,9,72,
1,
107,
0,150,
13,9,72,
404,
82,
40,
5,227,
0,
26,
0,
130,
62,
5,
9,
9,
26,
13,72,
13,72,
0,150,
435,
21,
16,
65,
22,
434,
161,
23,
11,
13,72,
107,
13,72,
13,72,
6,
104,
104,
343,
41,
16,
110,
0,150,
60,
59,
13,
0,150,
0,150,
167,
0,
10,
59,
58,
21,
21,
21,
21,
94,
22,9,
1,
9,
9,10,
9,
0,
5,
27,
1,
93,
130,
13,72,
13,72,
22,
10,
434,
41,
69,
199,
2,
0,
100,
59,
0,
422,67,
4,
28,
0,150,
0,
10,
22,
0,150,
130,
0,150,
0,150,
424,
12,
5,
26,39,
347,
30,
5,
14,
41,
150,
69,
199,
108,
103,
434,
0,
80,
22,
80,286,
21,
9,
6,
23,
11,
2,
14,
2,
2,
21,
69,
247,
247,
237,
260,
159,
92,
26,39,
0,
40,
14,
14,
27,
9,
13,
13,
5,
11,
11,
26,
104,
127,
127,
1,
95,
10,
1,
32,
9,
5,227,
5,
0,150,
21,
0,
5,
5,
5,
5,227,
5,
5,
0,
3,195,
0,150,
10,
11,
0,
5,
22,
11,
10,
13,9,72,
107,
130,
130,
6,
58,
0,150,
82,
49,
13,72,
40,
21,
270,
7,
12,
12,
5,
12,
12,
448,
13,72,
19,
0,150,
27,
141,
465,
5,
72,
46,
28,
12,
107,
12,
12,
7,
0,150,
12,
221,
40,
21,
5,
16,
9,
21,
95,
0,
86,
7,
6,
7,
7,
9,
7,
42,
59,
59,
59,
3,
15,
10,
0,
58,285,
13,
41,
5,
6,
0,
13,72,
0,
21,
15,
4,
82,
185,
69,
19,
19,
92,
19,
5,
10,
10,
104,
298,
13,
10,
9,
9,
65,
130,
3,
0,
5,
5,
5,
260,
0,
6,
0,
10,
71,
6,
13,72,
72,
11,
1,
0,150,
159,
58,
1,
249,
92,
92,21,
0,150,
5,
199,
9,
9,
4,
1,
69,
1,
94,
10,
9,
0,
13,72,
272,
10,
130,
0,1,
7,
93,
4,
5,
6,
30,
5,
30,
0,
51,
9,
9,
10,
9,
107,
0,
9,
10,
0,
9,
203,
65,
21,
6,
21,
16,
13,9,
14,
59,
129,
0,
10,
5,26,39,
351,
0,
1,
5,
0,
1,
413,
0,150,
457,
19,
12,
16,
5,
0,150,
5,
29,
0,
0,
13,72,
298,
10,
42,
9,
7,9,
434,
50,
19,
434,
5,
5,
12,
0,
221,
26,
0,150,
130,
285,
130,
62,
58,
150,
80,
14,
45,
15,
58,
130,
22,
130,
8,
150,
49,
8,
167,
195,
0,
21,
26,
11,
5,
0,150,
0,150,
10,
58,
130,
65,
10,
19,
0,150,
6,9,
2,
69,
0,150,
59,
0,150,
13,72,
40,
5,227,
5,
10,
9,
484,
434,
22,
41,
62,
0,
32,
95,
0,150,
130,
6,
390,
