0,
0,
0,
0,
0,
1,
1,
1,
1,
1,
2,
2,
0,1,2,4,
0,2,4,
0,1,2,
3,
3,
3,
3,
3,
4,
4,
4,
4,
4,
5,
5,
5,
5,
5,
6,
6,
6,
6,
6,
7,
7,
7,
7,
7,
8,
8,
8,
8,
8,
9,
9,
9,
9,
9,
10,
10,
10,
10,
10,
11,
11,
11,
11,
11,
12,
12,
12,
12,
12,
13,
13,
13,
13,
13,
14,
14,
14,
14,
14,
15,
15,
15,
0,1,3,5,6,8,11,13,22,24,140,150,174,325,413,181,45,15,307,346,12,23,53,264,30,40,148,
15,
16,
16,
16,
16,
16,
0,6,17,
17,
17,
17,
5,6,17,12,
18,
0,5,13,18,
0,1,5,6,10,18,
6,18,
18,
19,
19,
19,
19,
19,
20,
20,
9,20,
9,20,
9,20,
21,
21,
21,
21,
21,
22,
22,
22,
22,
22,
23,
23,
23,
23,
23,
24,
24,
0,8,24,
8,
24,
25,
25,
25,
25,
0,6,25,
26,
26,
26,
26,
0,1,26,
27,
1,10,27,
0,1,6,13,10,27,
14,27,
27,
28,
28,
28,
28,
28,
29,
13,29,
29,
29,
29,
30,
30,
10,30,
30,
30,
31,
31,
31,
31,
31,
0,1,6,9,14,20,32,
1,
1,
1,
1,
33,
33,
33,
0,1,4,5,6,10,33,
1,4,5,33,
0,1,4,5,34,
34,
0,5,34,
6,7,13,9,34,
0,1,2,4,5,6,13,17,31,46,60,88,187,209,367,9,80,21,34,69,214,10,12,18,28,62,63,87,96,223,227,286,362,496,391,59,411,38,
13,35,
0,6,35,
5,6,11,17,35,
0,6,8,13,35,
6,13,
36,
36,
36,
36,
6,11,150,156,14,36,21,135,16,
37,
37,
37,
5,8,37,23,
37,
38,
1,13,38,
1,38,
38,
38,
39,
39,
9,39,
39,
6,9,10,39,
40,
40,
40,
40,
40,
26,41,
1,6,41,
41,
41,
6,41,
6,7,42,
6,7,9,27,42,
7,
0,6,7,9,42,
9,
43,
43,
43,
43,
43,
44,
44,
44,
44,
44,
45,
45,
0,5,6,8,13,15,26,80,120,12,37,100,23,45,40,208,212,
45,
0,1,45,
5,6,
1,4,6,7,11,
0,1,4,6,7,11,
46,
22,47,
11,22,47,
6,11,47,
22,47,
47,
5,6,9,48,285,
0,5,6,48,
48,
5,6,17,48,12,211,
0,1,5,48,85,12,
49,
49,
49,
49,
49,
16,50,
50,
6,16,50,
0,1,6,8,
0,6,
51,
6,51,
51,
51,
51,
13,10,28,52,
52,
13,28,52,
52,
5,13,28,52,
5,6,48,12,211,53,
5,12,53,
6,9,12,188,40,53,
5,9,48,12,211,53,
12,15,53,
0,13,54,
0,54,
54,
6,54,
13,54,
55,
4,5,6,8,10,55,
6,10,55,
10,55,
55,
0,56,
5,56,
56,
56,
2,56,
57,
57,
10,57,
57,
57,
5,8,22,14,58,
0,5,8,58,
58,
58,
58,
59,
0,6,59,
10,59,
59,
59,
0,1,3,4,5,6,7,8,11,13,22,31,46,60,64,88,113,183,187,282,297,312,
0,6,
60,199,272,10,30,59,40,129,117,415,
0,6,60,
60,
61,
0,5,6,10,12,55,61,
5,6,8,10,12,55,61,
61,
61,
62,
62,
62,
62,
0,62,
63,
0,1,4,5,8,63,
6,10,63,
63,
63,
64,
4,5,6,13,64,
4,64,
6,64,
64,9,
65,
0,1,4,5,6,7,8,11,13,22,31,88,130,174,182,297,325,330,9,14,20,32,58,85,482,26,80,10,16,161,394,23,30,59,65,38,
0,1,4,7,130,297,330,14,69,16,65,
65,
65,
0,1,3,4,6,7,8,11,13,130,9,14,32,157,26,195,54,10,12,18,28,55,62,67,92,362,188,27,42,49,86,262,39,41,118,287,474,30,72,40,51,57,76,128,129,137,200,245,400,454,94,66,
55,40,66,
66,
0,1,3,4,5,6,7,11,13,60,182,325,9,14,32,26,80,54,222,10,12,28,37,47,55,61,62,67,92,362,16,77,44,143,323,39,41,30,50,59,229,40,76,66,
5,67,
0,1,4,5,6,10,67,
10,67,
67,
67,
0,5,9,44,68,
0,4,6,7,27,68,
0,5,6,7,44,68,
0,4,5,6,7,44,68,
0,6,7,9,260,44,68,
13,69,
0,5,6,13,9,69,
5,6,13,9,69,
5,6,13,69,30,
5,6,13,9,69,10,77,
70,
70,
70,
5,70,
0,1,5,6,70,
0,1,5,6,7,11,13,9,10,12,16,70,71,73,77,188,258,
6,71,77,
5,6,13,10,71,77,449,499,
0,1,4,5,6,7,11,13,9,14,69,204,10,12,16,70,71,73,77,126,188,260,40,
6,71,77,
72,
6,72,
72,
72,
72,
6,
9,
0,6,10,73,
9,
74,
74,
4,9,74,
74,
1,4,74,
0,4,7,9,75,
0,4,5,6,7,9,27,75,
6,7,33,75,
14,75,
75,
76,
76,
0,6,76,
0,6,8,18,28,62,87,362,76,
0,1,4,5,9,26,12,76,
5,6,10,77,
6,9,10,77,
0,1,6,7,11,9,16,77,215,
5,6,14,10,71,77,449,499,
5,6,10,77,
5,
0,1,4,5,78,
4,9,14,78,
1,78,
78,
79,
79,
79,
79,
79,
80,
80,
3,80,
0,3,80,
80,
5,6,9,10,28,81,
1,5,6,7,9,20,81,
0,7,9,20,81,
5,6,9,10,81,
6,7,9,20,81,
0,6,7,82,
82,
0,4,6,7,113,282,9,82,
82,
0,5,7,82,
0,22,83,
6,83,
9,83,
6,83,107,
83,
84,
84,
84,
84,
84,
1,5,48,85,
1,5,48,85,
4,5,6,85,10,
4,85,
85,
5,86,
8,13,86,
86,
86,
86,
87,
0,6,8,54,18,28,62,87,362,30,
4,5,8,88,10,28,33,87,
0,6,18,28,87,362,
5,
88,
88,
0,4,5,6,8,88,10,12,28,362,
88,
88,
61,40,89,
40,
89,
10,61,89,
26,12,61,70,76,40,89,
0,4,7,14,90,
0,4,5,7,14,90,
1,4,6,7,14,90,151,
4,7,14,90,
14,90,
4,91,
5,91,
91,
91,
91,
1,9,92,
92,
92,
92,
4,5,12,92,
93,
93,
93,
93,
93,
0,1,3,5,6,8,13,187,9,14,20,29,32,157,181,184,233,482,36,26,83,99,159,10,18,16,39,41,42,76,481,94,365,132,
94,
16,94,
94,16,
94,
5,95,
95,
5,95,
95,
95,
13,96,57,
13,96,
18,96,
13,96,
0,5,6,10,18,96,
1,
97,
5,97,10,61,
0,4,5,6,8,11,13,22,130,156,182,325,419,20,80,14,21,25,114,135,311,387,10,18,28,47,55,61,62,87,203,238,482,9,16,73,77,161,489,44,49,86,23,264,122,30,50,56,59,185,278,40,102,450,29,51,129,232,400,74,269,481,97,
0,1,4,6,183,405,98,
1,5,98,
0,1,4,98,
0,4,7,9,98,
4,9,98,
99,12,
1,6,14,99,21,10,
99,
1,7,14,21,34,164,99,
0,6,99,
0,5,6,153,424,25,10,100,16,
424,10,100,16,44,50,
0,6,11,14,26,21,16,50,
0,5,6,10,100,
0,4,6,9,101,
0,4,6,101,
0,4,5,6,7,9,101,
101,
0,4,6,7,101,
9,102,
5,6,12,9,188,258,19,102,
6,9,102,
9,102,
12,
0,4,5,7,33,75,103,
49,
7,103,
0,4,5,8,
104,
0,5,104,
0,5,104,
104,
104,
105,
93,
2,105,
0,93,
0,1,3,4,5,6,7,8,11,13,17,46,113,167,183,187,249,282,383,9,14,20,29,32,35,85,157,405,482,45,93,15,26,83,159,376,21,69,114,201,235,311,346,398,10,12,33,37,67,92,70,73,126,188,258,358,19,27,42,49,75,103,23,41,122,287,98,51,57,76,74,78,84,105,410,91,172,
5,7,10,44,106,
7,10,44,106,
7,106,
0,4,7,22,93,14,10,12,92,9,19,27,339,102,106,
106,
107,
107,
107,
1,6,10,107,
0,1,3,5,6,8,11,13,22,64,424,29,35,159,21,10,12,18,188,215,258,30,72,41,51,107,128,94,
108,4,
0,1,4,5,6,7,8,11,13,182,9,48,58,157,272,25,69,108,154,307,10,12,28,55,61,62,80,82,87,92,16,70,73,414,489,119,310,59,40,124,26,239,
108,
1,4,5,6,7,13,174,9,14,20,21,108,164,10,12,62,92,70,188,258,19,27,42,41,107,122,287,391,40,450,
0,1,2,4,5,6,7,8,11,24,88,182,14,58,108,307,10,12,28,37,55,61,16,70,73,77,414,59,40,26,173,
0,1,3,4,5,6,7,8,11,13,22,24,31,88,187,9,14,20,29,48,58,85,157,184,233,482,15,26,80,83,99,21,201,204,222,398,10,12,18,28,33,55,61,62,63,82,92,96,100,205,211,227,238,286,353,496,16,73,126,27,42,39,41,118,122,198,287,59,72,40,57,232,400,109,
0,1,3,4,5,6,7,8,11,13,17,22,183,9,14,20,29,32,35,48,58,157,194,405,93,15,26,83,99,159,21,34,54,164,10,12,18,28,37,82,87,92,211,362,439,16,70,73,161,188,215,258,260,19,27,42,86,119,262,23,53,39,41,107,118,122,198,287,391,474,72,98,202,442,40,102,450,51,57,76,121,117,175,109,401,
1,5,6,11,13,9,15,10,72,57,109,
0,1,6,7,17,22,10,63,67,71,77,27,49,23,40,138,
0,1,3,5,6,8,11,13,17,22,24,174,325,9,20,29,35,58,157,15,26,80,83,99,154,159,193,376,10,12,18,28,33,37,62,87,120,362,71,77,188,215,394,27,49,86,23,45,264,273,41,107,198,30,54,111,72,40,342,447,51,57,129,232,400,148,152,359,109,401,
5,6,10,110,
10,110,
110,
110,
110,
111,
6,111,
13,9,111,
6,30,111,
3,111,
0,1,3,4,5,6,7,8,11,13,17,24,64,88,113,130,174,187,249,282,383,419,9,14,20,29,32,35,48,157,405,15,80,69,151,201,222,402,12,18,33,62,82,439,16,70,73,188,258,260,19,27,86,107,72,57,76,112,
0,1,2,3,5,8,11,13,24,325,20,467,45,26,80,99,154,195,267,235,273,307,346,37,259,112,208,
0,1,3,4,5,6,7,8,11,13,31,88,182,48,482,45,15,26,80,83,154,25,69,120,201,222,300,307,398,10,12,18,28,37,55,61,62,63,82,92,96,100,127,211,286,362,378,464,496,215,41,59,185,72,40,112,208,212,
0,8,24,15,112,
0,15,72,112,
0,4,5,7,113,
0,4,5,113,108,44,49,52,
0,4,5,113,
7,52,
0,4,5,6,8,13,88,113,424,
0,1,4,5,7,88,14,114,
5,7,
0,1,4,5,7,88,14,114,
0,1,4,7,11,167,183,14,405,114,42,98,
5,6,114,10,
0,5,
115,
0,6,7,115,
115,
115,
5,116,
5,10,92,95,345,437,116,
1,4,5,77,116,
1,5,12,116,
0,4,5,6,7,9,82,116,
117,
117,
0,1,3,5,6,7,8,11,13,17,24,64,150,156,167,182,187,282,383,424,9,14,45,15,26,10,12,18,28,55,61,362,16,70,73,188,394,19,49,23,41,107,198,391,30,59,72,40,128,129,200,400,408,117,
10,59,117,
117,
118,
0,5,6,12,
118,
5,6,9,
1,6,9,12,118,
0,1,3,4,5,6,7,8,11,13,17,22,24,60,64,113,130,136,174,182,199,249,282,297,383,9,14,32,48,272,26,193,201,307,311,402,10,12,28,33,37,55,61,62,67,82,205,211,16,70,73,77,161,215,258,260,19,27,44,86,119,310,323,287,30,59,72,40,102,478,148,94,389,219,
5,6,
119,
40,119,
4,5,120,
120,
0,120,
5,120,
120,
0,1,3,4,5,6,7,8,11,13,22,64,130,150,156,183,297,312,9,14,26,108,307,10,12,28,55,61,67,82,100,203,16,70,262,30,59,40,76,121,128,84,65,210,220,435,327,
0,6,8,13,49,262,121,
0,121,
0,150,121,
121,
6,9,10,122,
0,5,13,182,187,325,59,10,28,92,362,9,21,39,41,83,107,122,198,56,111,224,229,245,
6,122,
6,9,10,122,
122,
5,6,22,9,10,77,42,44,101,122,287,110,123,434,
4,5,6,9,14,10,
5,6,182,325,9,462,10,28,61,238,362,77,42,101,30,50,54,59,123,185,229,
0,4,6,7,10,82,9,260,27,42,68,81,123,
5,6,10,44,123,
5,12,211,124,
124,
124,
12,124,
124,
125,
7,125,
125,
0,125,
7,125,
1,9,
5,6,126,
6,14,
6,
127,
0,6,127,
1,4,14,127,
0,6,127,
1,4,5,85,127,
0,13,30,128,
0,30,128,
13,128,
0,128,
0,128,
0,6,8,13,64,54,311,18,62,49,86,30,51,121,129,
0,6,18,62,129,
0,6,13,64,54,18,62,129,
0,6,8,13,64,419,29,35,157,54,18,28,62,87,362,86,30,450,51,57,121,129,400,
0,6,13,64,18,28,62,87,362,49,86,30,51,57,129,232,400,
4,26,
0,1,3,4,5,6,7,8,11,13,17,22,60,64,79,88,130,312,9,14,32,35,179,26,80,83,99,154,195,376,21,54,69,135,151,204,429,10,12,18,28,33,61,62,63,67,82,87,92,96,270,362,496,16,126,188,27,42,39,41,107,287,229,98,57,76,128,400,74,481,94,
14,32,130,26,16,39,41,171,
130,14,26,
6,
131,
131,
0,5,6,13,64,10,18,394,449,30,145,131,
0,1,5,6,8,11,13,17,31,325,424,9,14,48,21,54,10,12,18,28,37,62,87,211,362,188,215,258,394,449,68,30,224,51,128,232,400,131,
131,
132,
132,
132,
132,
0,1,2,3,4,5,6,7,8,11,13,17,22,130,150,153,187,209,249,297,383,424,9,14,29,32,35,134,157,181,184,197,93,26,83,99,159,169,267,21,69,151,304,311,469,10,12,33,37,92,100,16,70,73,188,258,19,23,107,287,51,76,132,
5,63,133,205,
63,133,205,
0,5,63,133,205,
393,133,205,
0,5,133,
3,5,8,134,80,
1,5,8,11,58,134,467,
0,1,3,4,5,6,7,8,22,31,113,9,134,80,82,260,49,
0,1,5,8,31,
0,1,4,5,6,8,22,31,330,134,87,238,265,
4,135,
21,135,
0,4,5,135,
4,135,
0,5,135,
0,136,40,
5,136,40,
0,1,4,6,8,13,64,136,
0,1,4,6,8,13,31,64,136,182,419,
137,
137,
137,
137,
13,28,72,137,
0,6,7,11,13,28,63,9,16,73,215,72,138,
0,1,2,4,5,6,7,8,11,13,22,88,182,9,26,376,21,69,108,201,214,398,10,18,33,55,61,62,63,67,82,127,321,71,27,49,75,86,57,400,91,138,
6,
6,63,49,138,
138,
139,
139,
139,
0,139,
139,
8,11,22,140,174,47,
0,2,5,6,8,13,22,182,
140,
0,6,
5,13,424,28,257,141,10,200,400,271,226,
6,
0,1,2,4,5,6,7,8,11,13,22,31,64,88,136,153,187,209,213,297,325,419,9,14,80,154,21,25,69,186,201,255,290,307,311,398,10,12,28,33,55,62,63,82,92,95,286,321,333,345,445,16,70,188,260,358,394,27,42,44,49,86,323,23,41,122,287,50,361,483,72,40,121,91,228,52,141,239,326,
0,1,4,5,6,88,12,142,
4,5,142,
0,5,
0,4,10,142,
142,
5,6,9,143,
143,
6,17,402,9,12,188,143,
5,6,9,402,12,143,
6,143,
144,
144,
0,1,3,4,5,6,7,13,22,64,187,9,14,20,48,26,80,83,99,21,164,201,10,12,18,28,62,82,92,96,362,439,126,188,19,27,42,23,39,107,122,198,287,123,51,38,93,144,241,
144,
144,
0,5,8,13,137,145,131,
0,1,2,3,4,5,6,8,11,13,22,31,64,130,150,174,182,325,9,14,29,48,181,285,467,482,47,93,15,26,83,99,267,21,429,10,12,18,28,55,61,62,87,92,362,16,19,23,41,107,287,185,72,40,57,284,145,148,91,139,
13,
0,1,4,5,11,13,22,24,183,9,14,20,58,85,181,285,440,467,482,28,145,86,
0,1,4,5,6,7,8,13,17,113,325,424,9,14,29,48,85,157,272,462,482,21,25,54,69,90,108,151,201,307,311,398,402,10,12,18,28,37,47,55,62,63,82,87,92,96,100,203,362,496,16,260,449,19,42,44,49,125,289,264,30,81,40,51,57,76,78,84,52,131,
0,1,5,
0,1,4,6,146,9,82,
0,1,4,6,13,17,146,174,187,9,402,12,237,19,42,261,
5,
1,146,12,402,
0,7,282,147,
7,147,
0,60,147,
6,7,9,
0,147,
148,
8,148,
148,
148,
148,
149,
21,149,
149,
0,
149,
150,
150,
150,
150,16,
150,
1,4,9,14,151,76,26,74,466,
0,1,151,
1,4,14,151,
151,
1,4,14,151,
28,
152,
152,
152,
152,
0,
0,1,6,22,153,
153,
22,153,
0,1,4,5,6,8,11,22,14,58,181,233,154,10,33,270,16,27,162,111,384,275,
0,4,5,7,14,154,201,255,307,
4,5,6,154,
4,
0,1,4,5,7,14,21,69,135,151,154,204,
0,1,4,5,6,7,8,11,13,22,88,174,9,14,48,85,157,15,26,69,201,12,18,33,82,211,16,70,19,23,53,40,30,76,155,316,410,94,59,
0,1,4,5,6,7,22,9,14,48,285,26,201,402,10,12,28,33,16,70,19,287,40,124,76,84,104,155,316,
12,19,155,
7,14,12,19,155,
0,1,4,5,6,8,13,64,156,249,419,
0,1,5,6,8,13,156,
0,5,6,156,
0,1,3,4,5,6,8,11,13,64,130,156,297,
0,
157,
0,6,8,157,18,28,87,362,128,
0,1,5,6,8,11,17,46,157,10,12,18,25,28,62,82,87,362,128,430,163,
0,6,8,13,64,419,29,35,157,54,18,28,87,362,394,72,
5,6,157,
0,6,13,30,128,
158,
0,2,3,4,5,6,11,13,31,60,79,156,213,297,36,26,14,21,204,222,300,10,12,67,227,9,16,41,118,198,287,391,102,257,57,128,94,158,313,
0,158,
0,13,
159,12,
3,159,
0,1,3,6,8,13,482,26,159,21,300,12,111,202,76,481,365,132,485,275,
159,
159,
160,
92,9,160,
160,
160,
160,
0,1,5,6,7,11,161,
0,161,
5,6,325,
0,1,5,6,7,11,13,161,394,
0,5,6,10,161,
0,162,
0,6,162,
0,6,162,
0,6,162,
0,27,162,
127,163,
127,163,
5,85,127,163,
127,163,
127,163,
7,9,164,10,
9,7,164,10,
7,9,164,10,
1,7,14,21,164,
164,10,
165,49,
6,8,13,165,
0,5,6,13,165,
5,7,8,13,165,167,
0,1,5,6,7,8,11,13,17,165,167,9,26,10,12,18,61,69,82,321,16,73,161,237,258,260,358,394,49,103,310,23,72,40,
51,
0,51,
51,
51,
166,
0,1,2,4,5,7,167,231,114,
1,4,7,167,14,
0,1,2,3,4,5,6,7,8,11,13,17,22,31,88,130,150,167,174,182,183,187,282,297,330,367,9,14,20,29,48,179,231,405,93,80,21,25,69,108,114,120,235,273,290,311,346,10,12,28,33,61,16,27,42,23,122,287,224,278,40,102,43,294,38,
0,4,7,167,9,
0,1,3,4,6,7,11,167,
6,9,
6,9,
0,5,6,11,13,20,26,99,10,12,18,28,55,61,63,82,9,16,73,126,188,258,382,39,72,40,57,84,94,168,
0,1,5,6,7,11,60,312,9,99,69,10,12,18,55,82,168,
0,1,5,6,7,11,13,9,10,12,55,63,16,40,57,26,168,
0,3,5,7,8,13,64,209,169,10,92,9,19,86,107,30,50,29,51,128,16,74,388,144,337,94,366,
5,64,169,92,
3,169,
169,
0,5,13,169,51,
170,
170,
59,170,117,
0,1,5,6,8,13,22,24,31,150,182,325,355,9,14,45,15,26,193,108,307,346,10,12,55,61,67,82,96,100,16,73,77,119,23,170,107,287,391,30,59,111,40,76,128,117,149,254,385,
170,10,
6,10,238,9,171,
10,
5,9,171,434,
5,6,9,10,28,55,61,238,362,42,122,287,171,276,483,
5,6,171,
49,91,172,
0,5,6,8,11,13,17,31,64,165,167,21,10,37,92,122,172,
0,
172,
172,
173,
173,
59,173,
170,59,40,117,173,
0,173,
5,6,174,
5,6,8,11,13,22,140,174,
174,
174,
8,11,22,174,47,23,
0,1,4,5,6,8,11,22,130,150,156,297,9,14,20,29,179,36,21,135,16,23,30,43,175,
0,11,130,297,330,20,29,85,65,12,16,40,36,253,278,175,
1,5,6,11,130,330,9,48,85,493,402,10,12,61,278,65,175,
175,
0,1,3,4,6,8,11,22,130,150,156,297,9,14,29,48,181,462,36,26,10,12,16,278,308,102,65,481,175,
176,
176,
120,
0,1,4,5,6,8,31,9,14,20,32,48,482,21,114,10,61,92,362,42,43,160,176,
177,
177,
177,
177,
177,
5,67,178,
5,218,
178,
5,67,178,
0,1,4,5,6,7,60,282,58,26,55,61,67,82,16,70,71,59,23,40,152,138,239,178,
1,4,
5,
0,1,4,5,6,11,
0,1,4,179,
179,
0,1,2,6,7,13,22,209,419,29,35,157,56,93,166,21,54,164,469,10,12,18,19,27,44,41,107,51,62,106,180,
0,180,
0,1,2,6,13,64,419,29,197,56,166,18,49,51,397,450,180,
181,
0,
181,
6,181,
181,
0,5,6,13,182,
0,5,6,182,10,
5,6,182,10,
0,5,6,182,
0,4,5,6,8,13,182,424,
1,183,
0,5,183,
0,1,4,5,6,8,11,183,
0,5,6,183,
0,1,4,5,6,8,11,183,9,14,
0,1,4,5,6,184,
0,1,9,14,184,
184,
184,
0,1,4,5,6,11,14,181,184,197,440,467,
10,
5,6,9,10,42,122,287,111,171,185,224,
5,6,9,10,111,185,
5,6,182,325,9,10,28,287,185,278,
0,4,5,7,186,
0,1,4,5,7,88,186,
0,7,186,
0,4,6,7,113,282,9,186,49,103,291,
0,1,4,5,7,186,
187,
1,187,21,
187,
0,
187,
1,6,7,9,188,
0,1,5,6,7,11,16,70,188,499,
9,
59,117,
30,10,117,
0,4,5,6,7,60,82,147,158,189,
0,
5,190,
0,5,6,
1,5,190,
5,190,
190,
191,
0,4,9,191,
191,
0,4,6,7,82,191,
0,4,5,9,191,
0,1,3,4,5,6,8,130,187,325,9,14,26,21,25,69,114,10,37,55,61,67,92,100,16,217,27,30,59,111,40,160,192,
0,
6,187,10,92,9,42,122,276,160,192,
0,1,5,6,8,9,10,12,33,63,69,92,188,258,49,160,192,
0,4,5,6,21,69,120,10,12,18,62,92,95,9,122,160,192,
0,4,5,6,
0,1,6,11,13,17,383,193,
193,
0,193,
0,193,
70,
1,194,27,
0,1,4,5,6,8,9,85,194,405,482,
194,70,
195,
0,5,6,
0,5,12,
3,195,
195,
0,1,3,6,11,13,17,22,46,383,9,35,48,85,233,83,23,107,202,196,
0,1,22,83,196,
0,22,83,196,
22,83,196,
22,83,196,
197,
0,1,5,6,197,
0,1,4,5,6,197,
0,1,4,6,9,197,
198,
198,
198,
1,6,198,
1,6,198,
59,
59,
0,10,59,
59,
200,
0,6,8,13,200,
13,200,
200,
200,
201,
201,
0,4,5,201,82,
201,
201,
202,
5,6,202,
202,
0,1,5,6,202,
202,
0,1,4,5,6,8,31,203,
16,
0,1,4,5,6,92,203,
0,4,5,6,203,
0,1,4,5,6,88,10,12,92,203,
204,
0,1,5,6,7,69,204,
0,1,4,5,6,7,11,9,204,10,73,
4,9,21,135,204,16,
0,6,204,16,
0,5,63,205,
5,205,
1,5,205,
205,
205,
1,
206,
206,
206,
0,1,4,5,6,7,11,9,14,54,108,114,42,44,101,372,98,206,
207,
0,1,3,4,5,8,13,31,79,130,297,312,325,9,14,20,29,32,26,83,99,195,267,21,151,164,10,12,67,490,41,30,76,16,74,84,207,
0,207,
207,
207,
3,208,
5,208,
208,
3,5,80,208,
3,26,80,159,208,
0,5,13,209,
0,13,209,128,30,
0,1,4,5,6,7,8,11,13,88,153,182,209,424,462,21,54,10,18,28,62,87,92,96,100,362,16,77,44,86,262,30,59,111,229,51,128,52,
0,6,209,
0,1,2,4,5,6,7,8,13,64,88,187,209,393,9,14,29,35,21,54,10,67,73,42,44,99,107,30,50,51,76,121,128,129,26,74,84,104,158,195,
0,4,6,7,113,42,162,
7,210,
0,1,22,162,
6,
9,12,5,211,224,
6,9,12,224,211,
0,6,9,12,211,224,
211,
5,12,211,
5,6,22,9,
4,
0,3,5,8,15,80,23,45,208,212,
0,1,5,6,
5,
0,5,6,13,182,213,325,
0,5,6,8,13,213,
0,4,6,13,79,213,367,
0,6,213,
0,4,5,7,13,213,
0,1,4,6,13,
4,
62,
5,
13,
0,1,3,5,6,8,11,13,9,20,48,26,80,83,99,267,402,10,12,28,37,100,211,188,215,258,23,264,72,40,
72,
11,13,15,26,193,12,215,23,198,72,40,112,
0,4,
216,
0,
216,
216,
6,10,217,
217,
217,
217,
6,10,217,
5,6,10,55,218,
5,10,218,
5,6,10,28,55,287,218,
10,218,
5,6,9,218,
5,219,
0,
219,
5,
0,1,6,8,59,10,219,
0,4,5,7,113,150,108,21,124,220,461,
5,
6,
4,5,6,17,9,14,159,12,62,70,188,19,40,102,220,173,
0,1,4,5,6,7,8,11,13,22,130,150,25,204,10,62,16,70,161,394,414,27,42,162,23,30,59,409,210,220,
0,1,3,4,5,6,8,13,182,9,14,20,32,48,85,285,482,15,26,80,159,193,195,376,21,402,10,12,18,55,61,62,211,362,73,19,23,53,39,41,107,59,224,40,450,76,38,94,221,
0,
222,
222,
0,1,4,5,6,120,222,
4,5,222,
5,10,223,200,
0,4,5,6,10,28,223,362,
5,10,223,
0,1,4,5,6,8,31,88,398,10,33,223,
0,4,5,6,10,28,223,362,
12,
5,6,9,15,53,224,
5,6,9,48,15,12,224,
0,355,9,54,10,12,28,362,107,224,
0,1,4,5,6,80,225,
0,1,3,5,6,31,20,225,
0,1,4,5,6,225,
0,1,3,4,5,6,7,8,31,88,183,312,9,14,20,48,58,134,184,440,467,99,225,287,
0,1,4,5,6,225,
0,1,3,4,5,6,7,8,11,13,31,64,88,130,136,187,325,419,9,14,29,35,157,233,482,15,26,21,54,108,114,255,273,10,12,18,28,61,62,63,96,70,27,44,143,382,39,107,122,198,287,332,30,59,110,98,40,51,57,76,128,411,74,152,226,251,
110,57,226,
13,226,
5,6,13,10,28,226,
5,13,9,
13,26,227,57,
227,
26,57,227,
13,63,96,227,198,
13,227,198,
10,228,
10,228,
0,2,4,5,6,7,8,11,22,24,64,88,130,146,182,187,213,297,413,47,14,21,25,69,120,164,222,398,10,12,33,55,61,62,80,82,92,439,9,16,70,73,77,126,188,258,260,27,42,49,310,15,23,20,99,118,122,198,391,407,30,110,123,315,40,102,26,228,
10,228,
10,228,
9,54,10,28,362,42,122,287,30,171,229,
6,9,54,10,28,362,287,30,171,229,
229,
5,6,325,54,10,264,229,
9,10,229,
0,5,6,13,134,10,18,28,62,92,201,44,30,230,
5,22,
5,230,
13,
0,5,6,10,18,96,230,
0,5,14,231,
0,5,14,231,
0,1,4,5,6,8,11,22,9,14,32,35,48,58,85,197,231,482,493,
0,1,4,14,231,
0,1,4,5,231,
0,6,8,64,28,86,41,128,232,
28,232,
13,28,232,400,
0,6,28,86,232,
13,28,232,400,
5,6,233,
1,6,233,
6,233,
5,6,9,233,
0,1,4,6,8,9,233,
1,7,9,27,234,
1,9,58,27,234,
1,7,
0,1,4,5,6,7,8,11,13,22,182,297,9,14,20,32,48,58,85,157,181,194,285,405,462,482,493,21,25,135,12,61,82,92,16,27,75,119,125,83,107,30,59,111,218,224,40,102,76,26,234,141,
9,14,10,27,234,
0,1,5,235,273,346,
0,1,5,235,273,346,
0,1,5,235,273,346,
0,1,5,235,273,346,
0,1,5,235,273,346,
0,2,4,236,
0,4,6,7,9,236,82,260,42,101,289,
0,4,5,6,7,9,101,
7,
0,6,
0,4,5,6,9,25,237,
0,4,5,6,9,237,
0,1,4,5,6,7,8,31,88,146,
9,10,238,
10,238,
5,6,10,28,55,61,238,362,
10,238,
10,238,
12,239,
239,
13,62,239,
239,
82,239,
0,1,4,5,6,7,11,13,17,46,9,14,69,18,33,61,95,71,161,358,394,72,240,
4,5,6,
0,1,5,6,7,8,11,13,17,268,10,12,358,72,138,240,
0,1,3,4,5,6,7,8,11,13,17,24,60,113,130,150,156,165,174,182,187,282,297,325,424,48,80,99,376,25,69,10,12,18,28,33,61,62,63,67,82,92,211,321,353,362,445,71,49,39,59,40,124,109,240,
6,28,19,44,49,39,109,240,
7,241,470,
7,241,
241,
7,241,470,
6,
59,10,243,
243,
59,243,
0,1,6,8,13,9,14,28,55,61,362,70,30,59,110,76,129,478,40,152,226,243,
59,
3,184,26,159,244,
3,
3,159,244,
3,159,244,
3,26,159,195,244,
0,6,8,13,54,18,28,362,394,107,30,245,
0,6,64,49,245,
0,6,8,13,419,54,18,28,62,362,394,41,107,30,57,128,232,245,400,454,
13,
0,6,245,
1,
4,11,46,14,246,
11,246,
0,1,6,11,246,
11,246,
247,
0,1,3,4,5,6,7,8,11,17,22,24,182,325,9,14,29,35,58,85,197,233,462,482,15,26,80,193,25,69,114,120,201,398,10,12,18,28,47,55,61,63,82,92,96,100,127,286,353,362,16,73,77,215,449,86,23,45,122,198,30,59,110,218,224,361,72,98,40,342,447,117,400,247,109,
6,247,
247,
247,
248,
5,6,22,10,12,28,62,87,211,414,173,52,108,248,
0,58,10,173,108,248,
0,5,6,249,
0,4,5,6,11,13,249,
5,70,
0,4,5,6,7,11,13,22,249,9,14,157,272,307,10,12,28,33,55,61,82,16,70,161,188,258,260,394,19,119,23,40,76,121,26,152,479,390,
0,4,5,6,7,11,13,182,249,
0,1,4,5,14,250,
1,4,167,14,250,
0,1,4,5,6,9,14,
1,4,14,250,
0,4,
251,
110,251,
251,
5,6,
0,5,6,7,9,10,16,44,21,287,50,252,
7,164,10,
5,6,10,
8,22,
10,9,44,50,252,
148,
0,1,2,3,5,6,8,11,13,15,80,21,120,307,346,12,86,23,72,40,148,43,253,
0,1,5,6,8,11,13,17,24,174,325,35,15,12,37,100,49,86,23,45,72,40,148,253,
5,253,
253,
26,76,138,40,254,
57,
0,5,31,60,20,
0,1,2,4,5,6,7,11,13,31,60,64,88,130,136,150,153,174,199,213,280,282,383,419,9,233,482,21,34,214,255,18,28,62,82,87,321,362,49,147,76,411,158,59,
31,
0,4,5,6,13,255,10,
0,6,8,54,76,
0,1,4,7,22,9,14,83,34,10,33,62,19,27,44,332,256,139,
5,6,7,10,44,256,
10,256,
0,256,10,9,
0,1,5,6,7,8,13,22,209,9,14,54,164,10,28,362,44,30,50,111,51,470,106,331,256,
0,1,3,4,5,6,7,22,9,14,29,462,482,36,26,154,21,69,114,120,151,255,307,311,398,402,10,12,16,70,42,122,287,30,343,40,257,76,74,84,293,65,104,
0,1,3,4,5,6,7,8,11,13,130,167,9,14,26,376,21,114,10,12,28,33,55,92,133,205,16,19,27,42,103,41,107,122,287,30,171,343,98,257,74,84,293,104,190,172,
5,9,
257,
0,1,3,4,5,6,7,8,11,130,150,9,14,29,32,48,58,85,462,482,26,376,21,114,10,12,28,63,127,133,362,16,70,73,19,42,122,287,30,343,40,257,76,74,84,293,104,
6,
1,6,7,9,14,10,12,73,188,258,
1,6,7,13,9,14,10,12,16,73,126,188,258,
0,1,4,5,6,7,13,9,10,12,16,73,126,188,258,
9,
8,13,49,15,259,268,
8,259,
1,8,37,259,348,382,
0,1,5,13,259,
8,259,348,
0,5,6,
0,1,5,6,11,12,260,
3,5,80,260,286,23,171,
0,3,80,
3,5,6,80,260,286,23,171,
0,1,4,5,6,
0,5,6,9,
1,5,6,
5,
0,5,6,
0,262,121,
0,
0,6,8,13,64,419,262,30,121,
150,16,
149,
91,
91,
0,1,2,4,5,7,8,11,13,31,187,297,367,9,14,20,29,36,21,34,135,204,214,255,92,19,27,49,41,107,416,16,74,38,91,263,
4,21,135,459,91,29,43,
5,6,325,10,264,
1,5,22,31,9,20,225,264,
5,6,22,182,325,9,462,56,54,114,10,28,55,61,238,362,77,42,44,101,264,30,50,59,185,224,308,361,
0,1,5,6,8,482,87,265,
5,6,325,10,28,55,61,238,362,9,77,171,265,
5,6,182,325,9,462,56,54,114,10,28,55,61,238,362,42,44,101,30,
5,10,238,265,
11,22,140,174,23,266,
23,
266,
0,1,5,6,8,165,
8,11,22,174,161,23,266,
0,1,3,4,99,267,
9,20,99,267,
3,99,267,
6,9,20,99,267,12,
0,99,267,
0,1,5,6,7,8,11,13,17,165,167,9,54,10,12,18,321,16,71,358,394,49,103,121,52,109,172,268,326,
268,
5,64,9,92,269,
1,179,135,269,
0,6,13,64,
6,11,21,135,16,
135,269,
0,1,5,6,8,31,9,194,10,12,18,28,33,55,61,62,69,82,92,225,238,270,286,398,439,53,118,
0,1,5,8,
0,1,3,4,6,7,8,11,13,24,64,9,29,35,157,15,54,12,28,37,82,87,286,362,16,215,394,27,42,44,116,323,23,41,107,198,30,72,450,57,
0,5,8,53,
5,6,9,48,270,439,
5,13,10,28,226,
5,6,13,182,10,28,362,76,57,271,
6,
13,226,
13,
59,10,60,30,361,272,40,
9,10,59,
59,
0,6,9,
199,10,
0,1,5,273,
0,1,5,235,273,346,
0,1,5,273,
0,1,5,235,273,346,
0,1,5,13,273,
4,74,21,204,16,293,274,
4,9,293,21,16,74,274,
4,16,274,
4,9,21,204,16,274,
5,17,12,48,127,159,275,
275,
275,
12,159,275,
5,275,127,
5,276,
95,276,
0,1,4,5,6,7,8,182,187,325,9,14,20,48,482,21,54,69,114,164,204,10,12,18,28,33,55,61,82,92,95,211,225,270,362,16,77,188,44,101,116,323,264,39,118,122,287,474,30,59,276,483,40,447,57,160,
5,10,276,
5,10,276,
59,277,
6,8,59,10,238,9,73,170,30,361,277,243,
59,10,238,9,30,277,
355,59,73,277,
277,
5,11,9,35,21,10,62,92,86,278,40,65,175,
1,
0,1,2,3,4,6,8,11,13,17,22,64,130,150,153,156,187,249,280,297,330,383,424,9,14,29,32,35,157,179,181,36,26,193,195,12,16,258,23,37,27,39,41,202,491,40,102,450,57,65,481,94,175,278,
278,
278,
5,6,40,279,
5,10,40,279,
54,279,
6,9,55,
55,
0,
0,1,2,4,5,6,7,88,
0,1,2,3,4,5,7,8,88,130,280,
4,
0,5,6,280,154,
9,
0,6,7,8,13,64,165,182,199,311,10,12,62,205,19,49,86,125,451,41,30,40,121,316,281,
0,1,3,4,5,6,7,8,11,13,17,22,146,167,383,413,9,14,48,58,85,159,376,114,10,33,37,92,445,16,19,27,42,49,75,125,450,104,141,281,172,
0,6,146,36,16,281,
0,4,5,6,7,9,
0,4,5,6,7,113,282,
0,4,5,6,7,113,282,
0,1,4,5,6,7,113,282,
7,282,
0,4,6,7,113,282,
283,
8,11,47,161,23,283,
30,
23,
13,
6,
0,6,8,13,64,29,18,28,62,362,49,86,41,107,30,450,284,
0,6,8,13,64,29,35,18,28,362,49,86,41,107,30,450,76,121,284,
15,12,
12,
5,285,15,53,
5,285,15,53,
5,6,17,9,48,285,15,12,211,53,40,
1,5,6,8,286,
5,286,
0,5,286,
5,
1,
6,9,10,287,
1,6,14,32,16,39,41,287,
6,9,10,42,122,287,
6,9,10,42,122,287,
6,9,10,42,122,287,
257,12,104,141,288,293,7,14,10,110,
13,226,251,
5,
5,
0,3,4,7,8,11,13,22,24,130,182,297,330,29,15,26,21,69,10,12,55,61,70,394,86,23,59,110,72,40,76,408,148,38,283,152,239,251,
0,4,6,7,113,282,9,186,82,289,291,
0,8,
0,4,6,7,113,282,9,82,289,
0,4,5,6,
60,10,
290,
0,1,4,7,290,
290,
22,290,
0,1,4,7,290,
0,6,
0,4,6,7,9,82,291,
0,5,6,9,291,
82,291,
0,6,9,42,44,101,125,147,191,289,291,
26,12,70,40,152,292,
26,12,70,76,40,292,
12,70,119,40,292,
292,
59,26,12,40,76,70,152,292,
9,14,293,
293,
9,293,
293,
293,
0,1,22,10,33,27,44,294,484,
0,1,22,10,33,294,
0,1,4,5,6,7,13,22,182,9,462,56,185,54,90,114,10,28,33,77,42,44,30,59,308,361,294,484,
22,9,10,
0,1,6,22,10,27,162,294,484,
5,95,
0,1,4,5,46,88,182,325,9,272,462,295,376,90,114,201,290,319,398,10,28,33,61,95,127,345,362,122,287,59,171,483,40,116,
10,95,
158,
0,5,6,325,9,10,264,
0,1,2,4,5,6,7,8,11,13,24,31,60,64,79,88,113,130,150,156,165,167,187,213,282,297,325,367,413,9,14,29,35,157,179,181,482,45,120,201,222,235,273,346,398,10,12,33,37,62,63,67,82,87,100,203,321,358,394,49,23,259,30,121,128,84,43,296,91,459,313,404,109,
0,
0,4,297,
0,1,4,5,297,
0,6,297,
0,1,4,5,297,
297,16,
5,6,59,298,
7,241,470,
222,10,41,299,
9,
9,229,
8,80,40,299,
6,11,80,23,40,299,
0,4,300,
0,4,7,300,
4,5,300,
0,4,7,154,300,
300,
0,301,
0,5,88,301,
0,
6,
88,301,
1,4,14,70,302,
14,
1,14,302,
5,302,
4,5,127,302,
0,4,
4,
0,4,5,6,7,11,60,150,156,282,297,21,69,135,204,429,321,9,16,237,147,328,416,91,158,409,179,303,
0,1,4,5,303,
0,1,2,4,5,6,7,11,13,22,64,88,130,150,156,213,325,9,14,29,32,35,179,181,462,36,56,15,26,154,21,54,69,90,114,120,135,151,204,235,255,273,307,398,429,469,10,12,18,28,61,100,203,321,362,16,73,77,188,237,258,260,19,42,44,49,68,86,101,143,262,23,217,39,107,122,287,416,30,50,59,123,98,202,40,51,57,76,128,408,74,388,91,303,
4,
0,4,7,304,
201,304,
0,1,25,304,
0,4,304,
0,305,
305,33,
33,305,
0,1,4,5,6,7,9,82,306,
0,11,306,
0,5,6,306,
7,183,82,306,
0,5,7,136,153,183,201,82,306,
40,
40,
5,6,9,10,308,
6,308,
308,
308,
5,6,10,
0,1,4,5,6,8,11,9,233,
5,9,
0,1,4,5,6,8,11,9,14,233,
0,5,309,
0,1,5,
5,9,
6,7,310,
0,4,5,6,7,82,310,
5,182,205,310,
0,310,
0,1,2,4,5,6,7,88,14,311,
0,5,6,
0,1,4,5,7,21,25,69,186,204,311,
0,
0,4,5,7,14,311,
0,1,3,4,5,6,7,8,11,22,88,150,312,9,14,15,26,10,37,16,70,107,30,59,40,65,
67,
0,60,312,
312,
0,1,5,6,312,
0,2,3,5,64,130,45,20,9,41,185,313,208,189,212,
0,
0,6,8,13,60,79,213,14,29,35,157,21,311,10,18,28,67,362,16,394,49,86,41,30,72,450,51,57,76,200,284,400,313,
8,
313,
4,5,314,82,
4,314,
5,
4,314,
4,5,201,82,314,
5,6,182,325,315,
5,6,22,182,10,55,61,30,50,59,171,229,315,
5,6,325,9,56,54,90,114,10,28,55,61,238,362,77,101,264,30,59,224,315,
5,6,325,315,
10,
59,316,
0,5,6,8,13,9,14,54,114,10,18,28,61,362,16,73,77,42,44,49,41,107,287,30,50,59,111,224,276,434,200,155,316,
12,19,316,
0,6,7,13,51,19,49,262,451,200,316,
316,
1,6,7,9,
7,317,
7,317,
0,1,2,4,5,6,7,8,11,13,17,22,24,46,64,88,113,130,136,140,153,156,165,174,183,187,249,282,297,325,367,383,424,9,14,20,29,32,35,134,181,405,462,482,47,236,90,114,164,10,12,28,33,37,61,80,82,238,270,286,362,16,70,77,126,161,188,260,394,499,19,42,44,49,75,86,119,162,310,23,118,122,287,30,50,185,224,276,298,324,40,51,43,294,283,317,
0,1,4,5,6,7,11,13,17,31,88,174,182,249,48,482,80,34,69,164,10,12,18,28,33,55,61,62,63,82,96,225,270,286,439,16,70,188,499,19,27,23,98,40,317,
0,1,4,5,6,11,9,14,157,194,
1,6,7,187,9,14,20,32,83,10,126,188,27,42,107,118,122,287,318,
9,
1,6,7,9,14,20,32,10,188,27,42,83,107,118,122,287,318,
4,
4,319,
2,14,319,
319,
4,
5,
320,
320,
0,1,8,13,20,26,80,99,267,264,41,287,171,320,381,
320,
0,4,5,6,7,13,150,29,35,21,54,135,311,33,321,73,103,98,76,
321,
49,
321,
13,49,
48,322,
322,
0,1,2,3,4,5,6,8,11,13,22,31,88,183,187,9,14,20,32,48,83,99,322,34,69,114,120,164,10,12,18,28,61,92,95,238,362,73,188,27,42,107,198,287,339,417,171,
0,1,2,3,4,5,6,7,8,11,13,31,60,88,130,174,187,282,312,325,486,9,14,20,32,48,85,231,285,467,482,45,93,15,26,80,99,154,159,169,193,195,244,295,322,21,34,69,90,114,135,151,164,186,402,10,12,18,33,61,62,63,67,82,92,96,211,225,238,270,70,188,19,27,42,116,23,264,39,41,118,122,287,339,81,171,98,40,138,208,
322,
63,
323,
0,6,7,9,323,
5,6,9,
6,323,
10,
5,6,182,9,10,28,55,61,77,59,324,
10,
10,
10,
0,1,2,4,5,6,7,8,11,22,60,88,130,153,182,187,199,209,325,419,424,
5,6,325,264,
0,5,325,264,
5,6,182,325,
5,325,
326,
326,
13,358,326,
0,5,6,7,13,31,165,10,12,18,28,33,61,62,82,92,321,362,9,16,73,126,188,258,358,394,19,42,49,101,103,262,14,21,41,107,30,54,224,450,121,397,400,91,109,172,326,
49,
16,
0,1,4,5,14,
26,130,
0,1,3,4,5,6,7,8,11,13,17,22,64,130,150,153,156,280,325,330,383,413,424,9,14,20,32,35,462,26,80,21,54,114,135,151,204,10,18,28,37,61,62,87,96,238,362,16,70,161,260,358,394,19,42,262,23,41,107,416,30,59,72,98,76,121,128,137,232,74,293,478,36,43,65,104,452,94,158,40,251,327,
0,1,4,5,7,88,14,
0,4,5,6,7,328,
0,4,
0,4,5,6,7,9,328,
0,4,6,7,9,328,
7,
241,
6,9,329,
329,
0,4,5,6,7,11,13,24,31,60,64,150,165,167,182,199,209,297,312,325,355,383,419,54,10,12,28,82,96,362,9,73,77,19,42,101,119,291,310,30,59,40,155,316,329,
329,
1,5,130,330,
0,1,4,5,6,8,11,22,88,130,150,182,183,297,330,
0,1,5,6,22,31,
0,6,330,
0,
33,
4,
7,9,34,164,10,27,42,332,
1,6,187,9,14,20,32,21,34,164,10,126,188,27,42,118,122,198,287,332,416,
0,1,6,9,10,42,122,287,332,
5,10,332,
5,13,10,28,332,
5,333,
0,4,5,88,333,
88,
0,4,5,88,333,
60,199,272,129,59,10,30,361,117,415,334,
8,60,199,
334,
0,8,
335,
335,
335,
0,1,3,4,5,6,7,8,11,17,31,64,79,130,150,167,213,393,9,14,29,32,35,26,21,69,90,10,12,18,28,33,62,87,92,96,362,16,19,41,30,98,57,128,74,78,84,347,335,366,
335,
181,7,
0,1,4,5,8,11,13,31,29,181,468,482,21,12,37,100,203,23,49,259,392,40,57,145,91,479,336,
181,
181,
9,181,
0,4,337,
13,144,337,
82,337,
19,
124,
1,6,9,11,14,20,32,35,3,26,83,99,7,10,126,188,27,21,39,41,198,287,339,416,474,171,98,76,78,84,43,57,338,
5,6,12,13,16,70,414,124,65,338,
40,338,
1,6,9,14,20,32,7,164,10,12,92,126,188,258,42,41,83,99,107,122,198,287,339,
9,
1,6,7,187,9,14,20,32,83,99,21,164,10,12,92,73,126,188,27,42,39,41,107,118,122,287,339,407,
12,92,339,
9,
0,6,7,
0,4,6,7,
4,5,6,7,
0,
5,6,
0,1,4,5,6,8,13,22,183,14,20,29,157,181,272,482,21,54,135,204,18,28,62,16,394,49,30,72,76,86,129,200,43,65,38,94,274,341,221,
1,29,482,21,38,
29,
0,1,2,4,5,6,11,13,17,64,174,297,9,14,20,29,35,482,83,21,204,10,12,18,16,73,258,19,44,41,107,30,72,40,51,76,388,341,221,109,
5,342,
5,342,
5,342,
1,5,6,10,28,61,238,125,21,343,177,
0,5,6,130,10,16,343,173,40,177,344,
0,1,4,5,6,7,8,182,9,14,21,54,120,201,222,398,10,12,18,28,33,37,55,61,62,63,82,92,205,238,321,362,439,16,70,358,49,310,323,30,315,343,98,40,104,177,
10,343,
6,10,9,44,343,
344,
344,
344,
344,
9,10,
0,1,4,5,6,8,31,48,482,80,376,10,33,37,82,92,95,225,286,345,
0,1,4,5,6,8,88,482,10,12,55,61,63,92,95,96,238,345,496,
0,4,5,6,9,82,116,
0,4,5,88,
0,1,4,5,6,8,88,482,10,92,95,345,
0,1,5,8,325,346,
0,1,8,49,
0,1,4,5,7,88,14,231,25,54,69,120,201,222,235,273,307,346,398,
347,
4,347,
9,41,
1,3,4,6,7,187,9,14,26,83,151,10,12,55,92,27,41,229,84,207,66,347,360,425,498,
9,151,41,229,347,
1,8,37,49,259,348,421,
0,1,5,8,348,
0,1,3,4,5,6,8,13,79,213,280,367,393,9,14,35,58,179,462,15,62,63,67,127,133,358,49,86,259,348,382,84,478,173,206,415,
8,54,259,348,84,
0,1,
0,1,3,4,5,6,7,8,11,13,24,31,60,88,113,153,165,167,209,249,282,325,413,419,424,9,14,20,231,462,467,15,80,99,267,21,25,34,69,90,114,151,201,222,398,10,12,18,28,33,37,55,61,62,63,67,82,87,100,238,321,362,16,70,77,188,258,260,19,27,42,44,49,101,116,119,147,236,262,289,291,310,323,451,122,30,50,59,361,98,40,91,52,331,115,349,
4,
0,4,5,297,330,10,291,343,177,349,
1,4,291,349,
31,354,
350,
16,350,
14,350,
6,14,70,350,487,
0,1,3,5,6,7,8,9,58,15,159,267,37,445,27,44,75,125,291,234,351,364,
0,
125,
5,7,
3,351,
1,6,
0,1,3,5,6,7,8,11,13,22,79,130,150,156,9,14,29,32,35,181,482,26,195,10,12,25,16,70,73,27,262,21,287,30,171,98,57,76,121,128,74,43,294,452,409,220,177,108,
5,6,7,11,13,10,12,28,62,82,211,362,9,16,70,73,77,414,27,42,116,14,287,59,276,40,57,26,173,352,
352,220,
1,
5,6,
5,6,
6,247,
5,6,247,
31,354,
0,1,4,5,6,7,8,13,31,88,113,130,182,282,297,325,330,108,201,10,37,62,127,125,291,357,354,52,349,
31,354,
0,2,4,5,31,88,20,99,21,69,201,255,398,446,354,240,349,
0,1,3,5,6,8,22,31,48,482,37,446,354,349,
0,5,6,174,355,9,48,10,12,28,61,362,77,258,224,308,
0,1,6,8,355,
0,5,6,17,174,182,355,
355,10,224,
5,6,182,9,10,28,61,238,362,77,122,287,54,59,111,224,
0,1,8,259,348,
1,8,9,14,259,348,356,10,42,
0,5,6,8,346,10,37,100,259,348,356,
1,8,13,54,
6,10,343,
343,
343,
10,343,
0,1,4,5,6,8,11,130,182,325,9,29,54,307,16,73,23,30,59,40,117,329,344,
358,
13,358,
7,358,
358,
7,49,
0,6,7,
26,5,6,10,28,55,61,11,16,23,14,22,59,43,40,130,359,117,357,
6,
0,1,4,5,6,7,8,11,13,22,113,209,325,9,14,20,32,462,56,26,80,83,99,69,164,10,12,18,37,63,82,92,100,286,16,77,161,260,19,27,42,44,49,86,23,264,198,287,50,110,171,185,72,115,359,
40,359,
360,
9,360,
1,9,14,10,360,
0,1,
41,360,
0,1,2,4,5,6,7,8,88,136,153,14,54,108,151,235,273,307,10,12,28,82,96,362,291,361,40,219,
10,361,
0,8,10,
10,
10,361,
6,54,28,362,30,
5,6,10,28,55,61,238,362,
5,
5,
5,6,10,28,55,61,238,362,
7,363,
19,363,
363,
0,1,4,6,7,13,17,174,9,14,93,12,16,70,260,19,27,42,49,82,119,191,310,40,76,26,104,38,337,363,306,
0,4,5,6,7,13,10,12,18,28,48,62,82,211,16,19,44,49,125,191,323,30,59,102,257,121,128,104,388,363,
0,1,3,4,5,6,7,8,11,22,88,113,174,182,249,9,20,58,80,99,154,159,54,69,90,114,164,186,398,10,12,33,82,92,70,77,19,27,42,44,49,75,101,119,125,310,122,287,50,59,98,40,52,
0,1,2,3,4,5,6,7,8,11,17,22,31,60,88,113,130,150,165,174,183,187,282,297,9,14,20,58,26,99,267,21,54,164,10,12,16,73,188,27,42,44,125,287,40,102,234,
58,
58,
3,130,14,32,313,365,
0,5,
41,365,
41,365,
0,1,2,3,4,5,6,8,11,13,88,325,20,467,45,15,26,80,99,159,432,120,201,222,235,273,300,346,398,260,369,41,491,313,365,208,
0,3,5,6,7,8,13,64,169,201,10,18,28,62,87,92,362,49,51,121,366,
0,1,4,79,150,213,367,393,9,14,26,21,151,16,19,128,74,366,
64,
0,1,2,3,4,5,6,8,11,13,17,46,64,88,187,9,14,20,32,48,179,482,26,80,99,154,169,195,376,21,69,10,18,33,67,92,127,225,286,16,41,51,269,366,
5,8,169,67,49,366,
0,5,31,60,367,91,
0,1,3,4,5,6,8,13,60,79,213,367,393,9,21,10,63,67,49,74,
0,1,13,31,
74,
368,
3,15,28,131,368,
368,
0,5,6,8,13,64,79,130,325,424,9,14,462,26,10,18,28,55,61,62,87,203,362,77,394,449,264,41,122,287,30,44,54,59,110,185,224,229,276,298,308,51,57,128,400,408,78,52,368,
0,1,3,4,5,13,79,9,14,32,285,80,33,63,67,19,78,84,368,
0,
0,8,13,49,369,382,
5,13,369,
0,1,4,5,6,7,8,22,325,413,9,14,29,233,273,37,62,95,100,15,23,53,264,369,382,421,43,228,110,
8,
38,
4,370,
7,38,
59,26,119,76,12,40,70,292,
0,1,5,6,7,9,10,12,16,70,188,258,371,
0,4,5,6,7,11,22,10,16,70,371,
40,
0,5,6,10,12,
372,
372,
372,
0,1,4,5,6,7,8,11,9,14,181,10,33,82,92,42,372,98,172,206,
372,
0,1,3,5,6,7,8,11,13,22,88,325,9,14,58,26,80,10,12,33,37,92,133,16,260,358,42,125,372,39,373,
373,
0,4,373,
0,
373,
0,1,4,5,6,88,48,85,482,69,201,10,12,18,82,127,211,374,
1,5,48,85,127,407,374,
0,1,5,8,11,17,22,140,174,325,10,12,33,37,61,100,222,15,23,53,217,264,21,30,59,229,308,315,40,299,152,89,374,
1,5,48,85,201,127,407,374,
0,5,12,82,201,374,
8,130,330,65,15,16,86,23,40,148,253,375,
0,5,8,
0,5,
0,
0,1,4,5,8,13,130,297,330,231,311,86,148,253,375,
376,
0,4,5,6,376,33,62,
0,1,4,5,6,8,88,48,482,10,33,133,376,
0,1,4,5,6,8,376,33,
0,4,5,6,10,33,67,376,
4,5,201,377,
0,5,6,10,12,18,48,69,201,377,
0,1,4,5,6,8,31,88,201,377,
4,5,201,82,377,
0,1,4,5,6,8,12,378,
0,1,4,5,6,8,12,378,
0,5,8,378,
0,1,5,6,8,47,80,10,12,37,55,61,67,82,378,
0,4,5,8,120,12,378,
63,133,205,104,
0,1,4,5,6,8,63,
0,5,33,379,
5,379,
0,4,6,7,86,380,
6,8,13,86,
7,13,380,
6,13,
0,6,13,86,
107,9,83,111,224,381,
1,107,
0,3,5,26,80,376,260,286,171,381,
5,13,382,
5,6,382,
8,382,
5,8,382,
0,1,4,5,8,9,14,462,26,21,54,90,67,70,382,76,478,
11,
0,1,5,6,8,11,13,17,249,383,
0,
1,11,13,383,35,273,23,
6,9,
0,1,3,7,13,22,9,14,20,384,
4,5,8,
1,4,6,22,9,14,10,16,27,83,107,287,202,137,196,360,384,
384,
5,6,385,107,388,111,381,177,
0,
0,1,3,5,6,11,17,14,26,10,16,70,44,30,59,40,76,128,129,104,385,
30,
6,8,13,30,385,346,10,28,362,111,
4,386,
4,386,
4,386,
4,386,
4,386,
0,1,4,5,7,8,11,17,46,29,184,231,233,482,21,135,300,387,422,12,37,67,96,127,211,496,40,159,57,430,275,
5,387,
1,4,5,387,
0,1,4,5,11,29,482,387,61,
0,1,4,387,
388,
30,16,50,388,
6,16,388,
388,
16,388,
5,449,
5,6,389,
5,6,389,10,
5,10,
5,
82,
0,1,6,8,11,13,60,199,
9,391,
1,9,391,
0,5,60,
6,13,60,
0,1,5,8,13,15,37,100,23,45,53,392,
0,1,5,8,13,24,325,413,37,23,53,264,392,
0,1,5,8,13,24,37,100,15,53,392,
8,
8,
393,
393,
0,1,4,5,22,393,
0,
0,1,4,150,393,
13,
13,
394,
394,
0,6,13,394,
5,395,
6,10,55,
5,6,9,10,55,30,
5,10,55,218,395,
0,4,5,396,
0,4,396,
4,396,
0,1,4,5,88,396,
0,1,4,7,
0,6,13,86,232,397,
397,
0,6,8,397,
0,6,397,
0,8,397,
4,5,31,398,10,
4,5,398,
1,4,5,7,14,21,398,
0,4,5,88,69,120,201,398,
80,
80,
3,5,80,171,399,
3,80,
80,
0,6,8,13,29,35,157,18,28,62,87,362,30,57,72,400,
0,6,8,13,29,35,157,28,49,72,57,121,400,
13,28,400,
13,72,400,
13,
258,6,9,12,77,10,188,401,
11,12,401,
401,
401,
5,6,12,401,
0,1,4,5,14,402,
5,402,
0,1,2,4,5,7,88,14,231,154,69,120,201,300,398,402,
4,
469,
0,1,3,4,5,6,8,13,24,31,64,88,325,393,413,9,14,48,54,10,12,18,28,62,87,92,96,211,227,362,496,44,49,143,259,51,128,454,403,
0,13,403,
0,13,403,
6,
0,
0,1,4,5,6,7,8,11,13,31,64,150,156,165,167,325,413,9,14,32,35,482,36,21,54,135,154,204,235,307,311,346,10,12,18,33,37,63,87,92,96,100,321,362,16,70,73,161,188,258,358,394,27,42,44,49,23,107,30,59,98,40,57,76,121,128,454,26,43,149,138,254,404,
49,
404,
0,1,5,6,7,8,11,13,64,113,165,167,187,249,282,297,383,9,29,35,10,18,28,37,63,82,87,92,96,321,362,16,73,188,258,358,394,44,49,103,23,21,107,30,59,202,51,57,121,128,91,404,109,172,
404,
0,1,4,6,7,9,405,33,82,92,
82,
0,5,183,405,
405,
0,1,5,183,405,
0,442,
0,150,14,26,10,16,19,406,
0,1,4,5,6,7,8,11,13,22,174,297,330,9,14,29,35,493,21,114,469,10,12,37,61,80,16,70,73,77,161,394,23,41,59,308,98,193,442,40,26,43,65,292,406,
85,407,
0,4,7,113,147,
0,5,7,8,24,60,130,174,199,26,10,408,
408,
0,13,28,408,
0,13,408,
0,1,4,5,6,7,8,11,13,17,22,150,153,156,330,14,16,49,262,121,104,409,
0,
4,21,135,16,409,
16,409,
150,
23,410,
410,
23,410,
23,410,
23,
0,6,13,311,41,411,
0,6,13,54,311,41,76,411,
0,6,35,54,311,41,411,
0,6,13,54,411,
411,
10,412,
10,412,
10,412,
10,30,44,59,104,412,
104,
5,
0,1,5,6,8,13,325,413,
0,1,5,8,325,413,170,217,
0,1,4,8,13,60,209,213,36,21,10,18,28,62,87,362,259,30,59,229,16,51,128,232,84,296,158,430,313,334,495,
13,
6,
0,1,4,5,6,7,11,13,9,14,10,12,16,73,188,414,
415,
415,
415,
0,8,60,312,415,
0,1,4,5,7,8,11,79,150,167,213,280,312,367,393,14,58,179,181,405,462,21,90,114,37,63,67,127,42,348,421,59,308,98,74,84,302,104,373,415,435,
21,9,416,
9,21,416,
1,9,21,416,
1,9,21,416,
9,14,21,416,
1,6,7,187,9,14,20,32,21,164,10,12,92,126,188,258,27,42,83,198,416,417,
1,6,9,14,20,32,92,417,
1,6,14,42,417,
1,6,7,187,9,14,20,32,10,12,126,188,258,27,42,21,34,41,83,92,99,417,
14,21,42,416,417,474,
0,1,418,
418,
1,418,
418,
418,
0,1,8,
0,6,8,13,419,
13,
22,
41,
22,10,
9,41,420,
0,421,
0,1,421,
0,1,4,7,8,11,13,167,9,14,58,181,10,37,19,15,421,98,
0,421,
0,1,45,421,
0,10,67,
0,1,5,422,
0,4,5,6,88,90,422,10,67,
0,1,4,7,14,90,151,304,422,
0,1,5,6,22,424,10,28,33,27,162,23,83,423,
0,423,
0,423,
0,22,10,423,
22,
0,
0,
0,
0,1,4,5,6,8,13,31,88,165,325,424,448,
5,424,
425,
0,1,3,4,5,6,8,11,13,17,31,88,174,249,325,383,413,20,48,58,45,26,80,99,159,346,10,12,37,92,23,53,264,98,40,246,425,139,
1,11,9,
426,
84,
0,1,3,4,5,6,8,11,13,22,64,79,130,325,9,14,29,85,157,184,197,233,482,26,54,114,10,67,92,127,259,382,41,42,30,98,57,76,128,84,478,426,
426,
0,1,3,4,5,8,11,182,9,14,26,21,90,10,37,63,127,133,205,16,259,30,98,76,74,84,104,347,335,426,
5,14,33,427,
0,4,5,33,427,
5,14,427,
427,
5,427,
0,1,4,5,6,7,8,11,13,22,153,209,282,9,14,20,32,197,56,26,99,267,21,10,12,18,92,439,260,19,27,42,23,41,107,287,339,30,171,72,98,51,428,
0,6,260,428,
80,428,
5,22,428,
0,1,4,5,6,7,113,282,325,9,14,48,134,197,462,26,80,159,169,114,10,12,18,28,33,55,61,82,225,238,362,16,77,260,19,27,42,44,49,68,75,101,116,119,291,310,323,328,357,264,287,30,50,59,81,110,111,171,185,224,276,298,361,483,388,51,94,106,132,428,
4,14,21,135,429,
1,429,
0,21,429,
4,429,
429,16,
36,
0,
0,2,4,36,
36,
0,6,
5,
8,233,55,353,
0,1,5,8,233,346,10,37,55,353,431,
0,1,6,11,9,14,16,73,431,
6,8,
0,3,4,93,15,26,154,159,432,14,222,300,12,19,139,365,208,
3,169,432,
3,26,80,159,195,244,432,
5,205,433,
433,
0,2,4,5,6,7,8,13,22,31,64,187,47,14,34,69,222,290,398,10,12,18,28,33,48,61,62,80,82,92,95,127,238,362,439,9,126,188,258,19,27,42,75,116,20,41,123,434,102,26,98,302,484,139,
0,1,2,4,7,22,14,56,93,10,19,27,434,51,144,139,105,472,
7,33,27,75,434,
9,434,
435,
435,
84,
0,6,14,10,16,30,59,26,74,84,104,192,435,
435,
1,
436,
436,
436,
436,
5,437,
5,6,7,22,10,437,
0,1,5,
0,1,4,
1,5,6,7,22,10,437,
0,5,438,
0,4,5,438,
0,4,5,438,
0,1,4,
0,438,
0,4,5,6,10,12,33,62,82,92,439,
0,4,5,10,62,439,
5,
0,1,4,5,6,8,31,88,48,85,482,47,80,376,10,28,33,55,61,62,82,133,227,238,270,362,439,
3,
0,1,4,5,6,31,88,12,225,
1,
3,
0,1,6,
0,1,6,11,442,
11,16,442,
442,
0,1,6,8,11,35,72,442,
1,198,
0,1,4,6,7,8,11,13,9,29,35,54,12,18,28,62,82,87,286,362,49,15,23,41,107,198,72,450,51,57,129,200,443,
198,
198,
0,1,3,4,5,6,7,8,11,13,64,130,9,14,29,32,48,157,285,15,26,54,10,12,18,28,55,61,62,82,87,286,16,188,215,27,42,116,53,39,41,107,118,198,287,30,171,72,40,450,51,57,137,232,284,443,
0,130,297,330,58,19,59,444,
0,4,7,297,84,444,
1,5,6,8,11,13,9,14,10,67,92,16,264,42,59,26,74,444,
1,58,84,415,206,444,
0,11,150,14,181,10,59,26,444,
8,13,165,49,
8,13,165,49,
0,5,8,13,165,
0,4,5,6,8,445,
0,1,4,5,6,7,8,11,31,187,9,20,21,69,108,10,12,16,188,258,260,44,291,354,
0,5,6,22,
19,
12,6,5,48,211,447,
5,6,12,40,447,
5,6,10,12,28,55,95,238,447,
5,6,17,402,12,19,143,102,447,
5,323,
0,1,5,6,8,13,448,
0,8,13,49,
0,1,6,8,13,167,187,448,9,14,35,164,12,70,73,126,188,258,27,41,92,51,216,
0,1,4,5,6,7,8,11,13,24,64,113,150,167,187,282,419,448,
5,
5,13,10,449,
5,13,332,28,449,232,400,
5,10,449,
0,1,5,6,13,9,69,10,12,70,77,394,449,
10,449,
12,
450,
6,450,
5,6,12,450,
12,
6,
4,6,7,9,451,
0,1,3,4,5,6,7,13,17,182,9,14,20,80,154,159,193,300,10,12,82,70,188,258,260,19,44,451,287,40,
159,
451,
36,21,135,16,43,452,
4,14,36,21,135,16,43,452,
16,
452,
16,
7,453,
0,1,22,453,
0,6,7,13,213,480,69,86,453,
7,86,453,
86,
4,7,11,13,60,130,167,174,312,14,108,114,10,42,372,30,59,454,
454,
5,
454,
7,372,454,
0,5,13,24,307,
0,173,
0,8,60,199,272,10,170,217,59,129,40,117,173,
0,3,20,467,15,26,159,195,295,456,
3,8,24,15,456,12,45,
3,
0,80,376,456,92,
0,80,195,376,456,
1,3,4,5,6,7,8,11,13,22,24,64,130,150,165,174,182,187,297,325,383,393,9,14,26,54,114,67,133,16,42,23,259,264,348,30,98,74,84,104,173,347,415,192,435,
84,
84,
204,
13,458,
13,
0,
0,1,2,4,5,6,7,11,13,156,297,9,14,29,482,36,166,21,69,135,204,429,16,416,43,65,452,91,149,458,
5,8,15,45,259,
0,13,49,
0,1,4,5,6,8,11,13,17,24,60,249,312,325,383,413,14,35,405,462,45,54,273,346,10,33,82,92,100,286,16,49,23,217,259,348,59,72,98,129,459,268,
0,1,4,5,31,91,
0,1,5,
93,
0,1,2,4,5,7,14,93,12,19,51,144,460,
0,1,4,5,9,14,26,92,19,98,460,
0,1,4,5,6,17,9,14,12,33,188,19,93,139,460,
0,1,4,5,6,7,8,11,13,150,14,181,21,135,33,16,358,262,30,98,76,121,128,26,43,104,461,
0,5,6,11,13,22,150,9,14,108,10,133,16,44,30,50,59,343,98,121,84,104,409,210,220,412,461,
7,14,21,135,6,10,11,13,16,358,42,262,30,50,150,461,
30,412,
54,30,462,
5,9,462,10,30,
5,6,182,325,9,462,54,10,28,55,61,238,362,264,30,59,
5,6,22,9,462,54,114,10,42,122,287,30,44,59,
10,
1,5,6,48,322,10,278,40,402,175,463,
5,130,297,9,48,322,39,101,171,264,38,463,
0,1,3,4,5,9,14,20,48,467,26,99,195,267,322,402,12,16,175,463,
0,1,5,6,11,22,325,9,48,462,56,193,322,54,114,10,28,61,238,362,39,122,59,81,101,171,224,278,40,463,
0,1,4,5,6,8,88,80,376,69,10,12,33,55,61,92,286,464,
0,5,8,80,12,464,
5,8,10,286,464,
5,8,10,
0,1,4,5,6,11,13,9,20,29,21,25,54,135,204,10,18,28,61,87,362,16,44,49,101,41,50,57,94,465,
0,1,5,6,8,13,31,182,29,10,61,62,63,69,82,95,70,71,77,23,49,50,76,121,40,97,401,465,
28,
0,5,6,7,11,77,10,16,73,97,50,324,465,
6,17,28,71,77,324,40,138,240,465,
1,466,
0,13,
466,
1,466,
466,
0,4,9,467,
0,20,58,467,
0,1,3,5,58,467,80,99,267,
467,80,37,115,
5,58,467,
5,64,9,468,92,351,269,
5,468,
0,1,4,5,6,7,8,9,58,468,92,
0,1,5,6,8,9,468,
0,1,5,6,8,468,
469,10,308,
469,
21,469,
0,5,469,
4,469,
1,4,5,9,7,12,19,144,241,337,470,
44,
0,5,6,7,9,10,77,
44,7,241,470,
44,
0,1,5,
190,
190,
0,4,297,20,29,21,250,19,185,38,471,370,65,320,
0,6,9,
472,
472,
12,472,
472,
0,1,2,3,4,5,6,7,11,13,22,150,174,182,9,14,20,32,48,181,285,418,462,467,93,26,80,99,154,267,21,25,69,114,164,201,307,402,10,12,18,28,33,37,55,61,82,92,238,16,70,73,126,188,19,27,42,44,49,101,23,41,107,30,171,434,40,294,472,
6,13,18,
0,1,5,6,8,25,201,10,12,18,62,87,96,
0,5,6,8,13,10,
6,13,
13,18,
9,
6,9,12,474,
1,9,12,474,
1,6,7,187,9,14,20,32,99,41,287,474,
9,
0,1,5,130,182,9,48,90,114,10,28,39,30,16,175,
39,
476,
6,476,
0,7,13,9,56,19,44,68,18,51,388,476,
6,
1,5,6,130,297,330,9,36,10,16,40,65,476,
6,
0,1,4,5,6,7,11,22,9,14,10,16,73,30,26,74,207,
6,16,30,
6,156,16,30,388,
0,1,3,5,6,7,8,11,13,79,130,150,156,199,9,14,26,10,33,67,16,70,73,44,21,41,287,30,59,171,57,76,74,84,104,94,207,
1,9,14,76,26,478,
478,
478,
0,1,4,5,6,8,13,22,182,325,9,14,462,26,21,54,69,114,307,10,12,28,55,61,82,238,362,70,77,19,42,49,23,264,382,41,107,30,50,59,110,40,76,478,283,
4,9,478,
5,479,
479,
479,
479,
479,
0,4,5,6,7,8,480,69,86,
0,1,4,5,6,7,8,11,13,17,22,64,174,213,282,325,383,413,480,
0,4,5,6,7,8,13,213,480,
0,4,5,6,7,8,13,64,113,213,282,480,
0,5,480,
159,
159,
16,
6,14,26,16,481,
0,1,4,5,6,8,11,13,60,150,156,312,14,48,21,25,135,12,33,67,16,71,73,19,30,342,26,74,481,94,389,
0,1,4,5,6,482,18,
1,13,29,482,21,
0,1,4,5,6,482,
0,1,4,5,6,482,
0,1,4,5,6,482,10,18,28,362,
5,6,9,10,77,42,44,101,122,483,
0,1,4,5,6,8,22,31,
6,9,
5,6,10,77,122,483,
5,6,9,10,42,44,101,122,483,
0,22,27,434,484,
10,256,
1,7,22,9,14,484,290,12,19,27,75,103,93,241,434,
10,
0,1,2,3,4,5,7,17,22,9,14,48,418,47,56,93,290,10,33,62,92,439,27,75,484,
485,
6,485,
0,183,485,
485,
3,12,40,485,
0,
0,
0,3,26,195,
0,1,2,4,5,6,7,8,11,13,88,153,486,
5,487,
0,1,2,3,4,5,6,8,11,13,17,22,24,31,60,88,130,140,150,165,174,182,187,249,297,312,325,413,9,14,20,32,58,467,15,26,80,99,154,159,267,21,108,120,164,346,429,10,12,37,100,16,70,260,23,264,41,72,19,487,
0,3,5,22,150,484,80,83,376,33,497,472,487,
487,
14,
45,
45,
0,1,5,183,197,405,
0,1,5,6,8,13,130,182,9,462,489,10,28,55,362,56,
22,197,
0,1,5,6,9,
8,
0,1,5,8,24,325,413,490,
0,1,5,13,490,
0,8,13,49,490,
0,1,5,8,13,
80,
0,3,5,6,8,11,22,140,174,80,260,12,23,491,40,
0,1,2,3,4,5,6,8,11,22,88,182,187,325,9,14,26,80,99,154,193,267,21,54,69,114,120,222,346,33,37,55,61,67,16,260,23,171,98,491,40,115,351,
0,3,4,5,6,8,13,17,64,79,130,174,297,15,20,26,80,99,154,159,193,14,12,67,9,16,19,72,491,40,
0,1,6,11,37,23,491,
0,1,4,5,6,7,8,11,13,31,46,64,88,187,9,14,48,468,482,21,25,222,398,10,12,33,37,92,95,127,211,376,188,42,98,246,492,172,139,
5,
0,1,4,5,6,11,31,9,35,181,21,37,82,92,321,49,98,91,492,172,139,433,
1,5,6,22,9,462,493,
0,1,4,6,8,11,13,130,330,14,20,29,35,85,157,181,493,26,193,469,10,12,33,62,82,16,70,73,278,57,76,38,253,
493,
0,1,2,3,4,5,6,7,8,11,13,17,22,64,88,113,130,150,174,183,187,297,330,419,9,14,20,48,85,285,482,493,93,26,154,159,193,376,21,25,69,201,204,222,307,398,402,12,18,28,33,55,61,62,82,87,211,225,16,70,73,188,258,260,394,489,19,27,42,143,310,323,40,76,284,38,
6,10,278,
7,44,
0,5,13,
0,5,6,7,13,10,18,51,494,
0,
0,
8,259,348,
8,
0,1,8,
0,6,10,496,
0,1,4,5,6,8,31,88,48,482,69,10,12,18,28,55,61,62,63,96,100,211,227,321,496,
5,6,10,63,96,227,496,
5,
497,
0,1,3,4,5,6,7,11,17,22,9,14,26,80,21,90,114,151,10,12,33,55,61,82,16,70,188,258,260,27,42,59,23,98,40,76,65,210,497,
497,
0,22,484,10,27,
0,1,4,5,6,7,11,13,17,22,182,9,14,157,231,272,26,21,135,151,290,16,70,19,27,23,294,210,484,487,
9,151,41,498,
6,9,19,143,
0,13,9,26,41,498,
41,
0,1,5,6,7,69,10,12,18,71,77,499,
6,
1,5,11,188,260,499,
5,11,188,260,499,
0,4,5,
