0,
0,
13,
8,
13,
0,
1,
273,
233,
5,
45,
0,
0,
0,499,
7,
20,
0,
0,
244,
80,
273,
5,
235,
120,
0,
5,6,
5,
5,
57,
10,
7,
11,
6,
258,
77,
7,
7,
7,
282,
7,
5,
8,
8,
23,
8,
39,
9,
10,
9,
9,339,
10,
10,
238,
10,
10,
0,
0,
11,
11,
6,
6,
224,
12,
285,
7,
86,
13,
13,
0,
10,
16,
347,
258,
9,339,
205,
23,
15,
148,
23,
24,
6,
50,
16,
16,
50,
11,
11,17,
11,
11,
17,
10,
18,
7,
0,13,
18,
7,44,
93,
7,
10,
148,
38,
31,
233,
10,
238,
135,
43,
21,
21,
21,
28,
22,
10,238,
5,
10,
11,
23,
23,
11,
148,
5,
24,
8,
23,
13,
7,
25,
25,
13,
10,
6,
14,
0,
3,80,
10,
7,
228,
99,10,
10,110,
7,
28,
152,
238,
238,
28,
57,
57,
21,
21,
13,
30,
30,
30,
30,
30,44,
31,
31,
31,
38,
5,
7,
0,
202,
233,
1,
10,
33,
305,
11,
0,
31,
34,
34,
31,
20,
13,
0,
0,
13,
10,
16,
175,
16,
21,416,
16,
8,
1,8,
8,
8,
23,
38,
149,
28,
38,
38,
1,
160,
3,
23,
276,
70,40,
10,
10,
6,
70,40,
10,
9,339,
9,339,
258,
10,
10,
99,
7,
0,
258,
23,
6,
43,
23,
149,
44,
44,
44,
44,
256,
26,
45,
5,
8,
120,
5,
7,
11,
11,
5,
23,
47,
13,
5,
6,
17,
12,
9,339,
85,
325,110,
71,49,240,
10,
7,
7,
4,
50,
238,
28,110,
0,
13,
13,
110,
10,
10,
13,
28,
187,
238,
13,
12,
10,
450,
10,
285,
273,
273,
54,
10,
13,
238,
5,
258,
7,
55,
13,
16,
2,
56,
2,
110,57,
57,
110,
10,
57,
8,
17,
58,177,
177,
58,
10,
0,
28,171,
10,
59,
0,
238,
59,
6,
24,
5,6,
13,
5,
5,
61,
13,
13,
191,
28,
10,
8,
238,
110,57,
382,
5,
16,
13,
4,
57,
10,
6,
13,10,16,57,
57,
4,16,
297,
10,
10,
238,
10,
496,
11,
5,
0,
0,
10,
7,
7,
13,
7,
110,
6,
10,
218,
57,
6,
70,40,
10,
6,
10,
5,238,
7,
499,
6,
240,
401,
13,
13,
198,
198,
10,
267,
10,
258,
293,
74,84,
10,
6,
13,
10,
10,
10,
33,
55,
13,
325,110,
13,
28,
110,
6,
110,
6,
6,
6,
11,
11,
90,
18,
17,
79,
79,
43,
10,
79,
5,
6,
6,
80,
6,
10,
44,
81,
10,
20,
7,
5,
7,
7,
44,
83,
5,
10,
27,
83,
84,
84,
133,
84,
84,
85,
85,
6,7,
4,
11,
13,
86,
75,232,
10,
13,
13,
28,397,
5,
10,
238,
0,
5,
10,
238,
28,
5,
10,
55,
6,
10,
7,282,
5,
187,
25,
25,
416,
7,
5,
13,
91,
10,
479,
10,
92,
10,
1,
9,339,
93,
397,
8,
13,168,
110,
31,
110,
233,
290,
95,
5,
95,
95,
57,
57,
10,
13,
5,
0,
5,
55,
6,
0,
10,
10,
3,80,418,
1,250,38,
160,
10,
10,
99,
258,
10,
44,
44,
5,
7,
7,
7,
9,
125,
27,
258,
10,
27,
233,
103,
7,104,
7,
28,
104,
5,
30,
6,
10,
15,
7,434,
15,
0,
9,
10,44,
44,
44,
0,
44,
27,
10,
3,80,
9,339,
10,
6,
7,
0,
5,
16,
10,
14,
72,
240,
10,
10,
110,
110,
0,
110,
10,
8,
13,
10,
10,
7,
0,14,
200,
24,
24,
7,
13,
44,
10,
0,
0,6,
16,
4,
0,
54,
8,
115,
37,
44,
37,
483,
10,
95,
85,
7,
238,
277,
7,
238,
8,
10,
11,
10,
1,
3,
10,
110,
449,
6,
120,
120,
6,120,
120,57,
120,
10,
13,
13,
13,
7,
10,
10,
7,
229,
10,
10,
5,
10,
81,
10,
11,
378,
124,
12,
6,
125,
7,
125,
7,
125,
9,339,
10,258,
10,
10,
6,
10,
0,
5,
8,
128,
30,
128,
44,
198,
86,
28,
13,
13,
13,
110,
10,
9,41,339,
130,
238,
10,
10,
13,
10,
13,
44,
1,
335,
132,
44,
10,
10,
238,
205,
13,
6,
6,
6,
10,
134,
120,
6,
0,
4,
16,
7,
28,
282,10,
0,282,
13,
22,
13,
83,
10,
10,
110,
5,
5,
5,
17,
10,
479,
0,
2,92,
11,
7,
8,
7,
110,
10,
125,
110,
200,
8,
0,
54,
10,
13,397,
54,
10,
10,
13,
13,
93,
13,
13,
13,
6,
13,
86,
10,
10,
7,
0,
11,
10,
7,
6,
6,
7,9,339,
282,
148,
6,
7,
148,
6,
10,
23,
149,
57,
0,
220,
150,
6,
6,
13,
13,
0,
469,
0,
0,
13,
30,
30,
10,
10,
13,233,
44,
0,
0,31,
384,
0,
208,
120,
13,10,
13,
7,
19,
7,
10,
6,11,
57,
57,
10,
13,
57,
5,
10,
13,
30,
4,
16,
416,
13,
17,
5,
132,
159,
12,159,
10,
10,
192,
160,
160,
21,
6,
10,
10,
120,
162,
7,
162,
0,
162,
5,
92,
0,
58,
1,
10,416,
9,339,
31,
0,
10,
165,
282,
10,
28,
7,
18,
10,
10,
13,
0,24,
231,250,
0,
200,
250,
13,
10,
168,
10,
168,
120,10,110,
10,
5,
2,
44,
16,
117,
59,
59,
10,
59,
10,
10,
171,
10,
10,
9,339,
0,
20,
10,
7,
173,
10,
24,
59,
10,
23,
282,
13,
0,
10,
258,
85,
0,
36,21,
1,
160,
160,
120,
23,
1,
177,
108,
17,
343,
5,
10,
5,
33,
5,
393,
6,10,
393,
16,
1,
13,
165,
0,
7,
6,
416,
6,
7,
0,
30,
10,
11,
110,
10,
0,
11,
7,
7,
1,
11,
184,
13,
6,
10,
10,
10,
10,
120,
7,
125,
7,
231,
187,
3,10,
187,
10,
187,
258,
0,
9,339,
24,
7,
10,
378,
217,190,
30,
5,
33,
190,217,
7,
7,
191,
125,
7,
24,
10,
238,
238,
120,
11,
13,
3,
6,
0,
258,
27,
1,
1,
0,6,
17,
10,
3,80,
3,
83,
0,
162,
9,
0,2,
13,
5,
13,
44,
198,
233,
110,
110,
10,
10,
59,
10,
44,
120,
120,
57,
44,
8,
25,
88,
10,
0,
0,
258,
0,
233,
11,
6,
7,
5,
218,
110,
10,
7,
204,
6,
23,
24,
5,
55,
10,
24,
205,
84,
1,
348,415,
10,58,
206,
88,41,
10,238,
13,
30,
30,
208,
80,208,
45,
208,
208,
11,
44,
10,
11,
44,
86,
162,
0,282,
10,
10,
10,
9,339,
10,
143,
10,
10,
6,11,
6,
273,
128,
0,
297,
7,
7,
325,
120,
10,
7,
6,
72,
198,
6,
6,
13,
13,
416,
21,
10,
10,
120,
217,
10,
10,
10,
5,
218,
6,
6,
24,
24,
469,
0,
13,
6,
13,
5,
0,
12,
110,
208,
208,
6,
0,
120,
8,
217,190,
5,
200,
12,
285,
258,
10,
5,
134,
5,
0,
55,
10,
110,
110,
10,
110,
5,
233,
10,
57,
57,
110,
10,
6,
228,
110,
10,
171,
259,
238,
30,
217,
8,
190,217,
0,
6,18,
0,231,
6,
0,
6,
0,
5,
13,
397,
13,
13,
233,
309,
110,
57,
57,
1,
234,
9,339,
10,
234,
6,
8,
282,
16,
8,
7,
10,
9,339,
7,
0,
10,
6,
6,
30,
238,
6,
238,
238,
6,
6,
239,
6,
258,
6,
6,
240,
5,
44,
16,
241,
329,
44,
0,
10,
238,
10,
10,
59,
3,80,
12,
322,
20,
20,
13,
397,
8,
28,
10,
258,
41,425,
246,
246,
17,
5,
11,
233,
247,
353,
238,
10,
177,
0,
10,
28,
6,
0,
16,
187,
6,
13,
38,
110,
110,
110,
23,
44,
27,
23,
23,
44,
6,
1,
253,
5,201,
85,
40,70,
110,
31,
20,
31,
10,
10,
10,
10,
10,
31,
10,
16,
7,
80,
16,
58,
0,
10,
6,
499,
10,
240,
259,
259,
8,
348,
0,
6,
6,
3,80,
6,
6,
13,
6,
4,
23,
13,
13,
1,
150,
149,
416,
31,
149,
21,
10,44,
5,
171,
28,
238,
238,
238,
23,
23,
165,
13,
23,
3,
31,
3,31,80,
10,
0,
240,
0,
92,
16,
13,
21,
393,
5,238,
378,
10,
120,238,
10,
110,
110,
110,
110,
110,
59,
10,
59,
10,
59,
23,
273,
273,
13,
6,
21,
21,
0,
16,
17,
0,
202,
9,
300,
10,
276,
10,
10,
10,
238,
238,
238,
277,
238,
23,
6,20,
17,
10,
278,
55,
218,
10,
10,
218,
7,
31,
6,
282,
133,
282,58,
125,
58,
281,
125,
7,
7,
10,
282,
7,
148,
11,
10,
23,
10,
13,
13,
5,
20,
285,12,
285,
285,
27,
5,
198,
5,
286,
99,10,
10,
20,
10,
110,
10,
257,
110,
6,
10,
10,
44,
5,
7,
10,110,
59,
5,
0,
6,
5,
0,
238,
7,
44,
7,
7,162,
6,
70,40,
7,
6,
12,
233,
110,
293,
205,
293,
44,
22,
10,
5,
22,
95,
28,
276,
110,
8,
0,
8,
6,16,
21,273,
297,
23,
21,
5,27,
10,
10,
5,
229,
273,
55,
208,
6,
45,
273,
120,
0,
88,
0,
13,198,
198,
1,
9,339,
10,
55,
5,
120,
57,
4,
4,
273,
291,
0,
273,
13,
304,
120,
33,
33,
0,
282,
6,
0,
282,
70,
70,40,
10,
10,
308,
1,
10,
7,
233,
233,
31,
6,
7,
7,
7,
205,
6,
231,
110,
7,
13,
7,
10,
378,
11,
74,
6,
10,
8,24,
13,
6,
313,
0,
120,
28,
0,
7,
229,
238,
10,
229,
30,
59,
10,
12,
316,
110,
258,
317,
0,44,
44,
7,
11,
10,
160,
9,339,
120,
273,
4,
0,
120,
80,
38,
38,
320,
80,
7,
135,
8,
135,
10,
1,
3,80,
10,
3,80,
3,80,
5,
7,
27,
7,
7,
30,
30,
315,
10,
54,10,
44,
8,
8,
10,
8,10,
224,
7,
224,
7,
49,
16,
10,
327,
10,
208,
13,
16,23,
7,
7,
7,
44,
10,
112,
13,
6,
0,
6,
10,
7,
0,
33,
10,
0,
10,
258,
10,
238,
88,
0,
0,
120,
0,6,
10,
59,
191,
205,
205,
335,
8,
335,
1,
285,
7,
16,
6,
7,
29,
201,
7,
71,
198,
258,
240,
9,339,
9,339,
416,
238,
10,
86,
86,
7,
10,
13,
1,
38,
38,
7,
11,
27,
6,
177,
55,
10,
10,
10,
205,
205,
205,
205,
10,
5,
5,
10,28,
5,
10,
259,
8,
0,
9,339,
90,
9,339,
258,
10,347,
24,
8,
11,
348,
23,
7,
58,
31,
20,
31,
249,
16,
70,40,
16,
37,
37,
58,
125,
11,
9,339,
110,57,
5,
16,
6,238,
218,
28,
353,
353,
240,
6,
31,
31,
0,
10,
6,10,
7,
30,
10,
5,
9,339,
8,
8,
10,
343,
177,
10,
343,
49,
13,49,
7,
358,
13,
205,343,
343,
10,
256,
6,
20,
4,
10,
10,
20,
10,
10,
10,
0,
59,
10,
238,
6,
5,
218,
7,
12,
93,
13,
7,
4,
0,
177,
177,
1,
45,
3,80,
26,
80,
128,
10,
128,
10,
28,
20,
20,
10,
16,
79,
74,
74,
10,
1,
8,
8,
37,
8,
8,
1,
38,
38,
40,70,
258,
6,
10,
10,
372,
7,372,
13,
372,
13,
30,
88,
88,
0,88,
373,
5,
11,
11,
6,
10,
253,
5,
273,
23,
1,
5,
5,
6,
6,7,
7,
0,13,
238,
5,201,
6,
5,
5,
5,6,16,
5,
11,
7,
203,
10,
191,
86,
13,
86,
397,
10,
9,339,
10,
6,
8,
7,
10,
8,
110,
202,
6,
6,
13,
10,
416,
45,
5,
10,
104,
10,128,
10,
10,
28,
13,
273,
5,
386,
386,
4,
5,
235,
13,
4,
13,
44,
13,
6,
18,
13,
256,
44,
28,
5,
7,
10,
3,
258,
13,
10,
6,
8,
8,
8,
8,
273,
0,
393,
5,
11,
200,
13,
44,
13,
13,
7,
229,
325,110,
7,
0,
28,
0,
10,
273,
397,
75,
10,
10,
13,
5,
120,
4,
120,
80,
10,
80,
6,
5,
397,
8,
13,247,
13,
148,
10,
5,198,
401,
110,
401,
21,
120,
297,
120,
4,
110,57,
10,
10,
198,
229,
7,
10,
7,
10,
49,
7,
7,
13,
9,
202,57,
10,
27,
10,
9,
7,
297,
24,
10,
13,
7,
5,
16,
16,
21,
410,
23,
23,
0,
23,
10,
13,
10,
10,
13,
59,
84,
412,
44,
16,
24,
8,273,
24,
8,
8,
0,
10,
444,
59,
59,
5,
13,
416,
160,
23,
416,
416,
416,
417,
3,
9,339,
9,339,
11,
290,
233,
1,
290,
0,
13,
13,
22,
41,
10,
10,
8,
28,
7,
8,
24,
5,
1,
120,238,
0,
6,
10,
0,
83,
6,23,
6,
6,
11,
282,
10,
41,
6,
37,
84,
8,
8,
205,
205,
190,217,
7,
238,
28,
44,
13,
7,
44,
5,
10,
7,
7,
6,
13,
0,
23,
44,
297,
36,
128,
24,
273,
5,
21,
8,
208,
3,80,
3,80,
205,
205,
238,
282,
31,
0,10,
435,
16,
84,
59,
435,
14,10,
0,
0,
436,
84,
33,
33,
2,
1,
10,
4,31,
282,
282,
7,
5,
5,
10,
25,
273,
1,38,
6,
233,
80,
10,99,
10,
10,229,
10,258,
11,
110,
10,
16,
10,
198,
1,
259,
9,339,
84,444,
0,
7,
7,
5,
6,
31,
31,
10,
12,
7,
238,
11,
382,
13,
8,
13,
0,
8,
0,
238,
6,
7,
6,
17,
392,
18,
12,
450,
282,
416,
397,
159,
7,44,
16,
21,
16,
6,
16,
86,
7,
86,
13,
86,
13,
13,
110,
13,
13,
0,
173,
59,
3,
12,285,148,
322,
3,80,
3,80,
7,10,44,
84,
297,
204,
7,
13,
0,
43,
8,
8,
6,
4,31,
7,
93,
0,6,93,
434,
9,339,
13,
44,
7,6,
10,
10,
10,
10,
10,
171,
1,
3,80,
322,
10,
57,
198,
185,
6,
44,
5,
8,
44,
240,
13,198,
10,
26,
14,
0,
80,
1,
20,
197,
0,
92,
10,
0,
0,
0,
469,
273,
4,
21,
0,
93,
44,
1,5,
44,
44,
0,5,149,
238,
190,217,
38,
6,
472,
322,
80,
14,
238,
10,
57,
110,
10,
10,
9,339,
10,
9,10,339,
416,
10,
10,
0,
36,
13,
166,
13,
85,
10,
58,
10,
16,
10,
10,
10,
117,
259,
273,
10,
479,
479,
7,
40,
13,
13,
0,
0,
7,
17,
10,
16,
11,
74,335,
6,
31,
1,29,
110,57,
10,
10,
10,
10,
10,
10,
16,
217,
332,
256,
256,
11,
11,
1,
1,17,
17,
7,16,
6,
3,80,
0,
80,
0,
5,
6,
258,
45,
12,
1,
185,
233,
57,
8,
8,
5,
8,
7,
222,
6,
11,
6,
13,
92,
7,
9,
9,339,
6,
1,
143,
10,
7,
7,
10,
10,
282,
259,
7,
24,
10,
57,
5,
5,
10,
16,
16,
5,
6,
229,
125,
9,339,
347,
6,
499,
10,
393,
11,
