21,390,
9,
32,
107,
9,
9,
6,
6,
13,72,
130,
32,
6,
80,
459,
0,150,
12,
107,221,
22,286,
0,150,
15,
21,
82,
21,
69,
6,
9,
130,
199,
6,
30,
82,
82,
0,150,
9,21,69,
5,227,
22,
118,
62,
107,
21,
0,150,
9,
21,
21,
195,
9,
6,419,
130,
1,
9,
21,
0,150,
118,
9,
21,
0,150,
0,150,
13,72,
9,
9,
58,
80,
107,
107,
15,
0,150,
9,
13,72,
0,150,
15,42,
6,9,
286,
9,
9,
9,
21,
9,
21,
0,150,
21,
459,
69,
141,
9,
10,
9,
0,150,
0,150,
13,72,
6,13,72,
286,
0,150,
9,
0,150,
0,150,
9,15,
15,
15,
107,
0,
9,
130,
203,
9,
59,
9,
9,
9,
9,
9,
6,
13,72,
0,150,
6,
21,
9,
22,
9,
9,
9,
199,
9,80,
13,72,
9,
15,
9,
10,
0,150,
0,150,
130,
9,
9,
6,
5,227,
6,
13,72,
130,
9,15,
9,
22,
9,
9,
286,
80,
0,150,
459,
6,
9,
9,
459,
9,
0,150,9,
10,
0,150,
9,
9,
82,
1,
0,150,
21,
6,
150,
42,
5,
5,227,
21,
10,
9,
21,57,
459,
150,
286,
13,72,
82,
13,72,
26,
150,
9,
459,
6,
312,
130,
6,
130,
21,
21,
0,150,9,
21,
203,
42,
9,
9,
9,
82,
21,
6,
0,150,
15,
125,
0,150,
10,
9,
312,
80,
0,150,
10,
0,150,
141,
9,
22,
21,
0,150,
9,
6,
9,
9,
15,12,
9,
9,
9,
9,
9,
0,150,
21,
108,390,
21,
82,
27,
30,
80,107,
0,150,
6,
286,
13,
15,
0,150,9,
2,
82,
104,
80,
13,72,
130,
9,
6,
286,
9,
9,
9,
21,
12,
9,
9,
82,
9,
13,21,72,
9,
21,
21,
9,
13,72,
5,227,
21,
21,
21,
9,
42,
9,
9,
0,150,
9,
13,72,
9,
80,42,
0,150,
9,
9,
0,150,
270,
0,
5,
21,
13,72,
13,72,
15,
21,
15,
13,9,72,
9,
9,
118,
0,150,
9,
9,
0,150,
19,
130,
10,
0,150,
9,
0,150,
9,
9,
381,
312,
21,
9,
21,
13,72,
9,
6,
9,
0,150,
21,
9,
0,150,
30,
21,
6,
107,
9,15,
107,
59,
80,286,107,
5,
199,
15,
6,
6,
286,
39,
9,
26,39,
118,
9,
0,150,
21,
0,150,
9,
381,
107,
1,
34,107,
9,
0,150,
13,72,
13,72,
10,
10,
9,
9,
150,
82,
15,
0,150,
118,
82,
9,
118,
286,
15,
9,
6,
15,
80,
9,
21,
9,
10,
15,
130,
0,150,
10,
9,
27,
21,
286,
9,
21,
0,150,
9,
21,
9,
0,150,9,
0,
82,
21,
15,
130,
0,150,
199,
203,
21,
9,
9,
9,
9,
141,
21,
0,150,
21,
6,
9,
21,
9,
6,9,
58,224,
0,150,
6,
82,
21,
118,
9,
5,227,
9,
9,
82,
22,
9,
42,
199,
199,
0,150,
203,
0,150,
9,
15,203,
9,
0,150,
107,
58,10,
9,
489,
107,
0,150,
13,72,
0,150,
9,
130,203,
6,82,
165,
6,9,
42,
10,
21,
21,
1,
13,72,
15,
0,150,
9,
32,
21,
185,
92,
9,
9,
489,
286,
9,
13,72,
0,150,
13,72,
13,72,
69,
13,72,
21,
6,9,
15,
9,
0,150,
9,
130,
10,
0,150,
489,
150,
5,
80,
0,150,
9,
13,72,
42,
0,150,39,
130,
9,
130,
15,
9,
59,
6,
141,
0,150,
150,
6,
82,
9,
108,
0,150,
9,
10,
6,
130,
80,
1,13,72,
107,
107,
2,
3,
9,
0,150,
9,
4,
9,
13,72,
22,286,
0,150,
13,72,
21,
0,150,
9,
5,
0,150,
9,
21,
10,
9,
6,9,
0,150,
41,
10,
141,
21,
199,
9,
9,
9,
9,
9,
5,
21,
26,39,
21,
22,286,
0,150,
1,
13,72,
80,
0,150,
312,
59,
9,
9,15,
130,
9,
21,
118,
9,
390,
6,
69,
21,
9,
6,
9,
2,
0,150,
39,
5,
0,150,
0,150,
459,
9,
30,
21,
6,13,260,72,
13,
286,
6,
0,150,
30,
10,
9,
9,
15,
9,
1,
5,227,
5,
22,
10,
21,
26,39,
42,
9,
0,150,
15,
6,
203,
69,
6,
0,150,
9,
9,
286,
9,
0,150,
0,150,
72,
80,
9,
0,150,
22,
0,150,
6,
14,
10,
199,
5,227,
80,
6,
5,227,
9,
9,
9,
9,
199,
118,
286,
0,150,286,
9,
286,
130,
21,10,
15,
390,
69,
10,
9,
6,10,
9,
46,
0,150,
9,
9,
0,150,
9,
10,42,
6,
39,
9,
30,
22,286,
130,
15,
13,72,
6,
22,
21,
312,
9,
9,
9,
9,
62,
1,13,72,
21,
199,
13,72,
21,
10,
13,72,
6,
9,
9,
9,
0,150,26,141,39,
13,72,
9,
6,
21,
30,
21,
150,
0,150,
9,
27,
9,
0,150,
13,72,
5,227,
221,
9,
21,
9,
6,
0,150,
30,
9,
9,
5,
1,
82,
13,72,
9,
9,
130,
82,
0,150,
69,
381,
0,150,
80,
197,388,
26,39,
10,
3,
3,
0,150,
6,
107,
9,15,
286,
9,
336,
141,39,
0,150,
286,
381,
0,150,
80,
9,
9,
21,
9,
9,
0,150,
9,
13,72,
130,
130,
10,
9,
9,
9,
0,150,
9,
82,
9,
69,
9,
21,
0,150,
459,
0,150,
270,
9,
30,
21,
9,
13,72,
21,
9,
13,72,
130,
199,
286,
13,72,
9,
9,
21,
59,
10,
6,
0,150,
30,
0,150,
9,
21,
0,5,150,227,
185,
199,
82,
6,
10,
199,
9,
9,
9,
9,
0,150,
341,
130,
0,150,
312,
21,
9,
10,
9,
22,
21,
390,
130,
30,
9,
9,
221,
13,31,72,59,
203,
13,72,
0,150,
489,
203,
21,
26,
9,26,39,
141,
0,150,
21,
286,
0,150,
82,
312,
9,
15,12,
9,
9,
9,
69,
190,
130,
26,39,
9,
21,
21,
125,
13,72,
381,
80,
13,72,
6,
13,72,
21,
13,72,
21,
9,
10,
150,
21,
171,
10,
80,
30,
21,
13,72,
13,72,
69,
0,150,
130,
9,
9,21,
21,
21,
15,
0,6,130,150,
9,
9,
10,
42,
9,
9,
9,
13,72,
9,
30,
10,
9,
9,
62,
361,
9,
0,150,
21,
39,
6,
9,
9,
130,
203,
9,
199,
9,
15,
21,
9,
9,
203,
9,
199,
9,
5,227,
0,150,9,
0,150,
0,6,150,
21,
130,
130,
270,
5,227,
42,
21,
341,
32,
9,
9,
9,
0,150,
312,
0,150,
5,
80,
0,150,
6,
58,
9,
15,
9,
9,
9,
107,
4,
21,
107,
5,227,
21,
9,
13,
390,
5,227,
9,
21,
12,
1,
27,
21,
9,
58,
9,
0,150,
0,1,150,
9,
42,
203,
21,
82,
9,
9,
21,
5,227,
9,
0,150,
118,
0,13,72,
150,
58,
0,150,9,
10,
10,
286,
441,
1,
57,
9,
9,
0,150,
80,
9,
13,72,
10,42,
9,
130,
6,
9,
21,
15,
30,
259,
130,
312,
13,72,
10,
30,
2,
130,
0,150,69,
10,
286,
26,
30,
82,
82,
6,
13,72,
0,150,
0,150,
32,12,
118,
6,57,
118,
0,150,
0,150,
0,150,
9,
21,
6,
0,150,
9,
9,
9,
6,
15,
15,
0,150,
199,
0,150,
0,150,
270,
26,
0,150,
22,32,
9,
130,
9,
15,
9,
286,
0,150,
0,150,
69,
9,
9,
9,
118,
13,
80,
65,
21,
130,
10,
9,
0,150,9,
0,150,9,
21,
130,
5,227,
12,
1,
185,
82,
9,
130,
221,
82,118,
69,
27,
107,
9,
6,
57,
57,
0,150,
9,
221,
286,107,
5,
141,
0,150,
0,
6,
69,
259,
21,
100,
0,150,
107,
0,150,
9,
9,
9,
13,72,
13,72,
82,
21,
9,
13,72,
0,150,
9,
9,
15,
130,
1,
107,
0,150,
9,
5,227,
107,
30,
5,
9,
9,
9,
6,
9,
21,
9,
259,
13,72,
312,80,
9,
15,
80,
286,
9,
15,
0,150,
82,
10,
21,
286,
118,
10,
13,82,72,
13,9,72,
10,
80,286,
9,
9,
9,
9,
26,39,
130,
6,
0,150,
21,
107,
6,7,12,260,
286,
42,
221,
286,
286,
459,
22,
0,150,
150,
286,
0,150,
9,
15,12,
0,150,9,
0,150,199,
298,
107,
130,
90,
9,
9,
270,
9,
9,
10,
30,
130,203,
312,286,
0,150,
0,150,
0,150,
0,150,9,80,
21,
6,
21,
130,
130,
6,
9,
0,150,
0,150,
5,
15,
15,
141,
30,
9,
21,
203,
42,
30,
15,
58,
13,72,
22,
0,150,
130,
6,141,
9,
15,
286,
21,
9,
21,
199,
9,
6,
69,
9,
260,
6,
21,
42,
5,227,
199,15,
82,
10,
9,
0,150,
21,
0,150,
82,
13,72,
9,
9,
9,
0,150,
130,
9,
9,
286,
13,72,
10,
80,
9,
82,
30,
6,
59,
286,
9,15,
9,
13,72,
21,
42,
9,
21,
10,
6,13,72,
9,
286,
130,
270,
26,39,
0,150,
6,
9,
118,
22,
118,
0,150,
21,
13,72,
21,
21,
10,
57,
21,
80,
80,
21,
21,
395,
5,
0,150,
58,
0,150,
150,9,
13,9,72,
15,
21,
9,
9,
312,
9,
9,
312,107,
9,82,
118,
6,
0,150,
13,72,
141,
9,
21,
9,
0,150,
0,150,
15,
312,80,
6,
0,150,
9,
0,150,
6,
9,
9,
9,
9,
21,
69,
141,
69,
9,
13,72,
107,
12,
9,
13,72,
6,
0,150,
9,
199,
221,
9,
9,
80,
0,150,
9,
0,150,
9,
9,
0,150,
6,
0,150,
203,
73,
1,
82,
9,
10,
5,
82,
0,150,9,
15,
42,
13,72,
9,
69,
6,
118,
10,
13,
0,150,
69,
21,
30,
459,
150,
185,
286,
69,
10,
22,
390,
130,
130,
459,
9,
0,150,
0,150,
9,15,
9,
9,
158,
12,
0,150,
42,
10,
1,
9,
82,118,
30,
9,
9,
9,
21,
9,
6,
312,80,
0,150,
9,
286,
9,
5,227,
141,
118,
21,
0,150,9,
9,
9,
9,
0,150,
0,150,
6,13,
9,
221,
21,
13,72,
9,
9,
9,
312,
0,150,
0,150,
0,150,
0,150,
9,
130,
39,
141,
21,
13,72,
9,
9,
21,
9,
1,
69,
130,
141,
9,
0,150,
21,
10,
22,286,
82,
9,
9,
12,
57,
13,72,
221,
6,
9,
69,
0,150,
80,
9,
12,
1,5,13,72,
130,
40,390,
9,
459,
9,
22,
9,
5,227,
0,150,
0,150,
141,
6,
69,
32,40,
80,
9,
27,
130,62,
21,
9,
69,
118,
5,227,
5,
21,
26,39,
5,
0,150,
13,72,
5,
5,
90,
270,
13,72,
118,
0,150,
141,
0,150,
21,
9,
21,
9,
9,
9,
6,
9,
6,
82,
286,
13,72,
0,150,
9,15,
150,
10,
130,
0,150,
130,
69,
107,
73,
118,
2,
141,
208,
10,
5,10,
118,
0,150,
10,
141,
21,
10,
13,72,
21,
27,
4,
0,150,
388,
118,
0,1,150,
286,
6,
0,150,
58,
6,
69,
69,
9,
270,
2,
459,
459,
270,
130,
9,
1,
141,
118,
9,
130,
9,
9,
9,
130,15,
150,
69,
118,
13,72,
13,72,
9,
6,
118,
80,
9,
9,
9,
26,118,
10,
73,
9,
9,
130,
9,
22,286,
15,
9,
9,
13,72,
141,
80,
312,
6,
9,
0,150,
9,
27,
0,150,9,
3,94,
390,141,
9,
9,
27,
9,
0,150,
82,
260,
9,
80,
9,
0,150,
13,72,
107,
0,
9,
21,
6,
9,
9,
13,72,
80,10,42,
10,
0,150,
9,
0,150,
0,150,
9,
0,150,
130,
9,
15,
9,
9,
9,
4,
82,
58,
0,150,
9,
9,
9,
9,
69,
9,21,
10,
13,72,
171,
130,
6,
10,
82,
130,
9,15,
9,
9,
15,
21,
9,
270,
21,
130,
13,72,
9,
10,
259,84,
6,9,57,
9,
9,
9,
9,
6,
30,
5,227,
30,
5,
21,
21,
130,
9,
0,
21,
0,150,
22,286,
21,
489,
9,
259,84,
0,150,
9,
270,
459,
9,
0,150,
9,
9,
9,
22,286,
9,
21,
489,
9,
489,
130,
0,150,
82,
9,
80,286,
9,
381,
9,
0,150,
69,
62,
6,
9,21,
13,72,
9,
9,
9,
0,150,286,
69,
9,
199,
9,
9,
9,
26,
9,
9,
82,
6,
6,
13,72,
6,
9,
9,15,
0,150,
27,
9,
0,150,
9,
0,150,
130,
6,
260,
9,
10,
21,
21,
6,
15,
13,72,
15,
5,
150,
9,
9,
9,
57,
9,
15,42,
46,
0,150,
286,
0,150,
9,
15,
92,
6,
130,
6,
9,
21,
6,
9,
5,12,
15,
9,
286,
10,
9,
10,
286,
9,
13,9,72,
286,
73,
82,
9,
9,
312,9,
286,
9,15,
21,
9,
130,
9,
118,
118,
199,
9,
390,
9,
0,150,
82,
0,150,
13,72,
203,
0,130,
434,
21,
9,
69,
9,
0,150,
6,
130,
21,
13,72,
59,
130,
21,
0,150,
13,72,
286,
9,
489,
13,72,
13,72,
9,
0,150,
15,
0,150,
203,
13,72,
10,
21,
21,
130,9,
9,
130,
0,150,
107,
26,39,
6,
0,150,
0,150,
22,
82,
203,
21,
0,150,
15,
9,
21,
130,
9,
6,
15,12,
260,
32,
9,
459,
9,
9,
185,
459,
9,
459,
82,
21,
130,
69,
21,
6,
0,150,
10,
27,
286,
5,
10,
9,
5,
10,
80,
6,
6,
5,
21,
9,
130,
9,
21,
286,
9,
9,
0,150,
9,
9,
80,
69,
13,72,
5,227,
21,
12,
69,
150,
73,
9,
221,
118,
0,150,
0,150,
26,39,
9,
80,
21,
40,
107,
125,
159,
21,
3,
21,
30,
203,
118,
459,
40,
6,
459,
62,
21,
9,
9,
57,
0,150,
0,150,
27,
9,
489,
6,
5,227,
5,
5,227,
9,
0,150,
9,
69,
107,
150,
9,
286,
34,
80,
30,
82,
9,
489,
72,
9,
10,
13,72,
6,
59,221,
82,73,15,
21,
0,150,
150,
13,9,72,
9,
21,
0,150,
9,
10,
21,
59,
41,208,
21,
199,
0,150,
21,
21,
21,
0,150,
141,
9,
82,
9,
0,150,
82,
10,
0,150,
9,
13,72,
9,
9,
9,
9,
459,
6,
9,
9,
137,
13,72,
83,
21,
9,
9,
10,
9,
130,
0,150,
459,
130,62,
9,
286,
22,
9,
0,150,
130,
21,
13,72,
6,
199,
489,
381,
15,
130,
10,
9,
15,
9,
21,
21,
270,
21,
5,227,
26,
62,
2,
1,
6,82,
9,
118,
107,
82,
32,
118,
9,
9,
9,
9,
141,
21,
9,
6,
0,150,
6,21,
130,
459,
118,
6,
0,286,
6,
9,
21,
9,
9,
107,
13,72,
10,
0,150,
107,
0,150,21,
9,
9,
9,
21,
9,
9,
9,
73,
5,26,39,
259,84,
107,
5,69,227,
150,
0,150,
0,150,
21,
5,
67,
13,72,
5,227,
82,270,
13,72,
5,227,
30,
150,
21,
32,
26,65,
9,
9,
0,150,286,
82,
5,227,
9,
9,
80,
69,
21,
9,
6,
21,
69,
0,150,
9,
30,
26,39,
221,
337,
80,
9,
9,
5,
19,
27,
9,
259,
21,
312,
286,
5,12,227,
9,
80,
80,
13,72,
10,
9,15,
13,72,
15,
21,
13,72,
0,150,
6,
1,9,
6,
107,
0,150,
9,
10,
0,150,
10,
0,150,9,
9,15,
203,
15,
9,15,
10,
9,
9,
6,
413,
13,72,
69,
9,
58,
312,80,
80,
0,
150,
9,
199,
9,
21,
21,
32,
0,150,
286,
6,
22,286,
21,
9,
12,
34,286,
73,
0,150,
6,
13,72,
12,
26,
30,
21,
9,
9,
21,
6,
13,72,
80,
82,
197,
9,
118,
30,
9,
13,72,
13,72,
9,
0,150,
0,150,
9,
13,72,
51,
9,
6,9,
489,
10,
30,
150,
30,
130,
0,
9,
5,
80,10,
10,
0,150,
9,
21,
10,
0,150,
21,
30,
9,
10,
9,
22,286,
1,
0,150,
5,227,
312,
9,
9,15,
58,
21,
0,150,
9,
21,
9,
80,
9,80,
286,
312,
0,150,
15,
5,227,
0,150,
9,
9,
203,
434,
82,185,
46,
130,
9,21,
21,
21,
21,
0,150,
199,
5,227,
270,
9,
42,
270,
6,
286,
9,
9,
159,
0,150,
42,
9,
9,
30,
9,
40,
26,
15,
9,10,
9,
30,
9,
13,72,
434,
199,
69,
3,
9,
13,72,
80,
199,
5,
6,9,
9,
21,
286,
312,286,
150,
9,
21,
59,
15,
141,
0,150,10,
130,
30,
12,
6,15,
30,
9,
15,
0,150,
0,150,
5,
0,150,
9,
107,
5,
6,
80,
9,
0,4,150,
390,
141,
59,
0,150,
9,
9,
15,
80,
130,9,
13,72,
21,
312,
118,
0,150,
9,
6,
80,
9,
0,
80,
107,
13,72,
6,
390,
21,
10,
