393,
110,
6,
37,
110,
21,16,
23,
10,
13,
44,
13,110,
10,
10,
16,
393,
0,
393,
10,
229,
0,
10,
273,
469,
110,
5,
0,
6,
16,
5,
258,
10,
6,
393,
393,23,
6,
6,
9,339,
10,
10,
7,
0,23,
13,10,
8,
37,
8,
6,
416,
229,
10,
16,
0,
282,
10,
0,
110,
13,
13,110,
10,
23,
0,
30,
10,
6,11,
10,
10,
6,
0,
397,
397,
10,
44,
13,
23,
10,
0,
273,
0,
10,
13,10,
0,
273,
10,
23,
0,
13,
10,
10,
0,
416,
0,
10,
8,
110,
238,
273,
6,
28,
10,
6,
44,
258,38,
6,
44,
28,
10,
23,
44,
1,
273,
23,
13,
8,
10,
13,
10,238,
44,
6,
8,
0,
44,
8,
273,
273,
10,
10,
273,
10,
21,
6,
10,
110,
10,
13,
0,
0,
273,
8,
7,
238,
231,
6,
44,
5,
10,
37,23,
7,28,
23,
23,
6,
10,
401,
8,
7,
110,
238,
10,
6,238,
238,
6,
38,
57,
258,
273,
6,
13,99,10,416,
6,
8,
23,
273,
13,10,
11,
8,
6,
10,
13,
273,
44,
0,
11,
6,258,
10,44,
13,
23,
273,
10,
44,
10,
125,
8,
7,
0,13,10,
10,
258,38,
416,
228,
10,
0,
233,
10,401,
10,
13,
238,
10,
57,
13,
10,
10,
258,38,
10,
10,
13,
7,
282,
62,
23,
10,
1,
13,
0,
10,
13,
44,
229,
7,
7,
6,
0,
5,
10,
393,23,
10,
8,
13,
0,24,
20,
24,
0,
13,
416,
238,
16,
13,
16,
416,
10,
273,
13,
10,
8,
6,11,
10,
8,
44,
10,
37,
17,
10,
10,
13,10,
10,
54,
110,
7,
13,9,10,339,
10,
10,
10,
13,
273,
10,
10,
23,
273,10,
10,
4,
8,
10,
30,
10,
6,
217,
44,
238,
8,
110,
273,
10,
7,8,
13,
10,
23,
273,
10,
13,10,
110,
110,
44,
10,
0,
13,
7,
13,
10,
10,
10,
6,
8,
10,
13,
6,
0,
28,
7,28,238,
0,
7,
10,
8,
10,
110,
10,
171,
0,6,
23,
110,
10,
13,
6,
10,
57,
10,
10,
9,339,
0,
23,
28,110,
8,
10,
8,
10,
10,
416,
10,44,
10,
6,
10,
6,
10,258,
10,
282,
44,
10,
10,110,
0,
13,
6,
10,
10,
23,
10,
110,
10,
10,
198,110,
0,
13,
110,
23,
57,
6,
6,
5,
44,
10,
10,
6,437,
28,
13,10,
8,
8,393,
10,
8,
10,
5,
7,
273,
6,
397,
37,
10,
25,10,
13,10,
11,
23,
10,
10,
13,
13,
13,10,
6,
0,
6,
0,
258,
10,
6,
273,
10,
16,
13,
0,
6,
10,
44,
11,
110,
10,
10,
6,
8,
11,
10,
6,
13,10,
5,
238,
37,
0,
200,
110,
10,
10,
10,
8,
37,
13,
8,
37,
8,
10,
0,
10,
10,
10,
30,
13,10,
6,
10,198,
13,
110,
273,
7,
0,
291,
71,
11,
13,
208,
23,
8,
8,
11,
0,
1,
282,
13,
322,
200,
0,
0,
10,
44,
10,44,
208,
10,
8,
6,
37,
10,
10,
6,
10,
8,
0,
250,
6,
229,
297,
110,
7,
23,
13,
0,
198,
233,
0,
16,
7,10,
10,
7,
6,
8,
0,37,
4,
10,
10,
10,
297,
10,
23,
6,
7,
110,
273,
10,
282,
17,
10,
6,
20,
10,
6,
10,
13,
0,
6,
10,
44,
273,
0,110,
44,110,
44,
10,
10,
0,
10,
20,
13,
7,
177,
110,
37,
10,
10,
44,
10,
37,
10,
10,44,
10,
8,
8,
13,
10,
229,
16,
37,
8,
0,
120,200,
7,
44,
10,
120,
10,
297,393,
8,
0,
282,
10,
9,339,
37,
8,
10,
273,
5,
5,
258,
110,
10,
256,
0,13,
200,
10,
20,
10,
171,
7,11,
44,
0,
10,
10,
8,
10,
44,
23,
233,273,
8,
273,
120,
238,
0,
6,
10,
28,
10,
401,
37,
0,
229,
8,
7,
6,
10,
10,
11,23,
10,
23,
13,
10,
10,
238,
11,
125,
10,
13,
7,
6,11,
16,
8,
6,11,
44,
10,
11,
6,
6,
6,
13,
110,
11,37,
16,
110,
0,
8,
397,
10,
7,
238,
10,
10,
238,
10,
238,
17,
10,
10,
238,
0,
23,
6,10,
13,
13,
8,
10,
10,
23,
7,
0,
6,
6,
6,
258,38,
120,
171,
0,13,
273,
110,
37,
0,
0,
13,
28,110,
17,
10,
10,
13,
44,
10,
7,
0,
8,
401,
171,
10,
10,
11,
10,57,
11,
10,
273,
6,
44,
6,
233,
68,
6,
6,
13,
110,
8,
13,
0,13,10,
110,
44,
11,44,
10,
7,
23,
416,
10,
7,
200,
238,
7,
6,23,
238,
0,
10,
233,
416,
416,
10,
120,200,
238,
10,
10,
13,
10,110,
110,
0,
273,
44,
6,
13,
11,
13,
6,
16,
6,
13,
44,
397,
16,
13,
10,
10,
13,
10,
258,
110,
10,
10,110,
0,
0,13,
297,393,
10,
0,
16,
10,
297,
7,
6,
44,
120,
10,
10,
13,
0,
110,
10,
57,
10,
23,
0,
13,
6,23,
10,
10,
44,
80,21,
0,
6,
6,
0,
10,
23,
238,
229,
200,
23,
110,
198,
401,
401,
8,
258,
13,
7,
10,
10,
203,
6,10,
23,
10,
23,
0,
44,
110,
10,
258,
44,
10,
0,
7,282,
23,
238,
110,
0,
10,44,
8,
6,
10,
6,
10,
10,
44,
10,
238,
238,
8,
44,
37,
273,
10,
57,
57,
7,
110,
10,
10,
10,
0,84,
20,
10,
6,
18,44,110,
7,
13,
0,
6,
10,44,
0,
30,
8,
10,
13,198,
13,
0,
13,
37,23,
23,
238,
233,
11,
258,
10,
10,
8,
7,
7,
23,
258,
28,
198,
10,
10,
233,
273,
16,
8,
8,
37,
7,
7,
297,
10,
233,
8,
8,
8,
7,
273,
10,
37,
110,
16,416,
58,
5,6,
6,
10,
273,
8,
10,
273,
0,
10,
13,10,
44,
10,
30,
6,
6,
282,
238,
11,
282,
0,
6,
282,
10,
7,
37,
6,
6,
10,
110,
10,
10,
110,
10,44,
7,
13,
238,
13,
23,
10,
416,
10,
23,
273,
273,
6,38,
7,
10,
0,
13,
23,
110,
5,
27,
77,
10,
13,
6,
10,
110,
10,
229,
258,
6,
10,
110,
110,
110,
23,
10,
80,
6,
110,
10,
10,
8,
238,
10,
10,
110,
10,
13,
397,401,
7,
10,
8,
7,
273,23,
10,
17,
110,
23,
10,
10,44,
0,
297,393,28,
8,
273,
11,
7,
10,401,
238,
10,
10,
273,
6,
28,238,
7,
7,
273,
13,
13,
10,
273,
110,
37,218,
16,
229,
13,
0,
1,
6,
10,
23,
233,57,
10,
44,
8,
0,
10,
203,
44,
6,
238,
273,
171,
273,
110,
416,
9,339,
273,
171,
208,
10,
13,10,
10,
6,
110,
31,
0,
10,
10,
6,
215,
110,
6,
6,
10,
11,
273,
7,
8,393,
10,
10,
6,
10,
7,
110,
1,
6,
273,
238,
10,110,
218,
7,
28,238,
235,
238,
11,
6,
23,
23,
8,
23,
23,
23,
6,
10,
6,7,238,
6,
10,
0,
0,
44,
10,
110,
6,
10,44,
10,
10,
0,
0,
393,416,
57,
258,38,
229,
6,
229,
8,
110,
10,
7,
10,44,
44,
110,
258,
229,
10,258,
0,
258,
273,
273,
238,
273,
10,
10,
258,
13,
238,
6,
0,
0,
238,
273,
16,
110,
56,10,
10,
6,
8,
10,
23,
238,
5,
110,
282,
0,
6,
6,
10,
10,
6,
0,
13,
0,
10,
0,
0,
110,
416,
23,
8,
10,
8,
8,
0,
23,
110,
10,
9,339,
397,
10,
28,
13,
7,
110,
6,
11,
6,
0,
6,
93,
110,
110,
258,
10,
273,
28,
37,
10,
110,
10,28,
10,
10,
6,
6,
282,
110,
10,
229,
10,110,
10,
10,
110,
6,
110,
10,
110,
10,
8,
8,
238,
10,
7,
6,
57,
28,401,
13,
13,
23,
0,
10,
0,
16,
16,
0,
23,416,
13,
6,23,
30,
11,
10,
10,
8,
258,
6,
13,10,
0,
110,
10,
13,
6,
10,
8,
110,
13,10,44,
6,
6,
8,
8,
30,
16,
7,
6,
258,
6,11,
16,
6,
6,401,
13,10,
0,
7,
8,
8,16,
23,
6,
8,
23,
10,
6,
0,
23,
7,
10,
5,
125,
238,
44,
233,
10,
10,
80,
6,
10,
10,
6,
229,
6,
0,
8,
273,
273,
10,238,
13,
10,
44,
10,
13,
11,
0,
7,282,
258,
10,
6,
198,
8,
0,
273,
416,
273,
10,
10,
23,
393,
10,
110,
10,
110,
273,
10,
10,
8,
10,
10,
13,
8,
44,
37,
258,
6,
21,16,43,
6,
273,
120,
8,
10,
11,
23,
0,
10,
110,
13,10,
6,
8,
10,
13,23,
8,
238,
273,
229,
10,
416,
218,
10,
57,
10,
218,
0,
273,
5,
393,416,
57,
37,
44,
6,
273,
6,
0,
13,
6,
10,
13,
6,
44,
44,
10,
8,
10,
10,
13,
16,
10,
8,
8,
13,10,
416,
0,
5,
10,
229,
10,
0,
44,
205,
6,
10,44,
6,
7,
10,
10,
23,
273,
8,
23,
0,
6,16,
110,
273,
7,
10,
13,
0,
273,
110,
10,
10,
10,
10,
6,
10,
21,
23,
9,339,
416,
10,
7,
10,
6,282,
10,
110,
101,
110,
37,
57,
8,393,
10,
282,
10,
6,
8,
273,
44,
10,
6,
229,
10,
8,
10,
416,
6,
57,110,
10,
6,
8,
37,23,
10,
10,
10,
273,
10,
23,
0,
7,
13,
110,
10,
13,
10,
7,
6,
282,
10,
120,
16,
28,
10,
238,
6,
0,
10,
6,
44,
6,
13,
10,
10,
6,
10,
5,
13,
110,
13,10,
20,34,332,
37,23,
13,
13,
10,
6,23,
10,
16,
44,
10,
13,
273,
0,
10,
10,
7,
10,238,
10,
10,
13,
0,
57,
273,
0,
6,
11,
23,
10,
10,
10,
282,
10,
200,
8,
57,
10,
10,
10,
10,
13,
30,
5,13,
273,
6,
6,
3,80,
31,
0,
16,
200,
110,
80,
258,
44,
16,
258,
80,
393,416,
8,
13,
23,
110,
11,
273,
6,
0,
322,
10,
110,
7,
10,
17,
30,
2,
10,
10,
20,
10,
10,
8,
10,
258,
258,
10,
6,
10,
120,
13,
13,
13,
7,
6,
7,
273,
416,
10,
10,
10,
10,
10,
10,
10,
6,11,
10,
57,
13,
10,
6,
0,
258,
10,
7,
6,
11,
16,
13,
258,38,
23,
110,
0,
416,
10,
238,
16,416,
23,
8,
273,
393,23,
10,
10,
8,
13,
10,
44,
10,416,
7,
58,
10,
10,
80,
13,
171,
10,
13,
13,
13,
8,
10,
8,
401,
6,
10,
44,
0,
10,
7,
17,
10,
238,
229,
110,
10,
10,
110,
10,401,
23,
5,
238,171,
10,
10,57,
10,
8,
110,
16,
10,
110,
10,
10,
0,
0,
258,
30,
0,
23,
11,
10,
238,
7,
57,
10,
16,416,
44,
44,
10,44,
110,
0,
10,
297,
297,
0,
21,
10,
10,
10,
10,
273,
110,
393,
21,
8,
11,
10,
110,
23,
0,2,
416,
13,
238,
13,10,
198,
10,110,
10,
28,57,
7,
44,
44,
10,
10,44,
10,
0,
8,
0,
0,
0,
10,
7,
13,
13,
10,
7,10,234,
0,
11,16,
238,
44,
13,9,10,339,
13,
8,
6,
8,
110,
0,
10,
6,
16,
10,
10,
37,
0,
10,
0,
6,
0,
44,
44,
8,
7,
110,
13,
393,
6,
31,
6,282,
10,
37,
8,
7,
8,
10,
0,
8,37,
10,
10,
13,10,
0,
10,
7,
10,
11,
10,
7,
6,
10,
10,
11,
258,
10,
30,
10,
23,
120,
0,
13,10,
10,
10,
8,
0,
282,
258,
57,
282,
10,
5,
110,
10,
10,
5,
44,
282,
13,
393,
10,
0,
273,
8,
273,
10,
6,
0,
13,
7,10,
10,
44,
10,
10,
8,
393,273,
10,
10,
8,
10,
120,
10,
30,
11,
20,273,
10,
10,
6,
0,
10,
258,38,
10,
10,
13,
0,
10,
10,
120,
10,
200,
10,
16,416,
110,
28,
23,
6,
10,
44,110,
44,
10,
44,
7,297,393,28,
13,
21,
258,
238,
10,
11,
8,
0,
8,
110,
23,
10,
297,
120,
0,
6,
10,
10,
10,
282,
0,
28,57,
10,
10,
44,
37,
44,
110,
57,
10,
282,
13,
10,
10,
10,
8,
10,
7,
273,
13,10,
10,
0,
23,
13,235,
0,
258,
13,
13,
10,
238,
401,
0,
393,
231,
21,
469,
5,
10,
8,
120,
229,
198,
6,
238,
7,
8,
10,
1,
57,
238,
11,
13,10,
0,
401,
10,
10,
10,
0,
10,
10,
110,
10,
11,
273,
7,
273,
0,
6,
16,
0,
6,
10,
10,
10,
11,
198,
37,23,
8,
10,
44,
10,
10,
8,
8,
110,
13,
7,
28,
10,
401,
10,
37,
11,
110,
416,
13,9,10,339,
273,
273,
10,
10,
6,
6,258,
282,
110,
273,
23,
6,
200,
7,
23,
10,
44,
24,
10,
110,
10,28,44,
10,
229,
5,
10,
328,
10,110,
13,
229,
28,
10,
13,10,
57,
110,
10,
23,
233,
258,
13,
6,
13,10,
238,
229,
10,
0,
273,10,
10,
16,
110,
37,
5,
7,
37,
0,
393,416,
10,
23,
393,
13,
258,
397,
10,
11,
10,
44,
16,
8,
21,
16,
5,
0,
273,
7,
7,
0,
273,
7,
10,
273,
6,
44,
282,
8,
7,
110,
10,
238,
16,
8,
16,
23,
11,
6,
6,
28,
10,
10,
16,
6,
0,
8,
57,
6,
10,
10,
401,
10,
13,10,
57,110,
10,
6,
3,
11,
44,291,
233,
10,
0,
6,
7,
110,
10,
10,
10,
10,
273,
6,
10,
5,
273,
11,
38,
6,
5,
10,
20,
110,
10,
10,
11,
57,
8,
24,
10,
101,
273,
273,
125,
110,
238,
7,37,
10,
6,
6,
397,
110,
28,
200,
6,
13,
397,
10,
23,
23,
11,
44,
10,
10,
0,
44,
13,
10,
10,
10,
10,
13,
7,
378,
110,
110,
10,
120,
273,
44,
44,
7,297,393,
6,
13,10,
6,44,
13,10,
11,
13,
13,
0,
110,
6,
10,
8,
0,
7,
10,
416,
10,
13,
16,
44,
10,
8,
10,
10,
198,
10,
10,
10,
416,
10,
120,
273,
393,
5,7,
7,
6,
6,
6,
13,10,
110,
14,
44,
7,
0,
11,
110,
44,
10,
273,
11,
6,
11,
6,
0,
11,
16,
0,
30,
37,
238,
10,
6,
282,
6,
10,
0,
23,
13,
93,
6,
44,
0,
10,
13,
0,
10,
10,
110,
10,
10,
10,
13,397,
13,110,
13,
13,
110,
7,28,
0,
13,
0,
10,
238,
6,
5,
273,
24,
57,
24,
6,10,
10,
479,
10,
0,
110,
10,
10,
8,
44,
10,
10,
44,
23,
110,
6,
6,
10,
273,
10,
10,
397,
8,
10,
10,
6,
16,
6,
0,
10,
273,
7,
0,
0,
125,
7,
6,
6,
13,
24,
44,
10,
7,
44,
273,
10,
10,
6,
8,
10,
44,
6,
6,
297,273,
8,
44,
10,
10,110,
10,
7,
44,
6,
10,
13,
37,
0,9,339,
10,
273,
37,
23,
10,
273,
37,
238,
110,
258,
10,
0,
258,
10,
10,
10,
10,
6,
10,
10,
6,
10,
7,
