6,
6,
6,
6,
1,
6,
6,
6,
1,
170,
43,
8,
2,
9,244,
6,
66,179,
63,257,
183,
70,181,
181,59,
66,
6,
5,
5,
6,
6,
6,
6,
6,
6,
6,
8,
29,
8,
8,
8,
8,
8,
59,
8,
125,
295,
8,
10,
29,
10,
63,
8,
223,
181,
181,
59,
90,
8,
181,
181,
8,
8,
20,
13,
133,
13,
13,
17,
14,
8,
283,
8,
13,
14,
13,14,
20,
20,
13,
14,
13,
17,13,
13,
20,
17,
13,
17,
17,
13,
13,
133,
13,14,
194,
13,
13,
13,
13,
20,
20,
20,
20,
20,
20,
13,
13,
283,
13,
13,
245,257,
133,
14,
8,
13,
197,
13,
133,
253,
8,
27,
8,
8,
27,
27,
8,
62,
8,
8,
8,
27,
179,
27,
43,
26,236,
8,179,
27,
27,
90,
63,
27,
61,
29,
29,
29,
29,
29,
29,
29,
29,
63,
63,
62,
8,
29,
178,
29,
29,
63,362,
61,
135,
33,
118,
33,
33,
34,
34,
337,
38,118,
33,
38,118,
33,
34,
33,
337,
34,
33,
38,118,
38,118,
34,
337,
379,
38,118,
379,
157,
38,118,
135,
38,118,
38,118,
39,
39,
43,
43,
39,
8,
80,
80,
40,
8,
39,
39,
39,
43,
43,
43,39,
39,
39,
39,
39,
78,
43,
181,
63,
43,
39,
39,
43,
39,
39,
39,
43,
43,
311,
46,
46,
46,
311,
236,
47,
8,
63,
8,
46,
47,
311,
311,
46,
312,
379,
311,
46,
46,
46,
311,
46,
164,
8,
180,
257,
8,
53,
59,64,
53,
70,
181,
8,
8,
385,
385,
385,
59,
43,
181,
8,
8,
27,
223,
65,
63,
164,
8,
223,
62,
164,
62,
178,
8,
181,59,
236,
8,
53,
262,
262,
262,
257,59,62,
181,
223,
59,
181,
8,
8,
8,
181,
8,
242,
181,
63,
43,
8,
8,43,
181,
84,
84,
84,
8,
8,
65,
181,
8,
8,
8,
8,179,
59,
64,
64,
63,
65,
59,
8,
362,
8,
181,
181,
80,
66,
181,
29,
8,
8,
8,
63,64,
181,
223,
8,
262,
8,
8,
82,
8,
8,
8,
11,
70,59,
62,83,
181,
63,64,
63,64,
62,
64,
179,
72,
181,
53,
179,
223,
63,
2,
29,
8,
8,
74,
62,
161,
8,
179,
78,
77,
77,
75,
43,
311,
78,
78,
311,
77,
77,
169,214,
164,
161,
161,
78,
78,
43,
78,
78,
17,
17,
17,
13,
134,
80,
62,
80,
161,
84,
358,
143,
358,
8,
62,
62,
181,
29,
59,
83,
59,
84,
63,
82,
84,
29,
84,
8,
8,
20,
133,
13,
245,257,283,
20,
8,
8,
196,
8,
9,
8,29,
8,27,
63,62,
8,
11,
11,
63,62,
26,236,
8,
90,
61,
90,
59,
8,
280,
196,
90,
8,181,80,
8,
134,
65,
8,
8,
133,
29,
8,
8,
10,
262,
181,
8,
8,
83,
181,
236,
236,
63,
8,
29,
66,
8,
29,
63,
133,
8,
8,
62,
8,
8,
66,
66,
29,
316,
63,82,
9,
240,
74,
74,
82,
9,
181,
83,
26,236,
240,
133,
26,236,
283,
373,
62,
62,82,
63,
8,
283,
9,
240,
8,
181,
66,
8,
8,
59,
59,
29,
8,
26,236,
11,
8,
8,
8,
66,
373,
107,
373,
125,
8,
8,
8,
63,
8,
8,
8,
108,178,
165,80,
8,
161,
214,
168,
161,
161,
80,
80,
161,
38,118,
113,
118,
38,118,
38,118,
118,
116,
38,118,
38,118,
8,
40,
40,
8,
80,
40,
80,
39,
8,
8,9,
125,
121,
116,
116,
116,
125,
116,
133,201,
116,
125,
38,118,
38,118,
38,118,
38,118,
116,
157,
38,118,
125,
116,38,118,139,
116,
38,118,
38,118,
38,118,
116,
132,
118,
38,118,
121,
118,
116,
38,118,
116,
157,
116,
118,
133,
358,
196,
295,
8,
38,118,
38,118,
157,
118,
38,118,
8,
125,
116,
125,
125,
157,
118,
38,118,
116,
157,
38,118,
38,118,
138,
118,
116,
125,
197,
197,
116,
125,
157,
116,
118,
118,
151,
118,
38,118,
38,118,
379,
116,
116,
38,118,
116,
116,38,118,
38,118,
132,
132,
148,
132,
132,
125,
133,
133,
8,
125,133,
8,
125,
179,
133,134,
8,
38,118,
116,
38,118,
132,
116,
116,
38,118,
38,118,
116,
38,118,
38,118,
407,
157,
116,
38,118,
116,
116,
8,
133,
125,138,
118,
148,
135,
38,118,
116,139,
8,
8,
8,
8,
223,
59,
63,62,
11,
8,
223,
84,
29,
8,
8,
84,
8,
143,
8,
10,
8,
61,
223,
61,
29,
223,
38,118,
116,
38,118,
38,118,
33,
38,118,
157,
38,118,
480,
38,118,
38,118,
157,
38,118,
38,118,
38,118,
38,118,
118,
116,
118,
132,
116,
116,
38,407,118,
116,
121,
116,
157,
116,
157,
38,118,
38,118,
148,
38,118,
38,118,
406,
38,118,
132,
118,
118,
38,118,
407,38,118,
118,
301,
38,118,
38,118,
118,
38,118,
38,118,
157,
154,
116,
301,277,
38,118,
38,118,
277,
157,
38,118,
38,118,
139,
38,118,
157,
157,
157,
38,118,
38,118,
38,118,
157,
38,118,
116,
116,
118,
38,118,
38,118,
121,
38,118,
116,
157,
38,407,118,
125,
8,
168,
161,
161,
165,80,
164,
80,164,
165,80,161,
161,
164,
80,
164,
64,
64,
134,
161,
62,
164,
8,
8,
165,
165,
8,
161,
8,
168,
161,
161,
161,
164,
80,
8,
164,
165,
168,
62,
257,
161,
164,
161,
164,
181,59,
161,
65,
161,
80,
26,236,
161,
181,
59,
180,
181,
240,
165,
161,
80,
168,
11,
63,181,53,65,
61,
8,
180,
29,
257,
8,
8,
8,
63,
179,
63,
62,
240,
178,
43,
8,
9,
53,
385,
63,
178,
8,
66,
8,
8,
8,
180,
9,
90,
180,
180,
8,
181,
181,
181,
478,
64,
204,
8,
8,
66,
179,
56,
8,
8,
8,
59,
178,
11,
11,
43,
8,
8,
8,
8,
61,
8,
9,
43,
8,
80,
8,
245,257,
8,
187,
187,
8,
90,
38,118,
38,118,
116,
116,
189,
13,
13,20,
194,
20,
194,
13,21,
13,
13,
14,
17,
14,
13,
14,
13,
194,
245,257,283,
245,257,283,
194,
245,283,
29,
8,
196,
8,133,
356,
196,
8,
133,
133,
125,
125,
133,
125,
8,
8,
8,
8,
8,
8,
8,
125,
206,358,352,
8,
206,
8,
8,
196,
197,
8,
201,
5,
6,
6,
6,
66,
6,
1,230,
66,
6,
6,
74,
223,
74,
283,
204,
80,
59,
80,
179,
26,236,
143,
66,
8,
8,
196,
20,
20,
63,
20,
179,
8,
8,
179,
66,
66,
59,
8,
8,
8,
181,
8,
8,
29,
8,
214,
179,
179,
8,
214,
8,
8,
8,
214,
72,
214,
62,
214,
223,
8,
8,
8,
179,
223,
62,
216,
38,118,
216,
121,
216,
216,
216,
216,
216,
216,
8,
8,
8,
72,
8,67,
70,
223,
223,
63,
223,
8,
181,
143,
63,362,
27,
6,
179,
225,
223,
223,
223,
223,
223,
223,
181,
223,
65,
83,
6,
6,
6,
6,
415,
6,
6,
6,
1,
6,
6,
6,
223,
8,
108,178,
181,
59,
181,
63,
66,
8,
8,
8,
8,
8,
8,
8,
181,
8,
181,
70,
181,
8,
236,
8,
8,
26,236,
26,236,
180,
178,
240,
8,
8,
84,
351,
240,
8,
240,
27,
8,
65,179,
236,
8,
283,
59,
133,
8,
181,
214,
8,
8,
26,236,
59,
8,
51,
9,
133,
11,
262,
262,
8,
8,
63,
240,
59,
181,
27,
26,236,
181,
161,
161,
63,
168,
8,
8,
62,
8,43,
66,
66,
8,
8,
295,
64,
8,
8,
8,
8,
8,
8,
8,
62,
133,
125,
8,125,
125,
125,
157,
38,118,
118,
38,118,
74,
66,
8,
61,
8,
8,
179,
8,
223,
63,62,
63,62,
8,181,59,62,257,
80,
8,
97,
385,
362,
8,
72,
63,62,
11,
65,83,
9,
8,351,
223,
65,
262,
8,
8,
66,
262,
8,
26,236,
240,
8,
59,
125,
62,
164,
63,62,
66,
125,
179,
179,
223,
223,
9,65,
26,236,
65,
8,
8,
74,
283,
240,
283,
179,
223,
179,
8,
223,
62,
161,
80,
74,
161,
80,
17,
17,
74,
17,
270,
223,
80,
74,
72,
283,
8,
20,
194,
20,
134,
8,
181,
8,
8,
134,
63,62,
178,
65,
64,
74,
63,64,
223,
62,
8,
8,
61,
8,
181,
33,
38,118,
38,118,
301,
38,118,
38,118,
38,118,
38,118,
38,118,
280,
280,
90,
280,
90,
8,
280,
8,
240,
283,
80,
283,
80,
62,
164,
69,
179,
356,316,
62,
245,257,
240,
179,
63,
236,
180,
90,
125,
8,
8,
262,
27,
181,
180,
12,
181,
59,
8,
8,
38,118,
38,118,
157,
38,118,
38,118,
27,
181,
8,
181,
236,178,
53,
290,276,
240,
63,236,
8,
27,
90,
26,236,
90,
90,
179,
80,
292,
8,
8,
269,
13,
17,
80,
13,
181,
63,
294,
179,
74,
8,
170,
83,
178,
65,
8,
8,
8,
8,
8,
8,
64,
63,62,
8,
9,
240,
65,
9,
8,
204,
283,
283,
283,
385,
385,
385,
385,301,
385,
301,
301,
301,
301,
55,
168,
204,
223,
125,
80,
179,
80,
74,
133,134,
204,
125,
351,223,
62,
125,
74,
264,
138,
179,
8,
8,
311,
379,
49,
311,
43,
46,
311,
311,
311,
311,
311,
311,
312,
312,
379,
312,
379,
313,
312,
404,
312,
38,118,
116,
38,118,
38,118,
331,
80,
194,
194,
283,
82,
80,
356,
283,
90,
38,118,
116,38,118,
38,118,
116,
116,
148,
113,
38,118,
38,118,
118,
38,118,
157,
187,
187,
187,
187,
187,
187,
39,
39,
39,
39,
39,
80,
164,
8,
8,323,
164,
90,
65,
8,
262,
83,
179,
8,
8,
80,
6,
1,
6,
6,
415,
6,
6,
6,
6,
6,
6,
6,
6,
6,
1,
6,
5,
6,
6,
5,
6,
6,
6,
6,
80,
90,
90,
74,
280,
331,
8,
356,
356,
316,
8,
90,
38,118,
33,
34,
379,
33,
33,
38,118,34,
118,
38,118,
34,
379,
118,
34,
34,
38,118,
118,
34,
8,
8,
8,
8,
8,
8,
8,
8,
125,
133,
118,
38,118,
118,
38,118,
118,
118,
116,
154,
116,
116,
6,
6,
6,
6,
415,
6,
6,
66,
6,
6,
6,
6,
6,
6,
62,
294,
26,
204,
63,
294,
8,
66,
240,
358,
62,
181,
63,62,223,362,
65,
27,
8,
26,66,180,
63,64,
66,
8,
59,
8,
356,
356,
196,
356,
356,
8,
356,
356,
357,
356,
356,
356,
11,
8,29,
179,
8,
29,
8,
8,
8,
84,
8,
8,
262,
27,
8,
66,178,
29,
8,
181,
385,
65,
245,
245,257,
245,257,
164,
8,
80,
65,
178,
8,
61,
61,
8,
8,
29,
8,
8,
62,
74,
179,
8,
164,
6,
6,
6,
6,
415,
168,
8,
161,
17,
168,
80,
164,
77,
168,
294,
294,
58,
154,
154,
373,
38,118,
373,
107,
438,
26,
66,
438,
8,
204,
179,
179,
8,
62,
74,
63,
236,
161,
72,
38,118,
118,
118,
38,118,
311,
118,
34,
34,
245,
148,
80,
9,
9,
61,
9,
90,
66,
66,
27,
164,
27,
20,
20,
13,
13,
63,
8,
8,
6,
108,178,
8,
8,
6,
9,
8,
311,
46,
47,
379,
118,
34,
38,118,
118,
118,
157,
34,
34,
34,
61,
11,
66,
133,
9,51,
164,
17,
8,
161,
27,
29,
8,
8,
8,
181,
61,
223,
223,
181,
20,
14,
257,
13,
240,
9,
62,
257,
8,181,
78,
78,
78,
78,
311,
38,118,407,
38,118,
151,
38,118,
38,118,
63,
63,261,362,
6,
6,
402,
5,
402,
6,
402,
402,
6,
66,
6,
6,
1,230,
6,
404,
313,
6,
404,
118,
38,118,
38,118,
38,118,
157,
157,
406,
38,118,
38,118,
38,118,407,
38,118,
116,
38,118,
38,118,
11,
108,178,
8,
8,
8,
9,
27,
12,
181,
61,
26,236,
181,
8,
262,
262,
262,
262,
411,
27,
8,
9,
26,236,
8,
187,
187,
1,
6,
6,
6,
6,
161,
161,
161,
161,
17,
245,257,
168,
168,
8,
8,
165,168,
17,
8,
62,
74,
80,
62,179,
64,
179,
283,
9,
181,
257,
65,
8,
179,
25,83,
8,
8,
8,
8,
8,
422,
181,
8,
8,
83,
8,
8,
59,
295,
9,
181,
8,
8,
8,
65,
65,
65,
65,
8,
8,
8,
8,
11,
63,
8,
65,
59,
8,
8,
78,
78,
379,
78,
125,
125,
125,
8,
125,
8,
27,
183,
8,
435,
356,
356,
356,
356,
356,
8,
8,
8,
8,
8,
125,
8,
138,
125,
125,
90,
8,
8,
8,
143,
8,
366,
8,
8,
29,
214,
62,
292,
8,
8,
8,
8,
8,
8,
356,
9,
356,
356,
66,
20,
13,
14,
6,
6,
5,
6,
6,
5,
6,
74,
8,
13,
63,
80,
179,
179,
270,
269,
74,
80,
80,
9,
133,
61,
61,
456,
456,
456,
456,
456,
84,
456,
456,
456,
84,
80,
168,
64,
80,
8,
8,
13,
8,
64,
61,
63,
63,
61,
63,362,
385,
8,
64,
385,
38,118,
116,139,
38,118,
38,118,
38,118,
157,
116,139,
118,
38,118,
38,118,
121,
148,
118,
406,
38,118,
118,
116,
38,118,
406,
38,118,
8,
180,
223,
66,
90,
20,
422,
133,
20,
25,
61,
61,
178,
46,
49,
46,
46,
6,
1,230,
1,415,
6,
6,
181,
8,
27,
161,
168,
80,
143,
8,
27,90,
478,
478,
478,
478,
478,
478,
478,
157,
157,
157,
38,118,
157,
43,
8,
43,
76,78,
78,
11,
9,
11,
280,
116,
25,
25,
8,
25,
4,
66,
223,
223,
223,
223,
38,118,407,
38,118,
157,
38,118,
38,118,
38,118,
116,
38,118,
62,
80,
64,
161,
62,
187,
187,
43,
407,
116,
118,
118,
407,
17,
216,
216,
216,
216,
216,
179,
8,
132,
38,118,
38,118,
38,118,407,
38,118,
135,
38,118,407,
132,
38,407,
