6,
385,
0,
0,
5,
5,
5,
0,
386,
186,
9,358,
8,
8,47,
9,358,
6,
4,
4,
4,
4,
4,
4,
0,
402,
402,
5,
5,
386,
386,
330,
6,
386,
8,
8,
8,
8,
8,
8,
8,
8,
8,
9,358,
52,
52,
8,
8,
8,
8,
8,
72,
8,
4,
4,
72,
8,
65,
8,
8,
8,
17,
64,
51,
51,
72,
123,
196,
123,
72,
9,358,
9,
66,
123,
72,
52,
168,
63,
80,
80,
72,9,
169,163,
17,
72,
51,
17,
9,
169,163,
123,
142,
74,
63,
80,
66,
66,
52,
72,
17,
66,
164,
72,
17,74,
4,
123,134,
51,64,
66,72,
63,
17,
9,72,
64,
72,
96,272,
9,
142,
51,
8,
8,
8,
8,9,358,
174,63,
52,
52,
63,
8,174,
8,52,
8,174,
4,
8,
8,
8,174,
8,
8,
8,
8,
11,
26,262,
11,
8,
9,
8,
8,
8,
8,
8,
9,
358,
80,
8,
80,
8,
8,
144,
8,
9,
52,
8,
38,254,317,
148,
148,
38,254,317,
148,
148,
148,
148,
148,
148,
148,
148,
148,
148,
148,
148,
148,
148,
148,
148,
148,
148,
148,
148,
135,
135,
135,
38,254,317,
135,
8,
8,
9,72,358,
59,104,
8,
8,
8,
8,
8,
8,
8,
8,
8,
8,
40,
8,
8,
40,
8,
8,
43,
8,
8,
353,
9,358,
8,
8,
9,72,358,
8,
8,
8,
59,104,
9,72,358,
311,
46,
47,
43,59,
78,
47,
47,
47,
47,
134,
47,
46,
49,
311,
78,
148,
49,
78,310,
78,
46,
46,
311,
78,
74,
8,
51,
9,358,
9,358,
9,358,
8,65,
8,
211,
72,211,
52,
8,52,
52,
4,
244,
65,
8,174,
8,
63,
8,
183,
63,
55,
72,
72,
72,
134,
64,
72,80,
72,
80,
80,
80,
72,
80,
4,
72,
294,
72,
72,
351,353,
351,
8,9,358,
8,9,358,
353,
8,
8,
59,65,104,
4,
65,
9,
9,
66,
66,
9,
8,
72,
80,
72,
8,
72,
64,
64,
8,
64,
63,
8,52,
9,
64,
63,
65,
72,
65,
8,
65,
8,
242,
8,
8,52,
17,
72,
72,
276,
8,
31,
72,
63,
63,64,
259,
8,82,
64,
64,
74,
63,72,
63,64,
107,
2,
72,
9,358,
8,
72,
72,
72,
72,
9,
235,
8,
8,
8,
63,
72,
8,
8,
8,
8,
4,
259,
259,
134,
259,
43,59,391,
75,
75,
76,
75,
78,
78,
391,
78,310,
76,
163,
163,
169,
142,
169,
78,
78,
78,
43,59,104,
47,
207,
17,
51,
169,
64,
63,
64,
72,
64,
8,
8,
8,
8,
52,
8,
82,
8,353,
72,
8,
9,
8,
72,
8,
9,
8,
8,
8,
8,
8,
134,
134,
9,
64,
116,
8,
8,
9,
8,
381,
8,
285,
8,
9,358,
80,
8,
52,
9,353,358,
285,
52,
144,
285,
285,
285,
8,
285,
8,
169,163,
64,
272,
64,
169,
64,
64,
64,
63,
64,
8,
64,
64,
64,
235,
186,
92,
92,
8,
92,
92,
64,
4,
8,
64,
8,
9,358,
9,358,
47,
51,
64,
64,
64,
64,
64,
240,
240,
240,
240,
282,
282,
420,
240,
240,
240,
101,
240,
240,
101,
240,
240,
240,
240,
240,
59,104,
240,
240,
240,
8,
73,
8,
9,358,
8,
9,358,
374,
8,
9,358,
374,
8,
8,
8,
8,
374,
374,
107,
4,
107,
51,
8,
8,
52,
8,
8,
8,
80,
164,
8,
391,163,
169,
168,
4,72,51,
66,
391,163,
168,
164,
116,
119,135,
116,
38,254,317,
116,
116,
116,
119,
135,
8,
8,
8,
8,
8,
8,
8,
8,
8,
8,
116,
116,
116,
116,
116,
71,
123,
201,
123,
123,
135,464,
135,
38,254,317,
38,254,317,
38,254,
116,
135,
116,
116,
116,
133,
116,
116,
38,254,317,
130,
116,
116,
135,464,
116,
135,
116,
116,
116,
135,
135,
142,
9,358,
142,
71,142,
71,142,
38,254,317,
38,254,317,
38,254,317,
116,
135,
123,
123,
123,
123,
71,125,
116,
135,
135,
116,
116,
116,
116,
119,
135,464,
135,464,
123,
201,
123,
197,
123,
116,
135,
38,254,317,
135,
38,254,317,
38,254,317,
38,254,317,
38,254,317,
135,
135,
116,
116,
116,
116,
116,
130,
132,
135,
132,
156,
201,
96,
4,26,
96,
96,
142,
123,
134,
71,
64,
116,
135,
135,
116,
135,
116,
116,
116,
116,
135,
135,
254,
135,
38,254,317,
38,254,317,
82,
123,
82,
82,
82,
116,
38,254,317,
134,
116,
135,
8,
8,
358,
8,
8,
386,
134,
386,
9,
386,
285,
285,
285,
285,
142,
285,
8,
8,
8,
8,
8,
144,
9,358,
9,
63,
38,254,317,
38,254,317,
38,254,317,
38,254,317,
38,254,317,
198,
135,464,
116,
135,
116,
38,254,317,
135,
38,254,317,
38,254,317,
135,
135,464,
135,464,
135,464,
135,
130,
135,
38,254,317,
38,254,317,
38,254,317,
135,
38,254,317,
135,464,
135,
135,464,
38,254,317,
135,464,
116,
198,
38,254,317,
130,
135,
38,119,254,317,
135,
135,
38,254,
135,
135,
277,
135,
38,254,317,
135,
38,254,317,
38,254,317,
240,
373,
38,254,317,
277,
277,
277,
277,
135,
38,254,317,
153,
135,
135,464,
38,254,317,
135,
38,254,317,
135,
135,
38,254,317,
38,254,317,
135,
135,
38,254,317,
38,254,317,
135,464,
38,254,
135,
38,254,317,
116,
116,
38,254,
116,
169,163,
169,
169,
66,
164,
259,
169,163,
391,
164,
169,
63,64,
63,
63,134,
65,
164,
63,391,
8,
164,
72,
72,
17,
9,
8,
74,80,
164,
169,163,
17,
80,
164,
63,
164,
164,
63,
164,
72,391,
169,
72,
4,63,
66,
72,80,
259,
8,52,
72,80,
164,
169,163,
169,
164,
391,
353,
353,
9,
9,
351,
164,
168,
72,
63,
8,
72,
8,
9,
9,
8,9,358,
8,
8,
8,
8,
276,
8,52,
8,
8,82,
9,72,
9,358,
8,
8,
53,
183,
8,9,358,
4,
4,
8,
174,
8,
8,
8,
353,
331,
63,
331,
331,
8,
8,9,
8,
8,9,358,
8,9,358,
66,
66,
8,
8,353,
353,
9,
4,
9,358,
8,9,358,
9,358,
8,
72,
59,104,
26,262,
59,104,
8,
8,
8,
8,
9,358,
8,
4,
4,
59,
4,
8,
8,
8,
8,
8,
72,
8,
38,254,317,
38,254,
135,464,
38,254,317,
38,254,317,
72,
169,163,
283,
169,
134,
52,
9,
72,
72,
80,
142,
17,
142,
66,391,
259,
4,
63,
134,
9,
8,
8,
285,
123,196,
123,
71,
285,
201,
52,
142,
71,
196,
164,
391,
391,
8,
52,
8,
8,
8,
8,
52,
8,
47,
164,
71,
71,
96,
71,
71,
326,
386,
386,
386,
386,
386,
6,386,
386,
386,
1,
420,
240,
204,420,
420,
72,
65,
8,
8,174,
70,
8,174,
285,
8,
8,
8,
8,
8,
8,174,
240,
8,
8,174,
4,
52,
52,
4,
4,
8,
8,
8,
8,
9,358,
8,
8,
8,
8,
294,
64,
63,64,
9,358,
9,358,
82,
9,358,
9,358,
63,
63,64,
72,
82,
9,358,
9,
80,
63,
63,
134,
72,
72,
116,
116,
130,
116,
130,
38,254,
130,
130,
38,254,317,
130,
8,
8,
8,
8,
8,
63,
223,
63,
63,
180,
9,353,358,
8,
8,52,
8,52,
8,52,
386,52,8,
386,
284,
223,
63,
63,
223,
63,
225,223,
9,358,
8,
8,
8,
1,330,
0,
386,
386,
326,
330,
6,386,
6,386,
386,
386,
385,
5,
353,
351,353,
8,9,
351,353,
353,
353,
51,
8,
8,
26,262,
8,
8,
8,
8,
174,
8,
8,
8,
9,358,
8,
8,
80,
8,
8,
66,
8,
8,9,358,
96,
8,
8,
72,
96,
65,
240,
8,
101,
240,
9,358,
180,
180,
59,104,
72,
8,
52,
8,
351,
66,
174,
8,
8,
8,
8,
8,
52,
8,
4,
9,
9,
9,358,
9,358,
52,
240,
240,
8,9,358,
240,
66,
17,
4,
72,
169,
391,
9,358,
8,
8,
9,358,
52,
52,
9,358,
9,358,
72,80,
74,
8,
8,
8,
8,
8,
8,
8,
169,163,
142,
200,
71,
96,
142,
116,
373,
38,254,317,
38,254,317,
74,
8,
8,
8,
8,
8,353,
64,
64,
134,
63,
64,
72,
4,63,
72,
259,
4,63,
8,
63,64,
134,
65,
164,
8,
8,
82,
64,
72,
63,
8,
52,
9,358,
73,
4,51,64,
51,
72,
4,51,64,
4,63,
264,
82,
8,
82,
8,
116,
134,
8,
134,
116,
8,
52,65,
52,
8,
8,
64,
4,63,
4,63,
74,
240,
63,64,
64,
64,
64,
64,
4,
74,
4,
72,
4,63,
72,
17,
134,
169,
17,
169,163,
64,
64,
259,
52,
142,
259,
272,
17,
63,
64,
64,
8,
353,
63,
65,
63,
63,
72,
169,
9,
64,
63,51,
8,
8,
8,
8,
52,
38,254,317,
135,
277,
277,
277,
277,
38,254,317,
38,254,317,
38,254,317,
8,
8,
9,358,
8,
8,
285,
196,
240,
240,
282,
259,
259,
240,
240,
74,
63,
4,
240,
240,
4,
240,
180,
284,
284,
284,
180,
284,
284,
284,
284,
284,
65,
284,
180,
180,
284,
284,
284,
135,
38,254,317,
153,
135,
38,254,317,
4,
8,
351,
8,
52,
240,
8,
353,
183,
176,
8,
8,
240,
8,
9,
64,
8,
8,
63,
63,259,
259,
72,
17,
259,
17,
64,
259,
64,
4,63,
235,74,
8,
65,
4,244,
65,
65,
8,
8,
8,
8,
8,
8,
391,
9,
8,
240,
240,
8,
240,
240,
259,
259,
240,
134,
277,
277,
277,
277,
277,
277,
277,
277,
277,
264,
82,
264,
315,
82,
315,
315,
264,
264,
264,
264,
264,
264,
264,
8,
82,
82,
264,
264,
264,
8,
78,310,
379,
49,
259,
43,59,
43,59,104,
78,
49,
78,
49,
78,
96,
132,
312,
379,
312,
379,
313,
312,
313,
312,
135,
38,254,317,
135,
153,
259,
74,
74,
283,420,
282,
51,
82,
8,
9,
259,
116,
116,
135,464,
130,
201,
135,
135,464,
38,254,317,
116,
38,254,317,
38,254,317,
116,
8,
8,
8,
8,
8,
8,
8,
276,
8,
40,
8,
142,
391,
391,
391,
164,
284,
284,
180,
284,
180,
134,
8,
8,
259,
6,386,
330,
6,
6,386,
326,
386,
1,330,
386,
386,
5,
0,
6,
386,
0,
386,
6,386,
1,330,
330,
330,
1,330,
6,386,
330,
6,
386,
51,
74,
9,
123,
72,
285,
72,
262,142,
8,
8,
8,
8,
148,
148,
148,
148,
148,
148,
148,
148,
148,
38,254,317,
148,
148,
148,
148,
148,
148,
135,
8,
8,
8,
8,
8,
8,174,
8,
123,
71,
8,174,
135,464,
135,
135,
135,
135,
135,
135,
135,
135,
38,254,317,
386,
386,
386,
6,386,
6,
1,
386,
386,
6,
386,
6,386,
386,
386,
386,
4,
63,
420,
63,
63,
72,
8,
8,
240,
8,
240,
9,353,358,
8,
8,
8,52,
9,358,
4,
374,
374,
8,
104,
116,
142,
8,
8,
356,
8,
334,
285,
8,
8,
196,
8,
8,
8,
8,
52,
8,
8,
8,
8,
8,
8,
8,
72,
8,52,164,
8,52,
8,
65,
4,
63,
64,
8,
52,
52,
9,
9,358,
4,
353,
244,
9,358,
8,
8,
8,
285,
8,
8,
8,
8,
8,
315,
64,
264,
134,
72,
386,
330,
6,
6,386,
5,
168,
391,
164,
66,
391,163,
391,
247,
391,
247,
63,
420,
63,
240,
240,
240,
38,254,317,
38,
374,
107,
374,
374,
374,
8,
134,
4,63,
74,
74,
74,
4,63,
235,
72,
259,
74,
148,
148,
148,
135,464,
311,
135,
135,464,
38,254,317,
64,
148,
4,63,
72,
8,
52,
8,
8,
8,
9,
9,358,
9,
9,
72,
72,
164,
9,63,72,
386,
301,
301,
386,
301,
386,
301,
385,
8,9,358,
8,
311,
46,
46,
49,
148,
464,
148,
135,464,
148,
148,
148,
148,
135,
52,
8,
4,
52,
4,
64,
17,
247,
9,
63,
8,
8,
8,
8,
8,
196,
72,
8,
8,
52,
4,
9,
164,
240,
240,
240,
240,
240,
78,
78,
78,
78,
78,310,
38,254,317,
135,464,
135,464,
38,254,317,
135,
72,
240,
6,386,
1,
402,
402,
122,
0,
313,
46,
326,
386,
386,
6,386,
6,386,
277,
313,
277,
313,
313,
135,464,
38,254,317,
135,
135,
38,254,317,
38,254,
135,
135,
135,
135,464,
135,464,
135,
135,
38,254,317,
353,
386,
8,
386,
8,
8,
8,
8,
8,
8,
8,
8,
8,
4,
4,
186,
8,
4,
8,9,358,
9,358,
240,
240,
9,358,
8,
8,
6,386,
386,
5,
330,
6,386,
168,
169,
63,
169,
72,
391,
169,163,
17,
63,64,
63,
63,
17,
63,
72,
63,
74,
259,
74,
74,
74,
8,52,
180,
180,
8,
8,52,
63,
52,
8,
8,
52,
8,
52,
52,
8,9,358,
8,9,
52,
52,
52,
4,
59,104,
4,
4,
8,
8,
8,
8,
8,
8,
8,
65,
8,
8,
65,
8,
8,
180,
8,
8,
8,
8,
8,
78,
78,
116,
78,
96,
201,
71,
71,125,
125,
8,
72,
9,
8,
183,
8,
8,
8,
196,356,
8,
4,
4,
4,
4,
4,
142,
125,
71,125,
196,
71,
8,
8,
8,
8,
284,
8,
8,
8,
8,
8,
9,72,
134,
8,
8,
8,
8,
8,
8,
8,
90,
8,
8,
90,
4,
17,
80,
80,
0,
330,
1,
6,386,
0,
402,
386,
74,
72,9,
17,
74,
259,
420,
4,
74,
74,
63,
259,64,
72,
8,
8,
8,
52,
8,
8,
8,
8,
9,358,
9,358,
8,
8,
8,
80,
63,
64,
459,
4,
63,
63,
63,
63,
64,
9,52,
52,
52,
8,
8,
4,
63,
4,
4,51,
135,
116,
38,254,317,
38,254,317,
135,
116,
38,254,317,
254,
135,
38,254,
135,
135,
38,254,317,
38,254,
135,464,
135,
38,254,317,
135,
38,254,317,
135,
8,
65,
223,
72,
72,
9,358,
52,8,
8,
52,8,
65,
144,
52,
144,
46,
49,
46,
46,
326,
6,
326,
386,
6,386,
8,
11,
8,
169,
161,
4,72,
196,
71,
241,
8,
8,9,
8,9,
8,9,358,
8,
8,9,358,
8,
38,254,
135,
119,
135,
38,254,317,
43,59,104,391,
75,
75,
43,59,104,391,
78,
260,398,
289,
72,
8,
135,
180,
8,
8,174,
8,
374,
374,
223,
63,
72,
223,
38,254,317,
38,254,317,
135,
116,
38,254,317,
38,254,317,
135,
135,
64,
64,
63,
64,
64,
8,
8,
8,
135,
116,
135,
116,
135,
134,
130,
130,
119,
38,254,
38,254,317,
134,
63,64,
116,
135,
135,
38,254,317,
135,
135,
135,
198,
135,
