0,6,
0,2,3,4,6,385,
0,
0,
0,1,5,6,
6,
0,1,5,6,
0,1,5,6,385,386,
6,
2,8,9,26,174,244,
2,8,26,174,183,
2,8,26,43,174,183,
2,
8,9,2,26,174,244,
6,385,386,
8,186,26,66,
4,
4,
4,
4,8,
4,
0,1,5,6,385,
5,403,
5,403,
6,
0,6,385,386,
6,385,386,
6,385,386,
6,
6,385,386,
6,385,386,
8,
8,
8,
8,
8,
8,
8,
8,9,
8,9,
8,9,
8,9,
8,9,
8,
8,
8,
11,
8,9,10,11,12,26,51,59,62,64,65,66,71,72,80,90,105,144,174,176,182,184,235,236,242,244,245,257,356,381,392,
11,
8,11,65,
11,
11,
11,
8,12,27,66,
11,66,8,12,
2,8,9,26,43,174,183,244,245,11,27,52,63,66,72,96,181,186,240,241,262,10,12,25,51,59,65,73,80,82,90,93,97,144,184,234,236,237,242,356,381,392,422,55,172,180,
11,66,8,12,
11,27,66,8,12,
72,17,13,16,207,
17,25,72,13,
8,17,25,72,13,
72,17,25,13,
72,17,25,13,
4,26,27,52,63,66,72,96,181,183,186,240,241,244,262,290,8,9,12,17,25,43,51,53,59,62,64,69,71,80,82,83,104,133,141,179,182,200,206,209,214,234,236,242,248,257,266,353,422,13,14,15,18,21,193,194,47,74,55,61,259,263,204,264,315,
14,18,
4,26,52,60,63,66,72,165,183,186,241,245,290,8,9,17,31,51,59,62,64,80,82,84,97,108,133,141,174,184,214,236,257,266,292,325,13,14,15,18,21,193,194,47,74,161,164,259,263,204,264,315,138,
72,17,13,
72,17,25,14,18,
17,25,72,
72,17,20,
8,9,26,43,47,174,183,244,245,11,12,17,25,27,31,51,52,53,59,62,63,64,66,71,72,80,82,83,84,96,104,133,165,176,179,181,182,184,186,200,206,209,235,236,240,241,242,243,257,262,351,422,55,13,14,15,18,21,193,194,74,161,164,169,58,263,134,204,264,
17,72,
72,17,
72,13,16,17,207,
8,72,17,13,
72,13,16,17,25,207,
72,17,25,13,16,207,
72,17,13,16,
72,17,25,
17,
17,
17,
17,
17,13,
72,17,25,13,207,
8,133,14,18,
4,11,26,27,52,63,66,72,96,165,183,186,235,240,241,244,245,262,290,8,9,12,17,25,43,51,53,59,62,64,65,71,80,84,91,104,133,141,174,179,182,200,214,234,236,242,248,257,266,422,55,13,14,15,18,21,22,193,194,47,161,164,169,352,58,
15,194,
72,17,25,13,
17,25,72,13,207,
72,17,25,13,16,207,
17,25,13,
17,25,13,
72,20,25,207,
17,25,72,20,207,
20,
8,9,26,174,183,245,52,63,66,72,186,240,241,290,17,25,31,53,59,62,64,65,67,71,80,82,83,84,133,184,206,209,214,234,236,257,13,14,15,16,18,20,21,22,193,194,74,161,259,204,264,267,420,272,
72,17,20,207,
17,13,16,
17,13,16,
4,8,9,43,183,244,245,11,27,52,63,66,72,96,165,181,186,240,262,12,17,25,51,53,59,62,64,67,71,80,82,104,133,141,179,182,184,200,236,242,243,248,257,353,422,55,13,14,15,18,21,85,193,194,74,161,207,263,134,204,272,
17,72,
72,17,25,
72,17,13,
8,17,
17,72,13,
72,17,272,
72,
8,9,197,
72,17,25,13,
8,
197,
2,4,8,9,26,43,61,70,174,183,244,245,11,27,52,63,66,72,96,181,186,240,241,262,10,12,17,25,51,59,65,73,80,82,90,93,97,144,184,200,234,236,237,242,356,381,422,24,55,172,180,
2,4,8,9,26,43,61,70,174,183,244,245,11,27,52,60,63,66,72,96,165,181,186,235,240,241,262,290,429,438,25,51,53,59,64,65,71,73,80,82,93,97,104,105,106,108,109,184,234,236,237,353,24,55,172,180,274,291,239,
2,4,8,9,26,43,61,174,183,244,245,11,27,52,60,63,66,72,165,181,186,235,240,241,262,290,10,12,17,25,31,51,53,59,62,64,65,71,73,80,82,83,84,90,93,104,108,142,143,144,179,182,184,199,200,206,234,236,242,257,295,353,358,392,422,440,24,55,172,180,207,239,
8,
2,4,8,9,26,43,61,70,174,183,244,245,11,27,52,63,66,96,181,186,240,241,262,10,12,25,51,59,65,80,82,90,93,144,184,234,236,237,242,381,422,24,55,172,180,223,274,291,239,
25,
25,
8,9,26,183,245,52,63,66,72,17,25,65,80,82,184,234,236,205,207,
8,26,174,17,25,422,
25,
26,
26,
26,
26,
26,
8,11,27,
8,27,66,
8,27,66,
27,
8,27,
11,26,24,
11,27,
2,4,8,9,26,43,61,70,174,183,244,245,11,27,52,63,66,72,96,181,186,240,241,262,10,12,17,25,51,59,65,73,80,82,90,93,144,184,200,234,236,237,242,356,381,392,422,24,55,172,180,223,274,
8,29,144,
8,29,31,
8,29,31,
8,29,31,
8,29,31,
29,
8,
8,29,144,
8,61,63,72,53,80,31,67,
8,61,63,72,80,31,67,
26,52,63,66,72,8,9,31,53,62,64,65,67,69,71,80,82,61,
8,9,52,63,72,31,53,64,67,71,80,
8,31,
8,9,61,11,140,144,
8,29,144,
8,29,144,
8,
8,
38,
38,33,337,
38,379,33,337,
38,33,337,
38,33,337,
38,33,337,
38,33,337,
38,33,337,
38,33,337,
38,33,337,
38,33,337,
38,33,337,
38,379,33,337,
38,33,337,
337,
38,379,37,33,337,339,
38,33,337,
38,33,337,
38,33,337,
33,38,337,
337,
148,379,37,337,339,
38,33,337,
337,
38,119,
38,
116,38,135,132,
38,
38,
8,39,
8,39,
8,39,
8,43,39,
8,39,
8,39,67,220,276,40,
8,67,220,276,40,
8,67,220,276,40,
8,39,67,220,276,40,
8,67,220,276,40,
8,39,
8,39,
8,39,
39,
8,43,39,
8,39,
8,39,
8,43,39,
8,39,
8,39,
43,
43,
26,43,174,11,66,72,65,
8,26,43,174,59,52,65,66,
43,
8,39,
8,39,
8,39,
8,39,
8,39,
8,39,
8,39,
8,39,
311,
47,46,
46,
2,26,181,49,
49,
47,
47,
47,
47,
47,
46,
47,46,
49,311,
78,49,311,
26,181,49,
312,
379,
49,
46,49,
47,46,
46,
49,311,
46,49,
63,72,51,82,
8,52,63,72,51,
63,8,51,
8,63,51,
63,8,51,
8,52,
52,
8,52,72,
52,
52,
53,
53,
53,
53,
53,
8,63,72,51,80,
2,4,8,9,26,43,47,61,70,174,183,244,245,186,11,27,52,60,63,66,72,94,96,107,165,181,235,240,241,262,290,429,438,25,31,51,53,59,64,65,67,71,73,80,82,93,97,104,105,108,176,184,209,234,236,237,353,55,172,180,274,54,58,178,239,275,
2,4,8,9,26,43,47,61,70,174,183,244,245,186,11,27,52,60,63,66,72,94,96,107,165,181,235,240,241,262,290,25,31,51,53,59,64,65,67,71,73,80,82,93,97,104,105,108,184,209,234,236,237,55,172,180,274,54,58,178,239,275,57,263,
4,8,9,26,47,61,70,174,183,245,186,52,60,63,66,72,94,165,235,241,262,17,25,31,51,53,59,62,64,65,67,69,71,73,80,82,97,108,141,179,182,184,234,236,257,266,292,55,172,180,274,161,169,247,205,207,54,58,178,239,275,
8,26,
59,55,
59,55,
59,55,
26,59,55,
63,59,55,
8,9,57,63,72,245,274,53,47,58,74,80,26,52,66,183,69,65,31,64,67,71,275,56,68,
4,8,9,26,47,61,70,52,63,66,72,186,235,262,17,31,51,53,59,62,64,65,67,69,71,73,80,82,83,91,141,176,182,214,257,266,55,180,223,74,161,164,169,207,205,58,259,56,57,68,263,134,
26,52,60,63,66,72,186,235,8,9,17,31,51,53,59,62,64,65,67,69,71,80,82,182,55,61,223,47,74,164,205,207,58,259,56,57,68,204,264,267,
8,9,57,61,63,72,53,47,58,80,64,52,71,31,67,56,68,
8,9,26,47,61,52,63,66,72,235,31,53,62,64,65,67,69,71,80,82,223,74,164,205,207,58,259,56,57,68,
8,9,57,61,63,72,53,47,80,26,52,64,71,31,67,
8,9,57,61,47,80,64,
8,9,57,61,64,47,80,26,66,
57,47,80,
8,9,57,61,64,47,80,
58,
58,
58,
58,
58,
59,
59,
8,59,
8,59,
59,
8,26,60,66,72,65,
8,60,
60,
8,60,
60,
8,61,
8,9,61,
8,61,
8,61,
8,61,
26,52,63,66,72,235,8,9,31,62,64,65,67,69,71,80,82,
8,9,62,61,
8,9,61,62,
8,9,62,
26,52,63,66,72,8,9,31,53,62,64,65,67,69,71,80,82,
63,72,
63,72,
63,72,
63,
63,
64,
64,
64,
64,
64,
65,
65,
65,
65,
65,
8,66,
66,
66,
66,
66,
67,
67,
67,
8,31,63,67,72,80,82,
67,
8,9,57,61,63,72,53,259,47,58,80,52,235,71,31,51,59,64,67,73,70,56,68,
4,8,9,26,47,61,70,174,183,245,52,60,63,66,72,186,235,262,17,31,51,53,59,62,64,65,67,69,71,73,80,82,83,108,141,176,182,214,257,266,55,180,223,74,164,58,239,259,56,57,68,211,263,260,204,264,265,267,
4,8,9,26,47,61,70,174,183,245,52,60,63,66,72,94,186,235,262,31,51,53,59,62,64,65,67,69,71,73,80,82,83,108,141,176,257,55,223,58,259,56,57,68,
63,
4,8,9,26,47,61,70,186,52,60,63,66,72,235,262,31,51,53,59,62,64,65,67,69,71,73,80,82,83,141,176,182,257,266,55,180,223,205,207,58,259,56,57,68,74,211,263,164,260,261,258,268,204,264,267,
69,80,
63,72,51,64,69,80,
63,72,64,69,80,82,
69,80,
69,80,
4,26,70,53,59,55,
8,9,61,70,
8,9,70,52,59,
4,8,9,26,61,70,174,183,245,11,27,52,60,63,66,72,181,186,235,240,262,31,51,53,59,64,65,67,71,73,80,82,104,108,176,55,172,180,
4,8,9,26,61,70,174,183,244,245,52,60,63,66,72,165,186,235,262,290,31,51,53,59,62,64,65,67,69,71,73,80,82,83,108,141,176,209,257,55,172,274,
8,9,26,61,63,66,72,186,51,59,62,65,71,80,82,
8,9,57,63,72,53,259,47,58,80,26,52,66,65,71,31,62,64,67,69,82,
8,9,61,63,72,186,26,66,235,59,82,62,71,80,
8,9,61,63,72,64,69,53,80,26,52,66,235,65,71,31,67,
8,9,61,63,72,64,69,53,80,26,52,66,65,82,31,67,71,
72,
63,72,
72,
72,
72,
8,63,72,26,174,183,66,65,51,59,73,82,
8,26,174,183,63,66,72,51,53,59,64,65,73,82,
8,26,174,183,51,52,53,59,63,64,65,66,72,73,
8,52,63,72,51,53,59,64,73,
26,52,63,66,72,183,8,51,53,59,64,65,73,82,174,
74,
74,
74,
74,
74,
8,9,26,43,59,66,174,183,55,61,172,180,170,75,
77,
77,
75,
8,9,43,183,66,181,186,59,179,182,184,391,169,55,170,172,180,75,77,
78,
43,
78,
78,
75,77,
63,66,72,17,64,80,391,161,164,169,77,111,162,163,
169,
72,80,64,391,77,164,17,66,214,161,169,111,162,163,
164,
164,
78,
78,
43,78,
43,78,
78,
17,
17,
17,
72,17,
80,
80,
80,
80,
80,
8,81,84,142,143,358,180,
11,26,43,60,72,81,84,174,243,244,262,266,295,324,358,
2,4,8,9,26,43,61,174,183,244,245,186,11,27,52,60,63,66,72,94,96,181,235,240,241,262,290,429,10,12,25,31,51,53,59,62,64,65,67,69,71,73,80,81,82,83,84,90,93,104,105,108,141,142,143,144,182,184,185,196,206,214,234,236,237,242,243,257,266,276,289,295,351,353,358,359,381,392,422,440,172,180,223,291,205,207,352,239,430,238,
81,84,
26,43,174,244,11,60,66,72,81,84,199,206,243,262,358,440,
72,82,
72,82,
72,8,82,
72,82,
82,
72,83,
72,82,83,
83,
83,
83,
8,186,84,
8,26,43,174,244,11,27,60,65,66,72,81,84,243,262,295,
8,9,84,142,143,186,237,359,
26,43,174,244,11,66,72,262,84,243,
8,26,43,174,183,244,186,11,52,63,66,72,96,181,235,240,262,82,84,236,243,257,
4,11,26,27,52,63,66,72,96,165,181,183,186,235,240,241,244,262,290,8,9,12,17,25,31,43,51,53,59,62,64,65,67,69,71,73,80,82,83,84,91,133,141,174,179,182,184,200,206,209,236,242,243,248,257,266,351,353,422,55,61,70,223,13,14,15,18,21,193,194,47,74,161,168,169,247,207,205,58,170,259,56,68,263,134,258,204,264,265,267,315,171,272,
4,8,9,26,43,47,61,70,174,183,244,186,11,27,52,63,66,72,96,165,235,240,262,290,12,17,25,31,51,53,59,62,64,65,67,69,71,73,80,82,83,84,91,104,133,141,179,182,184,200,206,209,234,236,237,242,248,257,266,285,351,353,422,55,13,14,15,18,21,85,193,194,74,58,259,263,134,204,264,272,
72,17,25,
72,17,
4,11,26,27,52,63,66,72,96,181,183,186,235,240,244,245,262,8,9,12,17,31,43,51,53,59,62,64,65,67,69,71,73,80,82,83,84,91,133,174,179,182,184,206,209,234,236,242,243,248,257,266,353,55,61,223,13,14,15,18,21,85,193,194,47,74,169,247,207,57,68,263,134,268,205,204,
8,
8,
8,9,63,72,87,141,381,89,
8,87,90,
87,
8,90,
8,9,63,72,87,90,141,381,89,331,
4,8,9,26,61,70,174,183,244,245,186,11,27,52,60,63,66,72,96,181,235,240,262,17,31,51,53,59,62,64,65,67,69,71,73,80,82,83,104,108,141,176,182,206,257,266,295,324,381,422,55,172,180,223,274,
4,11,26,27,52,63,66,72,183,186,235,240,245,262,290,8,9,31,51,59,62,64,65,67,71,80,87,104,108,141,174,176,182,214,257,266,276,295,324,381,61,70,180,223,47,89,88,
8,9,63,72,87,141,381,89,260,88,
8,9,72,11,27,141,381,260,88,
8,9,63,72,65,141,
8,9,26,174,183,245,52,60,63,66,72,165,186,235,262,31,51,53,59,62,64,65,67,69,71,73,80,82,83,108,141,176,257,89,
8,
8,26,174,244,11,27,60,66,72,262,65,266,295,172,180,223,89,
8,9,11,89,
8,72,65,89,
90,
90,
90,196,180,
90,
8,11,27,90,356,180,291,
4,8,9,26,47,61,174,183,245,52,63,66,72,186,235,17,25,31,51,53,59,62,64,65,67,69,71,80,82,91,179,182,184,234,236,55,164,
8,9,61,63,72,17,51,53,59,64,80,82,91,97,55,74,164,58,134,268,
80,64,82,91,
4,8,9,26,47,61,52,63,66,72,186,235,17,31,51,53,59,62,64,65,67,69,71,80,82,91,182,55,223,74,161,164,58,259,56,57,68,134,204,264,
8,9,26,174,183,245,52,63,66,72,186,235,17,31,51,53,59,62,64,65,67,69,71,80,82,91,179,184,214,234,236,55,223,74,
4,8,9,26,47,52,63,66,94,96,186,235,262,59,64,93,97,133,55,58,259,263,92,
96,
4,8,9,26,47,61,245,186,52,63,66,94,96,235,262,59,64,93,97,55,58,239,92,
4,8,9,26,47,245,52,66,96,186,235,262,59,64,97,55,58,259,263,92,
97,
8,9,26,245,52,63,66,96,186,262,59,93,97,
93,
93,
4,8,9,26,47,61,245,52,63,66,94,96,186,235,262,59,64,93,97,55,58,
96,93,97,
8,63,26,52,94,
4,8,9,26,61,52,63,66,94,96,186,262,59,55,58,
94,96,
8,63,186,4,26,66,94,96,262,
94,
96,
96,
2,4,8,9,26,43,174,183,244,245,11,27,52,60,63,66,72,94,96,107,165,181,186,208,235,240,241,262,290,429,438,
8,26,52,63,96,
96,
2,4,8,9,26,47,61,70,174,183,244,245,52,63,66,72,94,96,107,181,186,241,262,17,25,51,59,65,73,80,82,97,184,234,236,55,172,180,205,207,54,58,178,239,275,
8,9,63,72,245,80,97,26,52,66,96,183,244,262,51,59,65,73,82,174,184,234,
2,4,8,9,26,47,61,70,174,183,244,245,52,60,63,66,72,94,96,165,181,186,235,241,262,290,17,31,51,53,59,62,64,65,67,69,71,73,80,82,97,108,125,141,179,182,184,214,234,236,257,266,292,55,172,180,169,247,205,207,58,259,57,211,261,
26,47,52,63,72,241,51,53,80,82,97,108,234,236,
63,97,
4,26,66,96,186,235,245,8,9,59,64,93,97,179,55,61,47,58,74,92,98,
8,9,26,52,64,93,97,179,235,245,262,61,92,98,
4,8,9,26,47,61,245,52,66,96,186,235,59,64,93,97,179,74,55,58,92,98,
4,8,9,26,47,61,245,52,63,66,94,96,186,235,262,59,64,93,97,179,55,74,58,239,259,263,92,
4,8,9,26,61,52,66,96,186,235,59,64,93,97,179,55,74,92,98,
186,63,66,72,240,241,8,9,17,25,51,62,64,69,80,81,82,83,84,90,97,142,143,237,242,248,292,325,356,61,180,20,283,74,161,207,239,259,204,264,267,269,282,315,367,420,101,102,
204,267,102,282,283,
101,
8,102,
102,
102,
4,8,9,26,52,66,101,
4,8,9,26,61,174,183,186,52,66,240,59,65,257,55,172,274,205,207,239,101,
8,101,
101,
101,
101,
4,8,9,26,61,174,183,186,52,66,59,65,184,257,55,172,274,205,207,239,101,
4,8,9,26,61,52,66,186,59,65,257,55,207,205,101,
283,204,267,
4,8,9,26,47,61,174,183,245,186,52,63,66,72,235,240,241,262,290,17,31,51,53,59,62,64,65,67,69,71,80,82,83,182,184,209,236,257,266,292,325,55,172,180,223,274,58,239,57,211,263,261,258,268,205,207,99,101,102,
8,204,267,
102,
8,204,267,102,282,283,
101,
204,267,102,
8,101,
102,
8,9,26,174,183,244,245,11,63,66,72,181,186,235,241,51,59,65,71,73,80,82,104,
8,61,63,72,51,80,104,
8,9,244,245,52,63,51,104,
2,4,8,9,26,43,47,61,70,174,183,244,245,11,27,52,60,63,66,72,96,107,165,181,186,208,235,240,241,262,290,429,438,31,51,53,59,64,65,67,71,73,80,82,93,104,105,108,109,176,184,209,236,353,55,172,274,54,58,178,239,275,170,
8,9,63,26,183,31,51,52,53,60,71,104,108,235,290,
2,4,8,9,26,43,47,61,174,183,244,245,11,27,52,60,63,66,72,165,181,186,235,240,262,290,17,31,51,53,59,62,64,65,67,69,71,73,80,82,83,91,97,105,108,109,176,179,182,184,214,234,236,257,266,292,55,172,180,161,58,
4,26,53,59,105,353,55,
2,8,9,26,43,174,183,244,245,11,52,63,72,165,186,235,262,290,59,65,80,105,184,236,
8,
4,26,53,59,105,353,55,
8,9,63,72,245,2,174,244,11,31,51,52,53,64,71,73,104,105,106,235,290,
8,17,26,51,59,62,63,71,72,73,80,104,106,174,214,235,290,
257,8,63,72,245,262,26,71,108,236,11,25,31,51,65,90,104,106,165,174,176,182,184,214,235,242,244,290,351,
8,
107,
107,
107,
107,
107,
63,53,108,
63,72,53,82,108,
63,53,108,
108,
63,53,108,
2,8,9,26,43,174,183,244,245,17,31,52,53,59,62,63,66,71,72,80,108,109,165,181,182,234,235,236,290,
2,8,9,26,43,174,244,245,250,31,51,53,62,65,72,73,80,108,109,165,182,235,262,290,
53,63,52,72,235,245,8,9,31,64,67,80,170,
174,63,66,72,165,17,64,80,214,172,74,161,164,169,170,
64,80,
64,72,63,74,80,391,77,164,369,17,66,214,367,161,168,169,247,111,162,163,173,
63,66,72,17,64,80,214,74,161,164,168,169,247,
64,77,17,161,168,169,247,111,162,163,173,
63,72,17,64,80,74,164,168,
169,
72,80,66,64,391,77,164,17,214,161,169,111,162,163,
66,72,17,64,80,391,161,164,169,77,111,162,163,
66,72,17,64,80,214,74,161,164,168,169,247,
129,38,119,135,130,122,131,120,124,126,118,136,139,137,113,121,127,
116,129,38,119,135,130,122,131,120,124,132,138,126,118,136,139,137,113,121,127,
116,129,38,119,135,130,122,131,120,124,132,118,136,139,137,126,113,121,127,
116,129,38,119,135,130,131,124,132,126,118,139,137,113,121,127,
38,113,118,119,121,124,126,127,129,130,131,132,135,137,139,
116,129,38,119,135,130,131,124,132,118,139,137,126,113,121,127,
116,
116,38,113,
38,113,116,118,119,121,124,126,127,129,130,131,132,135,137,139,
220,
8,39,67,220,276,40,
8,67,220,276,40,
8,39,67,220,276,40,
8,67,220,276,40,
8,67,220,276,40,
8,67,220,276,40,115,
8,39,67,220,276,40,
8,67,220,276,40,
220,
116,
116,
116,
116,
116,
8,9,71,125,133,197,341,201,
116,133,138,125,117,
123,125,133,117,128,138,
125,133,116,134,117,138,
128,116,133,138,123,125,117,
38,
38,
38,
38,113,116,118,119,121,124,126,127,129,130,131,132,135,137,139,
38,
116,129,38,119,135,130,122,131,124,132,126,118,139,137,113,121,127,
116,129,38,119,135,130,132,118,139,
116,129,38,119,135,130,122,131,120,124,132,118,139,137,126,113,121,127,
116,129,38,119,135,130,122,131,120,124,132,126,118,136,139,137,113,121,127,
116,
116,138,
116,
38,113,116,118,119,121,124,126,127,129,130,131,132,135,137,139,
38,
116,38,135,148,122,152,132,
116,129,38,119,135,130,122,131,120,124,132,126,118,136,139,137,113,121,127,
116,129,38,119,135,130,122,131,120,124,132,118,136,139,137,126,113,121,127,
116,38,119,148,122,151,464,121,
116,129,38,119,135,130,131,124,132,126,118,139,137,113,121,127,
116,129,38,119,135,130,132,118,139,
116,
116,
116,129,38,119,135,130,122,131,124,132,126,118,139,137,113,121,127,
38,135,129,116,119,130,132,118,139,
38,135,129,119,148,130,132,118,139,156,
8,9,123,125,197,
4,8,9,26,43,174,183,244,245,11,27,52,60,63,66,72,96,181,186,235,240,262,12,17,25,31,51,53,59,62,64,65,67,69,71,73,80,82,91,104,108,123,125,141,176,179,182,184,196,197,234,236,237,242,243,257,297,323,391,
8,123,125,
8,9,96,71,123,125,196,197,
8,9,71,84,96,123,125,133,140,142,195,196,197,199,200,358,439,116,138,201,
38,
38,
38,
38,113,116,118,119,121,124,126,127,129,130,131,132,135,137,139,122,120,136,
38,
125,
125,
125,
125,
125,
116,129,38,119,135,130,122,131,124,132,126,118,139,137,113,121,127,
38,135,132,
116,129,38,119,135,130,131,124,132,126,118,139,137,113,121,127,
116,
116,129,38,119,135,130,122,131,124,126,118,139,137,113,127,
116,
116,
138,
38,
116,
116,138,
128,116,133,138,134,123,125,117,
128,133,138,134,123,125,117,
116,
123,125,133,116,117,128,138,
38,113,116,118,119,121,124,126,127,129,130,131,132,135,137,139,
116,38,135,132,
38,
129,38,119,135,130,132,118,139,
38,
38,
38,
38,
129,38,119,135,148,130,122,131,120,124,132,118,136,139,156,137,126,113,121,127,318,337,
38,
116,
116,129,38,119,135,130,131,124,132,126,118,139,137,113,121,127,
38,113,116,118,119,121,124,126,127,129,130,131,132,135,137,139,
116,129,38,119,135,130,122,131,120,124,132,126,118,136,139,137,113,121,127,
116,
132,
132,
38,135,132,
132,
116,38,135,148,152,132,
133,
133,
133,
133,
133,
8,9,71,134,
134,
134,
8,9,134,
8,164,134,
38,113,116,118,119,121,124,126,127,129,130,131,132,135,137,139,122,
116,38,135,132,
129,38,116,119,135,130,132,118,139,
38,116,132,135,122,
116,129,38,119,135,130,132,118,139,
116,
116,
116,
116,
116,38,135,132,
38,
38,135,129,116,119,148,130,288,131,124,153,462,132,126,118,156,137,146,113,121,127,277,278,155,
38,
38,
38,
138,
138,
138,
138,
138,
116,129,38,119,135,130,122,131,120,124,132,126,118,136,139,137,113,121,127,
129,38,119,135,148,130,131,124,132,126,118,139,156,137,113,121,127,
125,133,38,113,116,118,119,121,124,126,127,129,130,131,132,135,137,139,134,122,120,136,138,
116,
129,38,119,135,130,132,118,139,
8,9,26,174,31,51,52,53,62,63,64,65,66,71,72,80,108,140,141,235,257,
8,9,26,174,183,244,31,53,59,62,63,64,71,72,73,80,82,108,140,141,257,381,
257,8,9,72,240,2,43,174,183,244,96,262,93,108,236,11,27,31,51,53,60,64,66,73,80,82,84,104,109,140,141,142,143,144,176,209,234,241,276,295,296,381,
8,26,174,183,244,245,11,17,31,51,53,62,63,66,71,72,73,80,83,91,108,140,141,144,179,182,184,214,234,236,242,356,392,
8,9,26,43,174,183,244,245,11,27,52,60,63,66,72,96,181,186,235,240,262,12,31,51,53,59,62,64,65,67,69,71,73,80,82,83,84,90,91,104,108,140,141,144,176,179,182,184,206,234,236,242,257,266,295,358,381,422,
63,53,141,
72,
63,141,
53,63,141,
63,53,108,141,
8,9,186,62,81,84,142,143,237,242,359,180,
8,142,
8,142,143,
8,142,143,
142,
8,
8,9,186,62,81,84,143,237,242,359,
8,9,11,26,51,52,63,66,80,83,93,125,143,186,199,206,237,240,243,244,290,358,
8,
8,26,43,174,244,11,27,60,66,72,81,83,84,262,295,
8,144,
8,9,61,11,144,
8,
8,
8,9,26,43,61,174,183,244,245,186,11,27,52,60,63,66,72,96,181,235,240,262,10,12,17,31,51,53,59,62,64,65,71,73,80,81,82,83,84,90,104,108,141,144,176,179,182,184,206,234,236,242,243,257,266,295,324,356,358,381,422,440,
38,
38,
38,
38,
38,
116,
38,
116,129,38,119,135,130,122,131,120,124,132,126,118,136,139,137,113,121,127,
38,119,
129,38,119,135,130,122,131,120,124,132,126,118,136,139,137,113,121,127,
38,
38,119,
38,
38,
38,
116,38,
38,
38,
38,135,129,119,130,132,118,139,
116,38,135,148,122,152,132,
38,
38,
38,
38,
38,116,119,148,
38,
38,
38,135,129,116,119,130,132,118,139,
38,
38,
38,
116,129,38,119,135,130,122,131,120,124,132,126,118,136,139,137,113,121,127,
116,
38,
116,129,38,119,135,130,132,118,139,
116,129,38,119,135,130,132,118,139,
116,38,135,148,152,132,
38,
38,135,132,
38,
38,135,129,116,119,130,132,118,139,
38,135,129,119,130,132,118,139,
277,
116,129,38,119,135,130,118,139,
38,
38,
38,154,373,
38,154,373,
38,154,373,
373,
38,
277,
38,153,277,155,
38,153,277,155,
277,
38,119,
38,
38,
116,129,38,119,135,130,118,139,
116,38,
38,
38,
38,
38,
38,
38,
38,
116,38,135,132,
116,129,38,119,135,130,118,139,
38,
38,
38,
38,
38,
38,
116,129,38,119,135,130,122,131,120,124,132,126,118,139,137,113,121,127,
38,113,116,118,119,121,124,126,127,129,130,131,132,135,137,139,122,
38,
116,
174,63,66,72,17,64,80,172,74,161,164,169,247,170,171,
17,64,161,169,247,
161,
161,
63,66,72,17,64,80,214,161,
8,9,47,61,174,52,63,66,72,165,17,53,59,64,80,82,91,214,236,55,74,161,164,168,169,369,111,162,163,
63,72,74,80,66,64,164,369,17,214,367,161,168,169,247,111,162,163,
4,52,63,66,72,183,186,235,245,64,80,82,91,391,8,77,164,369,17,25,31,53,62,65,67,69,71,184,214,234,236,297,74,367,47,161,168,169,247,205,61,111,162,163,68,223,
80,161,
164,
63,72,64,80,74,164,
63,72,64,80,164,
8,9,63,72,17,51,53,59,64,80,82,91,236,164,
64,164,
64,80,164,
66,72,17,64,80,164,
8,9,26,47,174,183,245,52,60,63,66,72,165,186,235,17,31,51,53,59,62,64,65,67,69,71,80,82,91,108,179,182,184,214,234,236,164,
164,
174,165,
174,165,80,
174,165,
174,165,80,
174,66,165,
161,
161,
17,64,161,169,247,
161,
161,
161,
63,72,17,64,80,74,164,168,
17,64,66,72,80,214,74,161,164,168,169,247,
17,63,64,66,72,80,74,161,164,168,169,247,
63,72,17,64,80,74,164,168,
66,72,17,64,80,391,74,161,164,168,169,247,369,77,
17,64,161,169,
66,72,17,64,80,74,161,164,169,247,
8,47,52,72,17,64,74,161,164,169,270,
8,9,47,61,52,63,66,72,17,51,53,59,64,80,82,91,214,74,161,164,169,55,58,134,
169,
80,170,
63,80,170,
4,8,9,26,47,61,174,183,244,245,52,60,63,66,72,165,186,235,290,31,51,53,59,62,64,65,67,69,71,80,82,108,55,172,223,274,58,275,170,57,
80,170,
174,63,66,72,165,64,80,172,170,
63,66,72,17,64,80,74,161,164,169,247,170,171,
174,63,66,72,17,64,80,214,74,161,164,169,247,170,171,
63,66,72,17,64,80,74,161,164,169,247,170,171,
80,161,
26,66,65,174,172,
26,66,65,174,172,
26,66,244,65,174,172,
8,9,61,186,26,66,183,65,59,174,55,172,
8,9,61,186,4,26,52,66,181,183,244,59,174,184,55,172,
17,63,64,66,72,80,165,174,214,297,391,74,161,164,168,169,247,170,
174,64,63,74,80,17,66,165,297,161,164,168,169,247,369,111,162,163,170,171,173,
161,
17,64,
174,
8,174,66,
174,66,
8,26,174,
8,174,
8,
8,9,245,52,
8,9,63,72,245,26,51,52,53,64,67,71,80,104,108,175,176,183,244,295,
8,9,72,245,26,244,31,51,52,53,64,71,80,104,108,175,176,235,290,295,
8,9,63,72,26,52,71,108,51,53,59,104,175,176,183,235,244,290,295,
8,61,63,72,290,31,51,53,67,80,82,108,176,
4,8,9,26,47,61,70,52,60,63,66,72,186,235,262,31,51,53,59,62,64,65,67,69,71,73,80,82,83,141,176,209,257,55,223,74,164,58,259,56,57,68,260,261,
52,63,72,235,8,9,31,51,53,59,64,67,71,73,80,176,
4,8,9,26,47,61,70,52,60,63,66,72,186,235,262,17,31,51,53,59,62,64,65,67,69,71,73,80,82,83,141,176,182,214,257,266,55,180,223,74,164,58,259,56,57,68,211,263,260,261,204,264,265,
8,9,61,63,72,26,53,262,71,59,82,31,51,62,64,66,67,73,80,176,
8,
26,
26,
8,9,61,244,245,52,72,51,59,73,80,178,
8,61,63,245,26,183,290,59,80,178,
4,8,9,26,47,61,70,174,183,244,245,186,52,60,63,66,72,94,107,165,208,235,262,290,385,386,31,51,53,59,62,64,65,67,69,71,73,80,82,83,108,141,176,209,257,55,172,223,274,58,178,239,275,170,259,56,57,68,
8,61,63,245,80,59,55,178,
8,9,61,63,72,245,26,52,183,51,59,73,80,55,178,239,
8,9,66,80,179,
8,9,66,179,
8,9,66,179,
66,8,9,179,
8,9,66,179,
180,
180,
180,
180,
180,
8,26,174,183,66,181,240,65,
8,26,174,66,181,240,
8,26,174,66,181,59,65,
26,181,
181,
8,72,66,82,182,
8,9,61,63,72,186,80,26,66,235,65,82,55,59,62,71,182,
66,72,8,82,182,
8,66,72,82,182,
8,66,72,82,182,
8,26,183,
8,26,183,
8,26,183,63,
8,26,183,63,
8,26,183,
8,9,26,52,65,184,
8,9,61,65,184,
8,9,61,186,26,174,244,52,66,59,65,184,55,172,
8,9,61,180,65,184,
8,9,61,184,
8,
8,63,72,186,26,27,43,51,52,53,59,64,66,71,174,182,183,185,187,235,236,
8,
8,
26,43,174,
186,
8,26,186,52,66,
8,26,186,52,63,66,
8,26,186,66,
8,26,186,63,66,
8,187,236,
8,43,187,236,
8,43,187,236,
8,43,187,236,
8,43,187,236,
180,
180,
38,
38,
38,
38,
38,
17,72,13,16,
72,17,
72,15,194,283,74,
72,17,207,
4,8,9,26,43,47,61,174,183,244,245,186,11,27,52,63,66,72,96,165,235,240,241,290,12,17,25,31,51,53,59,62,64,67,71,73,80,82,83,84,104,133,176,179,184,200,206,209,214,234,236,237,242,243,257,353,422,55,180,13,15,21,193,194,74,161,207,205,352,259,134,204,264,267,315,
17,13,16,
72,17,
72,17,13,16,207,
13,16,17,
72,17,13,
14,18,
72,13,17,
4,8,9,26,43,47,174,183,244,245,11,27,52,63,66,72,96,165,186,235,240,262,290,17,25,51,53,59,62,64,71,80,83,84,91,133,141,179,182,184,200,236,237,242,243,257,422,180,13,14,15,18,21,22,85,193,194,263,
72,17,13,207,
72,17,
4,26,52,63,66,72,94,96,181,183,186,235,240,241,244,245,8,9,17,25,31,51,53,59,62,64,65,67,69,71,73,80,82,83,84,91,104,133,174,179,182,184,206,209,236,243,248,257,15,194,283,47,74,161,169,207,172,205,55,58,61,180,239,259,261,204,264,267,315,420,
72,17,
283,
17,25,
8,9,71,125,195,196,199,200,
8,
8,196,
8,196,
8,9,96,71,123,125,133,195,196,197,199,200,341,
8,9,47,196,199,
8,196,
197,
133,197,
125,133,197,
8,9,133,197,
8,9,125,133,197,138,201,
164,198,
8,9,12,17,27,31,43,51,52,60,63,64,66,71,72,80,83,96,97,104,108,123,125,141,174,179,183,184,196,235,236,240,241,242,243,244,245,257,266,323,391,47,164,169,77,116,198,201,
17,63,72,80,123,323,391,
8,26,60,65,66,174,199,206,243,244,358,
8,244,52,60,199,206,351,358,
8,9,11,26,27,43,53,60,72,81,84,174,199,206,243,244,266,324,358,440,
8,244,25,52,60,104,199,206,351,358,
8,
8,25,200,
25,
8,17,25,26,200,422,
2,8,9,26,70,174,244,245,11,17,25,51,52,53,59,60,63,65,66,72,80,83,104,108,125,186,199,200,206,240,290,358,422,180,352,
8,9,71,200,
8,9,71,125,197,201,
8,9,71,84,123,125,133,140,142,195,196,197,199,200,206,358,439,201,
8,9,133,197,138,201,
8,9,96,71,123,125,196,197,201,
8,9,123,125,142,197,439,138,201,
0,1,5,6,230,403,451,330,415,
6,385,386,
6,385,386,
6,385,386,
6,385,386,
6,385,386,
6,
6,385,386,
6,385,386,
0,1,5,6,230,403,451,330,415,
74,204,
4,8,9,26,61,52,66,204,267,
204,
204,267,
74,204,
8,63,72,26,52,66,82,65,205,207,
4,8,9,26,47,61,186,52,60,63,66,72,235,262,17,31,51,53,59,62,64,65,67,69,71,73,80,82,83,108,141,176,182,257,266,55,180,205,207,58,
8,26,205,207,
8,26,205,207,
205,207,
8,
8,26,60,66,72,262,65,206,266,180,
8,60,206,351,
11,26,27,52,60,63,66,72,96,165,181,186,235,241,244,245,262,290,429,8,9,12,17,25,31,43,51,53,59,62,64,65,67,71,73,80,81,82,83,84,90,93,97,104,105,108,125,141,142,143,144,174,179,182,184,196,199,206,236,237,242,243,257,266,276,289,295,324,351,353,358,359,392,422,427,440,180,
26,52,63,66,72,181,183,186,235,240,241,244,262,290,8,9,17,31,51,53,59,62,64,65,67,69,71,73,80,82,83,91,141,174,176,182,184,206,209,257,266,351,353,47,
207,
207,
8,9,26,174,183,52,66,186,59,65,184,257,55,205,207,
207,
8,26,205,207,
2,4,8,9,26,174,183,244,245,11,27,52,60,63,66,72,94,96,107,165,181,186,208,235,240,241,262,290,429,438,31,51,53,59,64,65,67,71,73,80,82,108,209,
2,4,8,9,26,47,61,70,174,183,244,245,186,11,27,52,60,63,66,72,94,96,107,165,181,208,235,240,241,262,290,429,438,31,51,53,59,62,64,65,67,71,80,82,83,108,141,176,209,257,55,172,58,178,239,275,
2,4,8,9,26,43,47,61,174,183,244,245,186,11,52,60,63,66,72,94,96,107,165,181,208,235,240,241,262,290,429,438,
2,4,8,9,26,174,183,244,245,186,11,27,52,60,63,66,72,96,107,165,181,208,235,240,241,262,290,429,438,31,51,53,59,65,67,71,73,80,82,104,108,
2,4,8,9,26,174,183,244,245,186,11,27,52,60,63,66,72,107,165,181,208,235,240,241,262,290,429,438,53,141,
52,
8,9,31,51,52,53,59,63,64,67,71,72,80,176,209,235,244,245,290,
26,52,63,66,72,235,8,9,62,65,71,80,82,
8,9,31,51,52,53,59,63,64,67,71,72,80,176,209,235,
8,
8,
8,
8,
8,
64,69,72,259,47,53,58,63,74,80,26,52,94,96,262,8,108,82,51,214,264,211,
4,26,52,63,66,72,186,8,9,17,31,51,53,59,62,64,65,67,69,71,73,80,82,91,182,214,55,61,180,223,47,74,161,169,58,259,56,57,68,211,268,205,204,264,267,
72,
72,
72,
4,8,9,26,47,61,52,60,63,66,72,186,235,262,17,31,51,53,59,62,64,65,67,69,71,73,80,82,91,141,176,182,214,257,266,55,180,223,74,161,169,205,207,58,259,56,57,68,211,204,264,
72,
214,
214,
72,
214,
72,
72,214,
72,214,
214,
72,
72,
4,8,9,26,47,61,52,60,63,66,72,186,235,17,31,51,53,59,62,64,65,67,69,71,73,80,82,182,214,55,180,223,74,205,207,58,259,56,57,68,211,258,268,204,264,
4,8,9,26,47,61,70,52,60,63,66,72,186,235,262,17,31,51,53,59,62,64,65,67,69,71,73,80,82,83,141,176,182,257,266,55,180,223,74,205,207,58,259,56,57,68,211,263,260,261,258,268,204,267,
214,
116,38,119,122,121,
38,116,119,121,
121,
116,38,119,122,121,
121,
121,216,
121,
121,
121,
121,
8,39,67,220,276,40,
8,39,67,220,276,40,
8,39,67,220,276,40,
8,67,
8,39,67,220,276,40,
223,
72,223,
72,223,
72,223,
72,223,
8,9,26,43,174,183,244,245,186,11,27,52,60,63,66,72,96,181,235,240,262,12,17,31,51,53,59,62,64,65,67,71,73,80,81,82,83,84,104,108,141,144,176,179,182,184,199,206,214,234,236,242,243,257,295,324,351,353,356,358,381,392,422,440,55,172,180,352,
8,
2,4,8,9,26,43,61,174,183,244,245,186,11,27,52,60,63,66,72,96,165,181,235,240,241,262,290,17,25,31,51,53,59,62,64,65,67,69,71,73,80,82,83,93,97,104,105,108,125,176,179,182,184,199,214,234,236,237,243,257,351,180,352,
4,8,9,26,47,61,244,11,52,60,63,66,72,96,186,235,240,241,262,290,17,31,51,53,59,62,64,65,67,69,71,73,80,82,83,108,141,176,182,209,257,266,351,55,180,352,58,
4,8,9,26,43,47,61,70,174,183,244,245,186,11,27,52,63,66,72,96,181,240,241,262,12,17,51,59,65,73,80,82,144,184,234,236,242,356,381,392,422,55,180,352,58,
225,
385,386,
225,
223,
223,
223,
223,
223,
63,72,55,59,223,
11,26,27,52,60,63,66,72,96,165,181,183,186,235,240,244,245,262,290,8,9,10,12,17,31,43,51,53,59,62,64,65,67,69,71,73,80,81,82,83,84,90,104,108,141,144,174,179,182,184,199,206,234,236,242,243,257,266,295,324,351,356,358,381,392,422,24,55,172,180,223,205,207,352,
11,26,27,60,63,66,72,183,235,245,262,8,9,31,51,53,59,64,65,67,69,71,73,80,82,84,108,141,174,206,234,257,358,381,422,55,172,180,223,205,260,261,228,
257,8,63,72,186,240,245,53,141,80,11,26,52,60,66,181,183,244,290,65,55,59,82,31,51,64,71,73,83,84,104,174,206,243,266,295,324,358,422,180,24,172,205,207,228,
11,26,27,52,60,63,66,72,96,183,186,240,244,262,8,9,10,17,31,51,53,59,62,64,65,67,69,71,73,80,82,83,84,104,108,141,144,174,182,184,206,214,236,243,257,266,324,358,381,422,24,55,70,172,180,205,207,430,228,
0,1,5,6,230,403,451,330,415,
0,1,5,6,385,386,
6,385,386,
6,
0,1,5,6,230,403,451,330,415,
0,1,5,6,230,231,368,403,451,330,415,327,
6,
6,
6,
6,385,386,
0,
0,1,5,6,385,386,
59,
59,
8,63,59,
59,
59,
59,
59,
26,52,241,234,
8,9,26,52,66,234,
72,26,244,52,234,
8,9,26,66,234,
8,9,26,66,234,
26,52,63,66,72,186,235,8,9,31,51,53,59,62,64,67,69,71,80,82,
26,52,63,66,72,235,8,9,31,53,62,64,65,67,69,71,80,82,
63,72,235,8,51,59,71,80,
8,9,26,63,66,72,186,235,51,59,62,71,80,82,
8,9,26,52,63,66,72,235,31,53,64,65,67,71,80,82,
8,236,
236,
8,236,
8,9,26,183,245,52,63,66,72,65,80,82,184,234,236,
236,
8,9,26,43,174,183,244,245,11,27,63,66,72,96,181,186,240,241,51,65,73,80,82,184,236,237,
66,
66,
2,4,8,9,26,43,61,174,183,244,245,186,11,27,52,60,63,66,72,96,165,181,235,240,241,290,429,12,25,31,51,53,59,62,64,65,67,69,71,73,80,81,82,83,84,93,97,104,125,141,142,143,144,179,182,184,196,199,206,234,236,237,242,243,257,266,276,285,289,295,324,351,353,356,358,359,392,422,440,55,172,180,205,207,239,246,238,
2,4,8,9,26,43,61,174,183,244,245,11,27,52,60,63,66,72,96,165,181,186,235,240,241,262,290,17,25,31,51,53,59,62,64,65,67,71,73,80,82,83,93,97,104,105,108,125,179,182,184,187,199,234,236,237,243,257,351,172,180,291,205,207,239,
8,9,239,
4,8,9,26,43,47,61,174,183,244,245,186,11,27,52,60,63,66,72,96,165,181,235,240,241,12,31,51,53,59,62,64,65,67,69,71,73,80,82,104,179,182,184,234,236,242,243,55,172,180,223,58,239,170,57,74,169,205,207,161,
66,
8,9,61,245,63,72,51,59,71,73,80,239,
8,9,239,
8,52,240,
240,
8,240,
240,
240,
72,241,
241,
241,
241,
241,
8,9,26,43,174,183,244,245,11,27,63,66,72,96,181,186,235,240,241,290,12,25,51,59,65,73,82,182,184,236,237,242,243,257,351,
2,4,8,9,26,43,47,61,174,183,244,245,186,11,27,52,60,63,66,72,96,165,181,235,240,241,262,290,12,17,25,31,51,53,59,62,65,71,73,80,82,83,97,104,105,108,123,141,176,182,184,197,234,236,237,242,243,257,266,289,295,323,325,391,55,172,180,274,291,58,239,
8,9,174,183,244,11,12,27,52,59,65,66,90,181,184,186,236,242,
2,4,8,9,26,43,61,174,183,244,245,11,27,52,60,63,66,72,165,181,186,235,240,290,17,25,31,51,53,59,62,64,65,67,69,71,80,82,97,105,108,179,182,184,234,236,237,242,289,292,295,55,172,180,291,
4,8,9,26,43,61,174,183,244,245,186,11,27,52,63,66,72,96,181,235,240,241,12,31,51,53,59,62,64,65,67,69,71,73,80,82,104,179,182,184,214,234,236,237,242,243,172,180,239,
8,9,26,43,174,183,244,11,27,63,66,96,181,186,235,240,12,51,59,62,65,71,80,82,179,182,184,236,237,242,243,
11,26,27,66,72,244,43,65,174,243,
66,
8,66,
244,
8,244,52,
8,244,52,
244,52,
244,52,
8,245,
8,245,
8,245,52,
8,245,
8,245,
4,8,9,26,61,174,183,244,186,52,66,181,240,290,59,65,184,55,205,207,246,
4,8,9,26,61,174,183,244,186,52,66,181,240,290,59,65,184,257,55,172,274,239,246,
4,8,9,26,43,47,61,174,183,244,245,186,11,27,52,60,63,66,72,96,181,235,240,241,262,12,17,25,31,51,53,59,62,64,65,67,69,71,73,80,82,83,97,104,108,141,176,179,182,184,206,214,234,236,237,242,243,257,266,55,180,223,58,57,246,
4,8,9,26,61,174,183,244,186,52,66,181,240,59,65,184,55,205,207,246,
4,8,9,26,43,61,174,183,244,245,186,11,27,52,63,66,72,96,181,235,240,241,12,17,25,31,51,53,59,62,64,65,67,69,71,73,80,82,91,104,179,182,184,214,236,237,242,243,391,55,180,205,246,
63,66,72,17,64,80,169,247,
63,72,17,64,80,74,164,
63,66,72,17,64,80,214,74,161,164,169,247,
63,66,72,17,64,80,214,74,161,164,169,247,
17,64,169,247,
248,283,74,204,267,316,
8,
248,
2,8,9,26,61,174,183,244,245,186,52,60,63,66,72,165,181,235,290,25,31,51,53,59,64,65,67,71,80,82,97,108,184,234,236,55,172,180,
2,8,9,26,43,174,183,244,245,
2,8,9,26,43,174,183,244,245,
2,26,
2,8,26,174,
8,9,170,
80,64,170,
8,9,2,43,174,250,
4,8,9,26,47,61,174,183,244,245,186,52,63,66,72,165,235,31,51,53,59,62,64,65,67,69,71,73,80,82,55,172,74,58,170,259,57,68,
2,8,9,26,43,183,250,262,52,71,72,108,186,236,27,62,80,91,165,179,182,184,235,276,295,
8,236,
257,8,63,72,262,26,71,236,11,27,43,51,62,66,80,141,165,174,181,183,184,187,235,251,
8,
8,236,
52,66,72,245,8,17,64,80,214,47,74,161,164,169,247,
197,
8,9,197,201,
133,197,
8,9,197,201,
125,197,
116,129,38,119,135,130,122,131,124,132,126,118,139,137,113,121,127,
38,154,373,
38,
38,154,373,
74,204,
8,26,186,52,66,65,257,
26,52,63,66,72,186,235,245,262,8,9,31,51,53,59,62,64,65,69,71,73,80,82,83,108,257,
8,9,26,52,59,65,66,186,257,
8,26,186,52,63,66,72,257,
8,9,26,52,66,186,59,257,
8,9,61,63,72,17,51,53,59,64,80,82,55,74,164,58,134,258,268,
4,8,9,26,61,174,183,245,186,52,60,63,66,72,235,241,262,17,31,51,53,59,62,64,65,67,69,71,73,80,82,83,91,97,108,141,176,179,182,184,234,236,257,266,325,55,172,223,274,58,57,258,268,205,
4,8,9,26,47,61,70,186,52,60,63,66,72,235,262,17,31,51,53,59,62,64,65,67,69,71,73,80,82,83,141,176,182,257,266,55,223,205,207,58,259,56,57,68,263,258,268,
8,9,47,61,52,63,66,72,17,51,53,59,64,80,82,55,74,164,58,258,268,
4,8,9,26,47,61,174,183,245,186,52,60,63,66,72,235,262,17,31,51,53,59,62,64,65,67,69,71,73,80,82,83,108,141,176,182,214,257,266,55,180,223,205,207,58,57,211,263,260,261,258,268,
4,8,9,26,47,61,70,52,60,63,66,72,186,235,262,31,51,53,59,62,64,65,67,69,71,73,80,82,83,141,176,257,55,223,74,164,58,259,56,57,68,261,
4,8,9,26,47,61,52,63,66,64,58,259,
63,72,53,80,58,259,
47,259,
63,72,51,64,69,80,82,259,
63,72,260,261,83,
72,
72,
63,72,260,65,261,83,
8,9,63,72,65,141,260,
65,
65,
186,4,26,52,60,63,66,72,235,262,8,9,31,51,53,59,62,64,65,67,69,71,73,80,82,83,141,176,182,257,266,55,61,180,223,47,58,57,211,263,260,261,258,268,205,207,
8,9,26,70,174,183,245,186,52,60,63,66,72,235,262,17,31,51,53,59,62,64,65,67,69,71,73,80,82,83,108,141,176,182,214,257,266,55,180,205,207,260,261,
63,72,65,261,26,52,82,51,80,
8,9,26,262,
8,26,174,183,244,186,52,63,66,72,165,235,262,65,257,
8,26,174,244,60,66,72,262,65,172,
72,52,262,
8,72,52,262,
8,26,52,63,66,72,51,53,59,64,65,73,82,55,223,263,
8,26,52,63,66,72,51,53,59,64,65,73,82,55,223,263,
8,63,72,64,26,52,66,65,82,51,53,59,263,55,223,
8,26,52,63,66,72,51,53,59,64,65,73,82,55,223,263,
8,26,52,63,66,59,64,55,263,
264,
82,264,
264,
72,82,74,204,264,
82,264,
8,9,47,64,71,80,82,91,134,264,265,
8,9,47,96,64,71,80,82,123,125,133,197,341,164,265,
26,52,63,66,72,235,8,9,17,31,51,53,62,64,65,67,69,71,80,82,83,91,97,47,134,264,265,
8,9,47,64,71,80,82,164,264,265,
8,9,47,64,71,80,82,264,265,
8,9,65,266,
65,266,
8,65,266,
266,
266,
74,204,267,
74,204,267,
8,72,82,83,248,74,259,204,264,267,
204,267,
8,204,267,
4,8,9,26,47,61,174,183,245,52,60,63,66,72,186,235,17,31,51,53,59,62,64,65,67,69,71,73,80,82,108,182,214,55,180,223,74,205,207,58,259,56,57,68,211,258,268,204,267,
8,9,61,63,72,17,51,53,59,64,80,82,55,74,164,58,258,268,
4,8,9,26,47,61,174,183,245,52,60,63,66,72,165,186,235,262,17,31,51,53,59,62,64,65,67,69,71,73,80,82,91,108,141,176,179,182,184,234,236,257,266,55,180,223,74,161,164,169,205,207,58,170,259,56,57,68,134,258,268,
8,9,61,63,72,17,51,53,59,64,80,82,55,58,258,268,
8,9,61,63,72,17,51,53,59,64,80,82,108,55,74,58,258,268,
74,
74,
63,72,17,51,64,69,80,82,83,97,292,74,270,259,294,204,264,267,269,283,293,315,367,420,
74,
63,72,17,51,64,69,80,82,83,97,292,325,283,74,161,270,259,294,204,264,267,269,293,315,367,420,
47,58,63,72,74,80,4,26,52,66,186,241,8,17,51,64,82,270,169,205,207,
72,8,17,64,74,161,270,
74,
17,64,72,74,270,
8,47,72,17,64,74,270,
80,
80,
80,
80,
17,194,
8,9,71,134,
17,72,194,
272,283,17,194,
72,17,25,20,194,207,
80,
4,8,9,26,47,61,174,183,245,52,60,63,66,72,165,186,235,31,51,53,59,62,64,65,67,69,71,80,82,108,55,172,223,274,74,164,58,275,259,56,57,68,273,
4,8,9,26,47,61,174,183,245,52,60,63,66,72,186,235,262,17,31,51,53,59,62,64,65,67,69,71,73,80,82,83,108,141,176,179,184,234,236,257,55,172,180,223,274,74,161,164,169,247,58,239,275,259,57,273,134,205,
4,8,9,26,47,61,174,183,244,245,52,60,63,66,72,94,165,186,235,262,290,31,51,53,59,62,64,65,67,69,71,73,80,82,83,108,176,209,257,408,55,172,274,74,58,239,275,259,56,57,68,273,
66,8,9,69,80,179,
8,9,26,47,61,183,245,52,63,66,72,235,31,53,62,64,65,67,69,71,80,82,91,179,184,234,236,274,161,169,247,205,207,58,275,259,57,68,170,
4,8,9,26,43,61,70,174,183,244,245,11,27,52,60,63,66,72,96,181,186,235,240,262,10,12,31,51,53,59,62,64,65,67,69,71,73,80,82,83,84,108,141,144,179,182,184,206,234,236,242,243,257,266,295,324,358,381,422,440,24,55,172,180,223,274,239,169,205,207,247,
4,8,9,26,61,174,183,245,186,52,60,63,66,72,165,235,262,17,31,51,53,59,62,64,65,67,69,71,73,80,82,83,91,108,141,176,179,182,184,214,234,236,257,266,55,172,180,223,274,
4,8,9,26,43,61,174,183,244,245,11,27,52,60,63,66,72,96,181,186,240,262,10,12,17,31,51,53,59,62,64,65,71,73,80,81,82,83,84,90,104,108,140,141,144,179,182,184,199,206,234,236,242,243,257,295,324,353,356,358,381,422,440,24,55,172,180,223,274,393,
8,57,61,26,275,65,66,183,
4,8,9,26,47,61,174,183,245,52,63,66,72,186,235,17,31,51,53,59,62,64,65,67,69,71,73,80,82,91,182,184,214,234,236,55,180,223,274,74,161,164,169,247,205,207,58,275,170,259,57,
8,9,61,47,26,66,183,65,275,
4,8,9,26,47,61,70,174,183,245,186,52,60,63,66,72,94,208,235,262,17,31,51,53,59,62,64,65,67,69,71,73,80,82,83,108,176,179,182,184,234,236,257,55,172,180,223,274,74,161,164,169,247,205,207,58,239,275,170,259,57,263,260,261,
8,9,57,61,63,245,47,80,26,66,183,235,65,64,82,31,62,67,69,275,
8,31,276,290,295,
8,9,11,27,31,51,52,53,59,62,63,64,65,67,71,72,80,165,176,183,184,186,235,236,244,245,276,290,295,
8,39,67,220,276,
2,8,43,174,183,244,245,10,11,12,17,29,31,51,53,62,63,67,71,72,73,80,84,93,104,109,125,140,141,143,144,165,175,176,179,181,182,184,209,214,234,235,236,240,241,242,251,257,276,289,290,295,296,297,356,434,
8,
38,
38,
277,
277,
38,153,277,155,
38,153,277,155,
38,
38,
38,
180,
8,9,26,43,174,244,11,27,60,63,66,72,262,65,81,84,87,90,91,123,125,141,142,143,196,199,206,243,266,285,324,356,358,366,381,440,172,180,223,287,291,89,280,316,331,334,
8,
8,9,26,174,11,27,60,63,66,72,262,65,87,90,91,141,196,206,266,356,366,172,180,223,291,280,331,
72,
72,
87,90,196,180,
8,283,
283,
283,
8,248,74,204,264,267,282,283,315,420,
283,
204,267,282,283,
283,204,267,
74,204,267,
74,
72,82,83,283,74,204,264,267,282,315,420,
8,283,
283,204,267,
17,283,
283,
4,8,9,26,43,47,61,174,244,11,27,52,60,66,72,241,262,290,65,199,234,243,172,180,58,284,
4,8,9,26,47,61,174,52,60,66,72,241,262,290,65,234,266,172,180,223,58,284,
4,8,9,26,43,47,61,174,244,58,72,11,27,52,60,66,241,262,290,180,12,65,234,285,295,284,
11,26,60,66,72,244,262,8,43,65,84,174,196,199,206,243,266,285,324,358,172,180,287,284,
8,26,174,60,66,72,262,65,266,172,180,223,284,
8,9,26,174,52,60,66,72,241,262,290,65,234,266,180,
241,285,
285,
8,9,26,43,174,244,11,27,52,60,66,72,241,262,290,12,65,84,196,199,206,234,243,266,285,295,324,358,422,440,180,
11,26,52,60,66,241,290,8,9,12,196,234,285,324,287,284,
4,8,9,26,47,61,52,60,66,72,241,290,58,284,
11,26,27,60,66,72,244,262,8,65,81,84,174,196,206,243,266,285,295,324,358,440,172,180,223,287,284,
4,11,26,27,52,60,66,72,241,244,262,290,8,9,12,43,65,84,174,196,206,234,243,266,285,295,324,358,440,61,172,180,223,287,430,284,
8,26,43,174,244,11,27,60,66,72,262,65,81,84,87,90,199,206,243,266,324,356,358,366,172,180,287,430,284,
4,8,9,26,43,61,174,244,11,27,52,60,66,72,241,262,290,12,65,81,84,196,206,234,243,266,285,295,324,358,422,172,180,223,287,
8,9,26,43,174,244,11,27,52,60,66,72,241,262,290,12,65,81,84,196,234,243,266,285,295,324,358,422,440,287,
180,
116,38,135,132,
38,
38,153,277,155,
38,135,116,148,132,
38,
2,8,9,26,43,174,183,244,245,186,11,27,52,60,63,66,72,96,165,181,235,240,241,262,290,429,10,12,25,31,39,51,53,59,62,64,65,67,71,73,80,82,83,84,97,104,105,108,141,142,143,144,176,182,184,185,187,206,234,236,237,242,243,257,285,289,295,324,351,353,358,381,422,440,
2,8,9,26,174,183,244,245,11,27,52,60,63,66,72,96,165,181,186,240,241,262,290,429,17,31,51,53,59,62,64,65,67,69,71,73,80,82,83,104,108,141,176,182,206,257,276,289,295,381,422,
2,4,8,9,26,43,174,183,244,245,250,186,11,27,52,60,63,66,72,165,181,235,240,290,17,25,31,51,53,59,62,64,65,67,69,71,80,82,91,97,105,108,109,179,182,184,234,236,237,242,289,295,55,
8,9,
2,8,9,26,43,174,183,244,245,250,186,11,27,52,60,63,66,72,165,181,235,240,290,17,25,31,51,53,59,62,64,65,67,71,80,82,97,105,108,109,123,179,182,184,214,234,236,237,242,289,295,323,325,391,
4,8,9,26,52,66,186,290,59,65,
8,290,
4,8,186,26,66,290,
4,8,26,63,66,186,290,
8,61,63,72,290,31,51,53,67,80,82,108,176,
2,4,8,9,26,43,61,174,183,244,245,186,11,27,52,63,66,72,96,181,240,241,262,25,51,59,65,73,80,82,93,97,184,234,236,237,24,55,172,180,274,291,239,
8,
4,8,9,26,61,174,183,244,186,52,66,181,240,290,59,65,184,55,172,291,205,207,
8,291,11,27,
8,291,
292,
17,51,63,72,80,97,292,
292,
17,51,63,72,80,82,97,292,
292,
74,
8,47,17,64,72,74,161,270,
17,64,72,74,161,270,
74,
17,64,72,74,161,270,
8,9,17,26,31,51,52,53,59,62,63,64,65,67,69,71,72,80,83,108,176,257,262,266,292,47,74,55,58,94,70,259,56,57,68,211,223,263,294,261,204,264,267,
72,82,292,74,259,294,204,264,267,269,283,315,367,420,
294,204,
63,72,17,51,64,69,80,82,83,97,292,325,259,
72,82,248,292,74,259,204,264,267,283,294,
8,26,52,65,295,
8,26,174,52,63,66,72,186,290,65,80,82,295,
26,60,72,295,
8,26,52,60,63,72,290,51,80,295,
8,72,26,52,60,295,
2,8,26,43,174,183,11,12,17,31,51,53,62,63,64,66,69,71,72,73,81,82,83,84,91,93,96,97,104,108,125,140,141,142,143,144,165,175,179,182,184,214,234,235,236,237,240,242,257,276,290,295,296,297,351,353,359,392,434,
257,8,9,63,72,434,2,26,43,174,183,244,11,12,52,62,67,71,81,84,93,97,104,105,108,125,141,142,143,144,175,179,181,214,235,236,242,251,276,290,296,297,
8,
8,
8,
8,
64,297,
8,61,
257,8,9,63,72,240,434,2,26,43,183,244,11,12,17,31,51,52,53,62,71,73,80,81,82,84,93,104,108,109,125,142,143,144,165,175,179,181,184,187,209,234,235,236,241,242,243,251,276,290,296,297,356,359,
4,8,9,26,61,174,244,186,52,66,240,59,65,184,351,55,172,274,298,
4,8,9,26,61,174,183,244,186,52,66,181,240,290,59,65,184,257,351,55,172,291,239,298,
26,
4,8,9,26,61,174,183,244,186,52,66,181,240,290,59,65,184,55,172,274,291,239,298,
4,8,9,26,61,174,183,244,186,52,66,181,240,290,59,65,184,257,351,55,172,274,291,205,239,298,246,
283,204,267,282,
283,
283,
72,248,283,74,204,267,420,
301,
277,301,
301,
301,
301,
301,
301,
301,
301,
72,82,74,204,264,
264,
264,
72,82,74,204,264,
264,
72,82,74,204,264,
72,82,74,204,264,
264,
74,204,264,
264,
264,
264,
72,82,74,204,264,
72,82,74,204,264,
82,264,
264,
264,
264,
72,82,74,204,264,
72,82,74,204,264,
8,
78,311,
148,312,379,49,311,
49,
78,49,
2,26,43,49,78,
46,49,
311,
78,311,
43,78,46,49,310,311,
379,49,311,
310,311,
311,
132,312,
132,312,
148,312,379,37,337,
312,
38,122,135,148,132,312,379,311,49,
313,
312,313,
312,313,
312,
38,
38,
38,
38,
8,17,51,63,64,69,72,80,82,83,90,97,248,325,356,283,74,204,264,267,315,316,331,334,357,
72,248,283,74,204,267,315,420,
248,283,74,204,267,315,420,102,299,
248,283,74,204,267,315,
283,
316,
72,82,83,74,204,264,267,316,
316,
316,
316,
38,113,116,118,119,121,124,126,127,129,130,131,132,135,137,139,
116,129,38,119,135,130,122,131,120,124,132,126,118,136,139,137,113,121,127,
38,113,116,118,119,121,124,126,127,129,130,131,135,137,139,
116,129,38,119,135,130,122,131,120,124,132,118,136,139,137,126,113,121,127,
116,129,38,119,135,130,122,131,120,124,132,126,118,136,139,137,113,121,127,
148,
116,38,
38,
38,113,116,118,119,121,124,126,127,129,130,131,132,135,137,139,
38,
38,
38,113,116,118,119,121,124,126,127,129,130,131,132,135,137,139,
8,43,187,236,
187,
187,
187,
187,
187,
8,39,
8,43,39,
8,39,
39,
8,39,
164,
17,63,64,72,80,123,323,391,
17,63,64,72,80,123,323,391,
63,72,17,80,123,323,391,
17,63,64,72,80,123,174,214,297,323,391,161,164,169,77,198,
8,26,174,244,11,27,60,66,72,262,65,206,266,295,324,172,180,223,430,
8,26,43,174,244,27,60,66,72,262,65,81,84,196,199,206,243,266,285,295,324,358,440,287,172,180,430,284,
8,26,174,244,11,27,60,66,72,262,65,206,266,295,324,172,180,430,
8,9,26,174,244,11,27,52,60,66,72,241,262,290,65,206,266,295,324,422,172,180,430,
11,26,27,60,66,72,262,8,65,174,266,295,324,172,180,223,430,
8,17,51,63,64,69,72,80,82,97,248,292,325,74,161,270,259,294,204,264,267,283,293,
257,8,9,63,72,245,262,71,108,31,51,62,83,97,141,174,183,235,248,266,325,
8,
74,
6,
6,
6,
6,
0,1,5,6,230,403,451,330,415,
6,385,386,
0,1,5,6,
6,
6,385,386,
0,1,5,6,
0,1,5,6,385,386,
6,
0,6,385,386,
0,1,5,6,385,386,
6,
6,
0,1,5,6,230,403,451,330,415,
6,
6,
0,1,5,6,230,403,451,330,415,
6,
6,
6,
6,
90,356,331,
8,11,27,90,180,331,
8,90,356,316,331,334,
8,9,61,245,63,72,186,17,51,62,64,69,82,83,84,90,97,133,292,325,356,180,331,
8,9,11,27,63,65,72,87,90,123,141,143,196,285,356,366,381,291,331,
90,356,331,334,
8,
52,63,72,186,241,245,8,9,17,51,62,64,69,80,82,83,84,90,97,133,292,325,356,61,180,47,74,259,204,264,331,334,
90,356,
8,90,356,316,331,334,
8,26,65,72,90,174,262,266,356,172,180,223,316,331,334,
8,90,356,283,316,331,334,357,
33,38,337,
38,33,337,
33,38,337,
337,
38,379,33,337,
38,37,379,33,337,339,
38,33,337,
38,33,337,
38,33,337,
129,38,119,135,148,130,131,124,132,126,118,139,156,137,113,121,127,33,337,
379,337,
38,33,337,
38,33,337,
38,33,337,
38,379,33,337,
33,38,337,
129,38,119,135,148,130,131,124,132,126,379,118,156,137,113,121,127,33,337,
8,
8,
8,
8,341,
125,341,
8,
8,25,200,
125,
8,9,47,71,96,123,125,133,195,196,197,199,200,341,
8,
38,
116,38,135,132,
129,38,119,135,130,132,118,139,
38,135,116,132,
129,38,119,135,130,132,118,139,
116,129,38,119,135,130,131,124,132,126,118,139,137,113,121,127,
38,116,135,132,
38,
38,135,132,
38,
6,385,386,
6,385,386,
6,385,386,
6,
6,
0,6,
6,385,386,
6,385,386,
0,6,385,386,
6,385,386,
6,
6,385,386,
6,385,386,
6,385,386,
74,204,
294,204,
72,259,58,74,204,82,83,248,292,264,267,283,420,294,349,
204,
259,72,74,204,82,264,315,367,267,283,420,269,294,
294,204,
8,244,351,
8,9,26,52,66,174,186,240,244,290,351,
4,8,9,26,61,174,183,244,186,52,66,181,240,290,59,65,184,257,351,353,55,
8,244,52,60,104,351,
8,9,26,61,174,183,244,52,66,181,186,240,290,59,65,184,257,351,353,
4,8,9,26,43,61,174,183,244,245,186,11,27,52,63,66,72,96,181,240,262,10,17,51,59,65,73,80,82,90,144,184,234,236,242,356,381,422,172,180,352,
8,9,26,43,70,174,183,244,245,186,11,27,52,63,66,72,96,181,240,262,12,17,51,59,65,73,80,82,144,184,234,236,242,356,381,55,180,205,207,352,
4,8,9,26,43,47,61,70,174,183,244,245,186,11,27,52,60,63,66,72,165,181,235,240,241,262,290,10,12,17,31,51,53,59,62,64,65,67,69,71,73,80,81,82,83,84,90,104,108,141,144,176,184,199,206,209,214,234,236,242,243,257,266,295,324,351,356,358,381,392,408,422,440,444,55,180,352,58,
8,9,26,70,244,186,11,52,63,66,72,96,240,241,262,17,51,59,65,73,80,82,55,180,205,207,352,
4,11,26,27,52,60,63,66,72,96,181,183,186,235,240,244,245,262,8,9,12,17,31,43,51,53,59,62,64,65,67,69,71,73,80,82,83,84,104,108,141,144,174,176,182,184,234,236,242,243,257,266,295,351,353,356,392,24,55,61,70,172,180,47,205,207,352,58,
4,8,9,26,43,47,61,70,174,183,244,245,11,27,52,60,63,66,72,96,107,181,186,240,262,31,51,53,59,64,65,67,71,73,80,82,104,108,184,353,24,55,172,180,223,58,178,239,275,259,263,
4,26,70,107,53,59,353,55,
26,107,53,59,353,55,
59,
8,26,43,174,183,11,27,52,63,66,72,96,107,181,240,51,53,59,64,65,73,82,104,108,353,55,223,263,
8,123,125,196,
8,9,196,199,
90,
90,
90,356,
356,
90,356,
51,63,72,90,97,325,356,316,331,334,357,
356,
356,
356,
356,
356,
206,358,
8,9,84,142,206,358,
199,206,358,
8,25,52,60,104,199,206,240,244,351,358,359,
8,9,63,72,26,51,52,53,66,80,84,93,142,143,174,206,244,290,351,358,359,
244,
8,
8,72,83,84,142,143,174,237,359,
8,351,
8,26,27,43,60,66,72,81,83,84,142,143,174,237,244,262,351,359,
4,8,9,26,43,47,61,70,174,183,244,245,11,27,52,60,63,66,72,96,165,181,186,235,240,262,290,12,17,31,51,53,59,62,64,65,67,71,73,80,82,83,84,90,104,108,140,141,144,176,184,199,206,209,214,234,236,242,243,257,295,324,351,353,356,358,392,422,440,444,55,172,180,223,274,58,178,239,211,352,362,
4,8,9,26,47,61,70,244,11,52,63,66,72,96,186,235,240,241,262,290,17,31,51,53,59,62,64,65,67,69,71,73,80,82,83,141,176,209,257,266,351,55,180,207,205,352,58,
2,8,9,26,43,47,61,174,183,244,245,186,11,27,52,63,66,72,96,181,240,241,262,10,12,17,25,51,59,65,73,80,82,93,97,144,184,234,236,237,242,356,381,422,180,352,
8,9,26,245,
26,295,
63,
4,8,9,26,47,61,70,174,183,245,52,60,63,66,72,94,165,186,235,262,31,51,53,59,62,64,65,67,69,71,73,80,82,108,141,176,257,55,172,223,274,74,164,58,178,239,275,259,57,68,260,261,362,
4,8,9,26,47,61,70,174,183,245,52,60,63,66,72,94,165,186,235,262,31,51,53,59,62,64,65,67,69,71,73,80,82,83,108,141,176,257,55,172,223,274,74,164,58,178,239,275,259,57,68,261,362,
4,8,9,26,47,61,70,174,183,244,245,52,60,63,66,72,94,107,165,186,235,262,290,31,51,53,59,62,64,65,67,69,71,73,80,82,83,108,140,141,176,209,257,381,408,55,172,223,274,58,178,239,275,170,259,56,57,68,74,164,260,261,362,
4,8,9,26,47,61,70,174,183,244,245,52,60,63,66,72,94,107,165,186,235,262,290,31,51,53,59,62,64,65,67,69,71,73,80,82,83,108,141,176,257,55,172,274,74,164,58,178,239,275,259,56,57,68,260,261,362,
8,245,
8,245,
8,245,
53,
53,
8,53,
8,9,26,47,174,183,245,52,60,63,66,72,165,186,235,262,31,51,53,59,62,64,65,67,69,71,73,80,82,83,108,141,176,257,89,
2,8,9,26,174,183,244,245,52,60,63,66,72,96,165,181,186,235,241,262,290,17,31,51,53,59,62,64,65,67,69,71,73,80,82,83,108,141,176,182,209,214,257,266,180,89,
257,8,9,63,174,183,52,71,108,11,31,51,62,64,66,67,80,87,90,123,125,140,141,142,143,196,285,365,366,
2,8,9,26,174,183,244,245,186,11,27,52,60,63,66,72,96,165,181,235,240,241,262,290,429,438,17,31,51,53,59,62,64,65,67,69,71,73,80,82,83,104,108,141,176,182,206,209,257,266,276,289,295,324,422,89,
8,
257,8,9,63,72,245,26,52,71,108,51,59,62,64,67,82,87,91,123,125,140,141,142,143,144,174,183,196,235,366,
8,11,27,87,90,196,356,366,
8,9,72,245,64,80,82,91,26,31,51,52,62,69,71,83,87,97,179,182,183,234,236,366,441,
8,11,27,87,90,356,366,
8,9,26,174,183,245,27,51,52,62,63,65,71,72,80,87,90,91,108,123,125,142,143,144,196,235,257,356,366,
72,74,367,
72,74,367,
72,82,74,204,264,367,
72,
72,74,367,
6,385,386,
6,
6,
6,
0,6,
169,
66,72,17,64,80,214,391,74,161,164,168,169,247,369,77,
8,47,52,66,72,17,25,64,80,214,74,161,164,168,169,247,369,
74,80,64,77,164,369,367,17,161,168,169,247,66,111,162,163,
169,
80,66,367,161,169,
80,66,169,247,
164,169,
169,
294,204,
204,294,349,
204,294,
373,
373,
373,
38,154,373,
133,373,
107,
4,26,107,
107,
4,26,70,107,
107,
8,
72,
4,8,9,26,47,61,52,63,66,64,58,259,
4,26,52,63,66,72,241,8,9,17,51,64,69,80,82,83,97,292,325,47,74,161,58,61,259,294,204,264,267,376,
74,
63,72,241,8,17,51,64,69,80,82,83,97,248,292,325,74,161,259,294,204,264,267,376,
63,72,51,64,69,80,82,83,259,
63,259,72,80,
259,
63,72,17,51,64,69,80,82,97,248,292,325,74,161,259,294,204,264,267,376,
63,72,17,51,64,69,80,82,83,97,292,325,74,270,259,294,204,264,267,293,376,
33,38,337,
38,379,37,33,337,339,
38,379,33,337,
129,38,119,135,148,130,131,124,132,126,118,139,156,137,113,121,127,33,337,
379,311,
129,38,119,135,148,130,131,124,132,126,379,118,139,156,137,113,127,
129,38,119,135,148,130,131,124,132,379,118,156,137,113,121,126,318,33,337,
38,135,129,119,148,130,131,124,132,126,118,139,156,137,121,127,33,337,
74,
148,380,
74,
8,9,63,72,65,381,
8,9,11,63,72,65,87,141,381,
8,9,26,43,174,183,244,245,11,27,52,60,63,66,72,96,165,181,186,235,240,262,290,10,12,17,31,51,53,59,62,64,65,67,69,71,80,82,83,84,90,91,104,108,140,141,144,179,182,184,196,199,206,209,234,236,242,243,257,266,285,295,324,353,356,358,381,392,408,422,440,
8,9,26,43,174,244,11,27,60,63,66,72,262,65,81,84,87,90,91,141,206,243,266,295,324,356,381,172,180,223,287,291,430,
8,9,26,174,244,11,27,63,66,72,262,65,381,172,180,223,
8,26,43,174,183,245,63,66,181,186,290,59,80,
8,26,174,183,
8,26,183,
8,26,183,
8,26,183,
8,9,11,17,25,26,31,51,52,53,59,62,63,64,65,66,67,69,71,72,73,80,82,83,91,133,165,174,182,183,184,186,206,209,235,240,241,257,262,266,290,55,61,70,172,223,13,14,15,16,18,20,21,193,194,283,74,161,259,204,264,267,315,420,272,
72,25,20,207,
72,17,20,
72,17,
385,386,
385,386,
385,386,
385,386,
385,386,
385,386,
385,386,
385,386,
4,8,9,26,47,61,70,174,183,244,245,186,52,60,63,66,72,94,165,208,235,262,290,385,386,31,51,53,59,62,64,65,67,69,71,73,80,82,83,108,141,176,257,55,172,223,274,58,178,239,275,259,57,68,
63,53,
49,311,
47,46,
46,
379,311,
33,38,337,
129,38,119,135,148,130,131,124,132,126,118,139,156,137,113,121,127,318,33,337,
38,
129,38,119,135,148,130,131,124,132,126,379,118,156,137,113,121,127,318,33,337,
38,379,33,337,
38,33,337,
38,33,337,
38,379,33,337,
129,38,119,135,148,130,131,124,132,379,118,139,156,121,126,127,33,337,
8,244,
244,
244,
8,244,52,240,
244,52,
72,74,80,64,164,369,17,168,
17,64,66,391,168,169,247,369,419,
17,
8,47,245,52,66,72,17,64,80,214,164,
11,
8,
8,
8,
8,
11,
8,11,27,90,356,180,
8,11,27,90,356,180,89,
11,
8,11,
72,17,20,207,
17,14,18,
72,
72,17,
4,8,9,26,61,52,66,186,59,65,257,55,205,207,101,
4,8,9,26,47,61,174,183,245,11,52,60,63,66,72,94,186,208,235,240,241,262,290,31,51,53,59,62,64,65,67,71,73,80,82,83,108,179,184,206,209,234,236,257,325,356,55,172,180,274,205,54,58,178,239,275,259,57,74,211,261,258,268,204,264,267,420,99,101,102,316,
8,101,
4,8,9,26,47,61,174,183,245,52,63,66,72,235,262,17,25,31,51,53,59,62,64,67,69,71,73,80,82,83,91,176,182,184,206,209,236,248,257,266,55,172,223,15,20,194,283,74,247,207,205,58,259,57,263,261,204,264,267,282,316,101,102,
101,
78,
78,
78,
78,
43,78,46,76,
38,
38,116,148,
38,
38,
116,38,135,132,
63,65,261,
4,290,
6,
0,1,5,6,230,403,451,330,415,
5,403,402,
5,403,402,
402,
0,1,5,6,385,386,
402,404,
402,
0,1,5,6,230,403,451,330,415,
6,385,386,
0,6,385,386,
6,
6,
385,386,404,
404,313,
38,277,313,404,
385,386,404,
404,
38,
38,
38,
38,
38,
38,
116,129,38,119,135,130,132,118,139,
38,
38,
38,
116,38,
116,129,38,119,135,130,132,118,139,
38,
38,
4,8,9,26,47,61,70,174,183,244,245,52,60,63,66,72,186,208,235,262,31,51,53,59,62,64,65,67,69,71,73,80,82,83,108,140,141,176,257,55,172,223,274,58,178,239,275,170,259,56,57,68,385,386,260,261,
63,53,108,141,408,
8,
53,63,108,141,408,385,386,
8,9,26,183,244,245,51,52,53,60,62,63,66,71,72,80,108,140,141,235,257,262,290,381,408,
8,
8,66,
8,11,66,12,
8,66,
8,
8,10,11,12,66,266,
11,66,8,12,
8,11,27,66,12,
8,9,186,26,262,
8,9,72,186,26,52,262,
8,72,186,26,52,262,
8,186,26,262,
8,9,26,52,72,186,262,
8,26,
8,26,
4,8,9,26,61,174,183,244,186,52,66,181,240,290,59,65,184,257,351,353,55,172,291,239,298,413,
4,8,9,26,61,174,183,244,186,52,66,181,240,290,59,65,184,257,351,55,172,291,239,298,413,
8,26,183,
187,
187,
6,
6,385,386,
6,385,386,
6,
6,
63,66,72,17,64,80,391,74,161,164,168,169,247,369,367,77,111,162,163,
53,63,74,80,66,134,64,82,391,8,77,164,369,17,51,236,161,168,169,247,61,111,162,163,367,
63,72,17,64,80,74,164,168,
17,63,64,66,72,80,74,161,164,168,169,247,
17,64,80,74,168,
8,47,245,52,72,17,25,64,74,161,164,168,169,247,
17,64,161,169,
17,64,161,168,169,247,
17,63,64,72,80,74,164,168,
72,17,64,74,164,168,
63,72,17,64,80,74,164,168,
64,164,369,17,72,74,161,168,169,247,419,
63,72,17,64,80,74,164,168,
72,420,
74,
74,
74,
74,
74,
72,248,74,204,267,282,283,315,420,
8,9,26,174,244,245,186,11,52,63,66,72,165,240,241,262,290,17,31,51,53,59,65,67,69,71,80,82,83,104,176,206,422,55,172,180,207,205,
4,8,9,26,43,47,61,174,244,11,27,52,60,66,72,241,290,12,65,81,84,196,206,234,243,285,324,358,422,172,180,58,
66,72,422,
8,26,174,422,
186,66,72,240,17,80,83,422,207,
8,9,26,174,183,245,186,52,60,63,66,72,165,235,241,262,25,31,51,53,59,64,65,67,71,73,80,82,97,108,184,234,236,55,172,180,
25,
8,25,
8,
8,9,26,174,244,245,11,52,63,66,72,165,186,240,241,290,17,25,51,53,59,65,69,71,80,82,84,104,236,237,243,422,55,172,207,205,424,
8,
2,4,8,9,26,47,61,174,244,52,60,63,66,72,165,186,240,241,17,25,51,59,69,71,80,82,83,104,142,143,176,206,236,237,422,172,205,207,424,55,58,180,
2,8,9,26,174,244,245,11,52,60,63,66,72,165,186,240,241,262,290,17,25,51,65,69,71,80,82,84,93,104,108,142,143,200,206,236,237,243,358,359,422,55,172,205,207,424,
8,26,174,27,66,181,240,
8,26,174,66,181,240,
4,8,9,26,47,61,70,174,244,245,186,11,52,63,66,72,240,241,262,17,25,51,59,65,80,82,236,237,422,24,55,172,180,207,205,425,58,298,
8,
2,4,8,9,26,47,61,70,174,244,245,11,52,60,63,66,72,165,186,240,241,262,290,17,25,51,53,59,65,71,80,82,83,93,104,108,125,142,143,199,200,206,209,236,237,358,359,422,24,55,172,180,205,207,352,425,58,
0,2,4,8,9,26,174,183,244,245,11,27,52,60,63,66,72,96,107,165,181,186,208,235,240,241,262,290,429,438,53,108,
2,4,8,9,26,47,61,174,183,244,245,186,11,27,52,60,63,66,72,94,96,165,181,208,235,240,241,262,290,429,438,17,31,51,53,59,62,64,65,67,69,71,73,80,82,83,104,108,141,176,182,209,257,266,276,289,295,324,381,422,55,172,180,223,274,58,178,239,275,57,260,261,
2,4,8,9,26,174,183,244,245,186,11,27,52,60,63,66,72,94,165,181,208,235,240,241,262,290,429,438,31,51,53,59,62,64,65,67,69,71,73,80,82,104,108,141,182,257,266,276,289,295,
63,72,65,
65,
8,
8,
8,
65,
65,
65,
8,63,72,26,80,52,429,51,82,
8,26,52,63,72,429,
8,9,26,174,183,245,27,52,60,63,66,72,181,186,235,240,262,290,429,17,31,51,53,59,62,65,71,80,82,83,108,141,182,214,257,
8,63,72,26,52,429,
8,26,174,11,27,51,52,59,60,63,65,66,72,82,83,181,186,240,429,
4,8,9,26,47,61,174,183,245,186,11,27,52,60,63,66,72,94,181,235,240,241,262,290,429,17,31,51,53,59,64,65,67,69,71,73,80,82,83,104,141,182,257,266,276,289,295,324,422,55,172,180,274,205,207,58,178,275,430,
8,9,72,65,11,12,26,27,52,60,66,84,174,196,241,243,244,266,285,290,324,422,172,180,223,430,
186,11,26,27,52,60,63,66,72,181,183,235,240,241,245,262,290,8,9,17,31,51,53,59,62,64,65,67,69,71,73,80,82,83,104,108,174,182,257,324,381,422,55,70,172,180,205,207,430,
8,9,26,70,174,183,245,11,27,52,60,63,66,72,181,186,235,240,262,290,429,17,51,53,59,62,64,65,67,69,71,73,80,82,83,108,141,182,257,266,295,324,422,427,55,172,180,205,207,430,
2,4,8,9,26,61,174,183,244,245,186,11,27,52,60,63,66,72,96,165,181,235,240,241,262,290,429,31,51,53,59,62,64,65,67,69,71,73,80,82,83,104,108,141,182,206,209,257,266,295,324,422,55,172,180,223,274,205,207,239,430,
8,
8,
78,
78,
311,
78,
8,9,133,197,116,138,201,
197,8,9,133,96,201,123,125,195,196,199,200,264,
197,
8,9,71,96,123,125,133,195,196,197,199,200,341,201,
8,9,71,96,123,125,133,195,196,197,200,116,138,201,
8,
8,26,43,174,183,186,63,66,181,240,
8,26,183,
26,183,
8,26,183,245,63,
356,
356,
8,90,356,283,316,331,334,357,
356,
90,356,316,331,334,357,
8,438,
8,438,
8,438,
8,438,
8,438,
8,9,125,133,197,201,
8,9,71,96,123,125,133,195,196,197,199,200,341,201,
8,9,71,96,125,195,196,197,199,200,201,
8,9,125,133,197,341,201,
8,9,71,96,123,125,133,142,195,196,197,199,200,439,201,
8,26,43,174,244,11,27,60,66,72,262,65,81,84,87,90,125,142,143,196,199,206,243,266,285,324,356,358,366,440,172,180,223,287,291,430,331,390,
8,
8,26,43,60,65,72,81,84,174,199,206,243,244,262,266,295,324,358,440,
257,8,9,63,72,240,245,43,52,64,71,81,125,141,143,165,174,182,183,184,199,206,235,242,244,276,290,295,358,359,440,
8,26,43,174,244,11,27,60,66,72,262,65,81,84,196,199,206,243,266,285,295,324,358,440,172,180,223,331,284,390,466,
8,9,26,31,53,62,63,64,66,67,69,71,72,80,82,91,183,235,245,
8,
8,
8,
8,
214,
4,8,9,26,47,61,52,63,66,72,186,235,17,31,51,53,59,62,64,65,67,69,71,80,82,182,214,55,180,223,74,164,205,207,58,259,56,57,68,204,264,
8,
8,
8,
8,
8,
8,
8,
90,356,
8,356,
8,90,356,
90,356,
8,438,
72,17,20,207,
72,17,25,20,207,
72,17,20,
0,1,4,5,6,63,385,386,53,108,141,
6,
0,1,5,6,230,403,451,330,415,
6,
0,1,5,6,385,
5,403,
6,385,386,
74,
72,8,17,64,74,270,
8,47,72,74,64,17,270,161,
74,
74,
74,
63,72,17,51,64,69,80,82,97,248,292,325,283,74,161,270,259,204,264,267,293,
74,
74,
74,
74,
74,
8,244,52,
8,244,52,
8,244,52,
8,244,
84,
8,9,61,186,62,81,84,142,143,237,242,351,358,359,180,352,239,456,
84,
84,
8,9,61,186,180,84,142,143,237,358,359,352,456,
84,
8,9,61,186,62,81,84,142,143,237,242,351,358,359,180,352,456,
84,
8,9,61,62,81,84,142,143,237,242,351,358,359,180,352,239,456,
8,9,61,186,62,81,84,142,143,237,242,359,180,239,456,
64,
8,9,61,51,53,59,63,64,66,72,80,82,91,236,55,58,74,134,168,459,169,161,
64,
63,72,17,64,80,74,164,168,369,
63,72,17,64,80,74,164,168,
64,
72,17,64,74,164,168,
64,
64,
8,
2,8,9,26,43,61,174,183,244,245,186,11,27,52,60,63,66,72,96,165,181,235,240,241,262,290,429,10,12,17,25,31,51,53,59,62,64,65,67,69,71,73,80,81,82,84,90,93,97,104,105,108,141,143,144,176,179,182,184,185,187,196,206,234,236,237,242,243,257,266,276,285,289,295,351,358,359,381,422,440,
8,
8,
8,
53,
53,
53,
53,
129,38,116,119,135,130,132,118,139,
116,129,38,119,135,130,122,131,120,124,132,118,136,139,137,113,121,126,127,
38,
38,
38,
116,129,38,119,135,130,122,131,124,132,126,118,139,137,113,121,127,
38,
38,135,129,119,148,130,131,124,126,118,156,137,113,121,127,318,
38,135,129,119,130,132,118,139,
38,
38,
129,38,119,135,148,130,131,124,132,118,139,156,137,126,113,121,127,318,
38,
38,
38,
129,38,119,135,130,132,118,139,
38,
38,
38,
38,
11,26,60,66,72,84,174,199,206,243,244,358,
26,174,66,72,65,180,
4,8,9,26,43,61,174,244,245,11,27,52,60,63,66,72,96,181,186,240,262,10,12,31,51,53,59,62,64,65,67,71,73,80,82,84,90,104,141,144,182,184,206,236,242,243,257,266,295,351,358,381,440,172,180,223,239,390,466,
8,26,43,174,244,27,60,66,72,262,65,81,84,199,206,243,266,295,324,358,440,287,172,180,223,430,284,331,390,466,
180,
186,66,72,240,17,80,83,422,
11,26,27,52,60,63,66,72,96,165,181,183,186,235,240,241,244,245,262,290,429,438,8,9,17,31,51,53,59,62,64,65,67,69,71,73,80,82,83,104,108,141,174,176,182,206,209,214,257,266,276,289,324,422,55,70,172,180,207,
2,8,9,26,43,174,183,244,245,186,11,27,52,63,66,72,96,181,240,241,262,12,17,25,51,59,65,73,80,82,90,93,97,144,184,200,234,236,242,356,392,422,24,55,172,180,205,207,352,
72,17,
72,17,
8,9,61,11,140,144,
8,
8,9,61,11,140,144,
47,46,
46,49,
47,46,
47,46,
0,1,5,6,230,403,451,330,415,
6,
0,1,5,6,
6,385,386,
6,
2,4,8,9,26,43,61,70,174,183,244,245,186,11,27,52,60,63,66,72,96,165,181,235,240,241,262,290,429,10,12,25,31,51,53,59,62,64,65,67,69,71,73,80,81,82,83,84,90,93,97,104,105,108,125,141,142,144,176,179,182,184,187,196,199,206,234,236,237,242,243,257,266,276,285,289,295,324,351,353,356,358,359,381,392,422,440,24,55,172,180,223,274,205,207,239,169,
11,66,8,12,
11,27,66,8,12,
63,66,72,17,64,80,214,74,161,164,169,247,
64,
74,
8,9,196,199,
8,9,196,199,
8,9,196,
181,
181,
181,
181,
181,
181,
181,
38,
38,
38,
38,
38,
2,8,9,26,43,61,174,183,186,66,181,59,182,55,172,180,76,
26,66,181,183,186,8,43,59,174,179,182,184,391,169,55,61,172,180,170,75,77,
26,66,181,183,186,8,9,43,59,174,179,182,184,391,169,55,61,172,180,170,75,77,
2,8,9,26,43,61,174,183,181,186,55,59,39,182,185,172,180,76,78,
43,78,76,
8,11,9,63,72,260,65,88,87,141,381,89,
8,9,11,63,65,72,87,141,381,89,88,
72,63,141,260,65,88,8,9,11,87,381,89,
8,9,26,43,174,244,11,27,60,63,66,72,262,65,81,84,87,90,91,123,125,141,142,196,206,243,266,285,295,324,356,358,381,440,172,180,223,287,291,89,260,430,88,331,
116,129,38,119,135,130,132,118,139,
11,26,52,60,66,72,241,244,290,8,9,65,174,199,243,422,172,180,
8,9,26,43,70,174,183,244,245,186,11,27,52,63,66,72,96,165,181,235,240,241,290,12,17,25,31,51,53,59,62,64,65,67,69,71,73,80,82,83,84,91,104,179,182,184,206,209,234,236,237,242,243,257,266,351,353,422,24,55,172,180,207,205,352,
8,25,422,
8,26,43,70,174,183,244,11,17,25,27,31,51,52,53,59,62,63,65,66,71,72,73,80,83,84,91,96,104,141,165,179,181,184,186,209,234,236,237,240,242,243,257,262,290,353,422,24,55,172,180,207,352,430,
4,26,70,107,53,
107,
223,
223,
11,63,72,59,80,55,180,223,
223,
38,
38,
38,
116,
38,
38,
38,
116,129,38,119,135,130,132,118,139,
64,
64,
64,
64,
64,
187,
8,43,187,236,
8,43,187,
116,38,135,132,
116,
38,
38,113,116,118,119,121,124,126,127,129,130,131,132,135,137,139,
116,38,135,132,
74,
121,
121,
121,
121,216,
121,
82,
82,
38,116,132,135,122,
116,38,135,132,
116,129,38,119,135,130,132,118,139,
38,
116,129,38,119,135,130,132,118,139,
116,38,135,132,
116,129,38,119,135,130,118,139,
38,116,132,135,122,
116,38,135,132,
