3
3
2
3
3
6
6
7
8
7
7
11
3
3
8
15
3
3
3
3
3
3
15
23
3
3
3
3
6
3
3
3
6
7
15
7
7
7
15
3
3
4
4
15
3
6
3
3
3
3
3
3
3
3
3
3
3
7
6
3
3
7
3
3
7
6
4
4
3
3
3
4
3
3
2
3
3
3
3
3
6
3
3
3
3
3
3
3
15
6
3
3
3
3
3
3
3
3
3
7
6
3
3
3
7
3
3
3
7
3
3
3
3
3
3
3
3
7
3
2
7
7
6
4
6
7
3
6
3
7
6
7
3
3
3
3
7
4
6
3
3
3
3
6
3
3
3
6
3
3
3
3
6
6
3
3
3
15
6
3
3
3
3
15
3
3
7
3
3
7
7
4
3
4
7
3
7
7
3
15
3
3
3
15
3
3
6
3
3
3
6
3
3
7
7
3
3
7
7
3
3
15
7
3
3
3
7
8
3
3
3
4
6
7
3
2
3
3
2
3
3
3
3
7
6
3
3
3
6
3
8
3
3
3
4
3
3
3
3
3
3
3
3
3
3
3
3
7
4
3
3
3
3
3
3
15
3
7
3
3
7
3
3
3
15
3
3
3
16
3
3
6
6
7
3
15
3
7
6
7
6
3
3
3
3
3
3
3
4
6
3
3
3
3
3
3
11
3
3
4
3
4
3
6
3
3
7
3
7
6
3
3
3
3
3
3
3
23
3
3
6
3
3
2
7
3
6
3
3
7
7
3
3
7
6
6
7
6
6
3
4
3
3
3
6
3
3
3
3
3
3
11
3
3
6
3
3
3
3
3
4
3
4
3
3
3
3
3
7
3
3
3
3
3
4
3
6
6
3
2
3
3
3
3
3
3
3
4
6
3
3
3
3
3
7
15
3
3
15
3
3
3
6
3
3
6
3
3
3
3
3
3
3
3
7
4
3
6
6
7
15
3
4
3
3
3
3
3
3
3
3
3
3
3
3
3
3
3
3
15
3
3
6
3
3
3
3
3
7
6
3
3
7
15
3
3
3
3
3
4
3
3
3
4
3
3
3
3
15
3
3
7
3
3
2
3
3
3
7
3
3
3
3
3
3
3
7
4
3
4
3
6
6
15
3
3
3
7
3
3
