223
223
223
63
223
223
72
223
223
223
223
72
223
63
72
223
223
223
72
223
223
59
223
223
223
223
223
223
223
63
223
223
223
223
223
223
223
223
72
223
223
223
223
72
223
223
223
223
72
223
223
223
223
223
223
223
223
223
223
223
223
214
223
223
223
223
223
223
80
223
223
223
223
223
223
180
223
223
223
223
223
223
223
223
223
223
223
223
223
223
223
223
223
223
223
223
223
223
223
223
223
223
223
223
223
223
223
223
223
223
63
223
223
223
59
223
223
223
223
223
223
223
223
223
223
223
223
223
59
223
223
223
223
223
223
223
223
223
59
223
223
80
223
223
223
223
223
223
223
223
