223,
223,
223,
223,72,59,63,80,141,180,55,
223,
223,
223,59,80,63,72,55,
223,
223,
223,
223,
223,72,180,11,
223,
223,63,141,72,80,55,59,
223,63,141,59,72,80,
223,
223,
223,
223,63,59,141,72,80,55,
223,
223,
223,59,63,72,55,
223,
223,
223,
223,
223,
223,
223,
223,63,59,11,72,55,
223,
223,
223,
223,
223,
223,
223,
223,
223,63,59,141,72,55,80,
223,
223,
223,
223,
223,63,80,72,59,214,55,
223,
223,
223,
223,
223,72,
223,
223,
223,
223,
223,
223,
223,
223,
223,
223,
223,
223,
223,63,80,72,214,11,59,141,55,180,
223,
223,
223,
223,
223,
223,
223,63,55,59,72,141,180,80,214,
223,
223,
223,59,63,72,55,
223,
223,
223,
223,180,11,72,
223,
223,
223,
223,
223,
223,
223,
223,72,
223,
223,
223,
223,
223,
223,
223,
223,
223,
223,
223,
223,
223,
223,
223,
223,
223,
223,
223,
223,
223,
223,
223,
223,
223,
223,
223,63,59,72,55,
223,
223,
223,
223,72,59,11,63,55,
223,
223,
223,
223,
223,
223,
223,
223,
223,
223,
223,
223,
223,
223,63,141,72,80,55,59,
223,
223,
223,
223,
223,
223,
223,
223,
223,
223,63,59,72,55,11,
223,
223,
223,11,63,72,59,80,55,141,
223,
223,
223,
223,
223,
223,
223,
223,
