1
0
1
0
3
1
0
1
0
1
0
0
0
1
0
1
1
3
3
1
1
1
0
0
3
1
0
1
0
1
1
1
1
1
1
2
1
0
1
1
1
0
1
2
1
2
2
1
1
1
2
0
1
2
2
1
1
2
1
1
2
1
2
2
2
2
2
2
2
1
1
1
2
1
1
2
2
2
1
1
2
1
1
2
2
2
2
1
2
2
0
0
0
3
3
3
0
0
3
3
0
3
0
0
0
3
0
3
0
0
0
0
0
3
3
3
3
0
0
3
0
0
0
0
1
0
0
0
0
0
0
0
0
0
0
0
0
0
0
0
0
0
0
0
0
0
0
0
2
2
2
2
2
2
5
5
2
2
2
2
2
2
2
5
2
2
2
5
2
5
2
2
5
2
7
5
5
2
6
2
2
6
6
6
2
6
6
6
2
2
2
6
2
2
2
2
2
2
6
2
8
6
6
2
2
6
8
6
5
5
5
2
2
5
5
2
5
5
2
5
5
5
2
5
5
5
5
5
5
5
5
5
2
5
5
5
5
8
6
6
6
17
6
8
6
6
6
6
6
8
6
8
6
8
8
6
6
8
6
6
6
6
6
17
6
6
8
0
0
0
0
0
0
0
0
0
0
0
0
0
0
0
0
0
0
0
0
0
0
0
0
0
1
0
