0,1
0,3
0,4
0,9
0,11
0,19
1,0
1,2
1,10
1,12
2,1
2,5
2,6
2,14
3,0
3,15
3,18
4,0
5,2
5,7
6,2
7,5
9,0
10,1
10,13
11,0
12,1
13,10
14,2
15,3
18,3
19,0
20,21
20,23
20,24
20,29
20,31
20,39
21,20
21,22
22,21
23,20
23,35
23,38
24,20
29,20
31,20
35,23
38,23
39,20
40,41
40,43
40,44
40,49
40,51
40,59
41,40
41,42
42,41
42,45
42,54
43,40
43,55
43,58
44,40
45,42
49,40
51,40
54,42
55,43
58,43
59,40
60,61
60,63
60,64
60,69
60,71
61,60
63,60
63,75
63,78
64,60
69,60
71,60
75,63
78,63
80,81
80,83
80,84
80,89
80,91
80,99
81,80
83,80
83,98
84,80
89,80
91,80
98,83
99,80
100,101
100,103
100,104
100,111
100,119
101,100
101,102
101,110
101,112
102,101
102,105
102,106
102,114
103,100
104,100
105,102
105,107
106,102
107,105
110,101
110,113
111,100
112,101
113,110
114,102
119,100
120,121
120,123
120,124
120,129
120,131
120,139
121,120
123,120
123,138
124,120
129,120
131,120
138,123
139,120
140,141
140,143
140,144
140,149
140,151
140,159
141,140
141,142
141,152
142,141
142,145
142,146
142,154
143,140
143,155
143,158
144,140
145,142
145,147
146,142
146,148
147,145
148,146
149,140
151,140
152,141
154,142
155,143
158,143
159,140
160,163
160,164
160,169
160,171
160,179
163,160
163,175
164,160
169,160
171,160
175,163
179,160
180,181
180,183
180,184
180,189
180,191
180,199
181,180
181,182
181,190
181,192
182,181
183,180
183,195
183,198
184,180
189,180
190,181
190,193
191,180
192,181
193,190
195,183
198,183
199,180
200,201
200,203
200,204
200,209
200,211
200,219
201,200
203,200
204,200
209,200
211,200
219,200
220,221
220,223
220,224
220,229
220,231
221,220
221,230
221,232
223,220
223,235
223,238
224,220
229,220
230,221
231,220
232,221
235,223
238,223
240,241
240,243
240,244
240,249
240,251
240,259
241,240
241,242
242,241
243,240
243,255
243,258
244,240
249,240
251,240
255,243
258,243
259,240
260,261
260,263
260,264
260,269
260,271
260,279
261,260
261,262
261,270
261,272
262,261
263,260
263,275
264,260
269,260
270,261
270,273
271,260
272,261
273,270
275,263
279,260
280,283
280,284
280,299
283,280
284,280
299,280
300,301
300,303
300,304
300,309
300,311
300,319
301,300
301,302
301,310
301,312
302,301
302,305
302,306
302,314
303,300
303,315
303,318
304,300
305,302
306,302
309,300
310,301
311,300
312,301
314,302
315,303
318,303
319,300
320,321
320,323
320,324
320,329
320,331
321,320
321,322
321,330
321,332
322,321
322,325
322,326
323,320
323,335
323,338
324,320
325,322
326,322
326,328
326,336
328,326
329,320
330,321
331,320
332,321
335,323
336,326
338,323
340,341
340,343
340,344
340,349
340,359
341,340
343,340
343,355
343,358
344,340
349,340
355,343
358,343
359,340
360,361
360,363
360,364
360,369
360,371
360,379
361,360
363,360
363,375
363,378
364,360
369,360
371,360
375,363
378,363
379,360
380,381
380,383
380,384
380,389
380,391
380,399
381,380
381,382
381,390
382,381
382,386
382,394
383,380
383,398
384,380
386,382
389,380
390,381
391,380
394,382
398,383
399,380
400,401
400,403
400,404
400,411
400,419
401,400
401,402
401,410
401,412
402,401
402,405
402,406
402,414
403,400
403,415
403,418
404,400
405,402
405,407
406,402
406,408
407,405
408,406
410,401
411,400
412,401
414,402
415,403
418,403
419,400
420,421
420,423
420,424
420,429
420,431
420,439
421,420
421,422
421,430
421,432
422,421
422,425
423,420
423,438
424,420
425,422
429,420
430,421
431,420
432,421
438,423
439,420
440,441
440,443
440,444
440,451
440,459
441,440
441,442
441,450
442,441
442,454
443,440
443,455
444,440
450,441
451,440
454,442
455,443
459,440
460,461
460,463
460,464
460,469
460,471
460,479
461,460
461,470
461,472
463,460
463,475
463,478
464,460
469,460
470,461
471,460
472,461
475,463
478,463
479,460
480,483
480,484
480,489
480,491
480,499
483,480
483,495
483,498
484,480
489,480
491,480
495,483
498,483
499,480
500,501
500,503
500,504
500,509
500,511
500,519
501,500
501,502
501,510
501,512
502,501
502,505
502,506
503,500
503,515
503,518
504,500
505,502
505,507
506,502
506,516
507,505
509,500
510,501
511,500
512,501
515,503
516,506
518,503
519,500
520,521
520,523
520,524
520,529
520,531
520,539
521,520
521,522
521,530
521,532
522,521
523,520
523,535
523,538
524,520
529,520
530,521
530,533
531,520
532,521
533,530
535,523
538,523
539,520
540,541
540,543
540,544
540,549
540,551
540,559
541,540
541,550
541,552
543,540
543,555
543,558
544,540
549,540
550,541
550,553
551,540
552,541
553,550
555,543
558,543
559,540
560,561
560,564
560,569
560,571
560,579
561,560
561,562
561,570
561,572
562,561
564,560
569,560
570,561
571,560
572,561
579,560
580,581
580,583
580,584
580,589
580,591
580,599
581,580
581,582
581,590
582,581
582,585
582,586
583,580
583,595
583,598
584,580
585,582
585,587
586,582
586,596
587,585
589,580
590,581
590,593
591,580
593,590
595,583
596,586
598,583
599,580
600,601
600,603
600,604
600,609
600,611
600,619
601,600
601,602
601,610
601,612
602,601
602,605
603,600
604,600
605,602
605,607
607,605
609,600
610,601
610,613
611,600
612,601
613,610
619,600
620,621
620,623
620,624
620,629
620,639
621,620
621,622
621,630
621,632
622,621
622,625
622,626
623,620
623,638
624,620
625,622
625,627
626,622
626,628
627,625
628,626
629,620
630,621
630,633
632,621
633,630
638,623
639,620
640,641
640,643
640,644
640,651
640,659
641,640
641,642
641,650
641,652
642,641
642,645
643,640
643,655
643,658
644,640
645,642
645,647
647,645
650,641
650,653
651,640
652,641
653,650
655,643
658,643
659,640
660,661
660,663
660,664
660,669
660,671
660,679
661,660
661,662
661,670
661,672
662,661
662,665
662,666
662,674
663,660
664,660
665,662
666,662
669,660
670,661
670,673
671,660
672,661
673,670
674,662
679,660
680,681
680,689
680,691
680,699
681,680
681,682
681,690
681,692
682,681
682,685
682,686
682,694
685,682
686,682
689,680
690,681
690,693
691,680
692,681
693,690
694,682
699,680
700,701
700,704
700,709
700,711
700,719
701,700
701,702
701,710
701,712
702,701
702,705
702,706
702,714
704,700
705,702
705,707
706,702
706,716
707,705
709,700
710,701
710,713
711,700
712,701
713,710
714,702
716,706
719,700
720,721
720,723
720,724
720,729
720,731
721,720
721,722
721,730
721,732
722,721
722,725
723,720
723,735
723,738
724,720
725,722
725,727
727,725
729,720
730,721
730,733
731,720
732,721
733,730
735,723
738,723
740,741
740,743
740,749
740,751
740,759
741,740
741,742
741,750
741,752
742,741
742,745
742,746
742,754
743,740
743,755
743,758
745,742
746,742
749,740
750,741
750,753
751,740
752,741
753,750
754,742
755,743
758,743
759,740
760,761
760,763
760,769
760,771
760,779
761,760
761,762
761,770
761,772
762,761
762,765
762,766
762,774
763,760
763,778
765,762
765,767
766,762
766,768
767,765
768,766
769,760
770,761
770,773
771,760
772,761
773,770
774,762
778,763
779,760
780,781
780,783
780,784
780,789
780,799
781,780
781,782
781,792
782,781
782,785
782,786
783,780
784,780
785,782
786,782
789,780
792,781
799,780
800,801
800,803
800,804
800,809
800,811
800,819
801,800
801,802
801,810
801,812
802,801
802,805
802,814
803,800
804,800
805,802
809,800
810,801
810,813
811,800
812,801
813,810
814,802
819,800
820,821
820,823
820,824
820,829
820,831
820,839
821,820
821,822
822,821
822,834
823,820
823,835
824,820
829,820
831,820
834,822
835,823
839,820
840,841
840,849
840,859
841,840
841,842
841,850
841,852
842,841
849,840
850,841
850,853
852,841
853,850
859,840
860,861
860,864
860,869
860,879
861,860
861,862
861,870
861,872
862,861
862,865
862,866
862,874
864,860
865,862
865,867
866,862
867,865
869,860
870,861
870,873
872,861
873,870
874,862
879,860
880,881
880,883
880,884
880,889
880,891
880,899
881,880
881,882
881,890
881,892
882,881
882,885
882,894
883,880
883,895
884,880
885,882
885,887
887,885
889,880
890,881
890,893
891,880
892,881
893,890
894,882
895,883
899,880
901,902
901,910
901,912
902,901
902,906
902,914
906,902
906,908
906,916
908,906
910,901
912,901
914,902
916,906
920,921
920,923
920,929
920,931
920,939
921,920
921,922
921,930
921,932
922,921
922,925
922,926
922,934
923,920
923,938
925,922
925,927
926,922
926,928
926,936
927,925
928,926
928,937
929,920
930,921
930,933
931,920
932,921
933,930
934,922
936,926
937,928
938,923
939,920
940,941
940,943
940,959
941,940
941,942
941,950
941,952
942,941
942,945
942,946
942,954
943,940
945,942
946,942
950,941
950,953
952,941
953,950
954,942
959,940
960,961
960,963
960,964
960,969
961,960
961,962
961,970
962,961
962,965
962,966
962,974
963,960
963,975
963,978
964,960
965,962
965,967
966,962
967,965
969,960
970,961
970,973
973,970
974,962
975,963
978,963
980,981
981,980
981,982
981,990
981,992
982,981
982,985
982,986
982,994
985,982
985,987
986,982
986,996
987,985
990,981
990,993
992,981
993,990
994,982
996,986
1000,1001
1000,1003
1000,1011
1001,1000
1001,1002
1001,1010
1001,1012
1002,1001
1002,1006
1002,1014
1003,1000
1006,1002
1006,1016
1010,1001
1011,1000
1012,1001
1014,1002
1016,1006
1020,1021
1020,1023
1020,1031
1020,1039
1021,1020
1021,1022
1021,1032
1022,1021
1023,1020
1031,1020
1032,1021
1039,1020
1040,1041
1040,1043
1040,1044
1040,1049
1040,1051
1040,1059
1041,1040
1041,1042
1041,1050
1041,1052
1042,1041
1042,1045
1042,1046
1042,1054
1043,1040
1044,1040
1045,1042
1045,1047
1046,1042
1046,1048
1047,1045
1048,1046
1049,1040
1050,1041
1050,1053
1051,1040
1052,1041
1053,1050
1054,1042
1059,1040
1060,1061
1060,1063
1060,1064
1060,1069
1060,1071
1060,1079
1061,1060
1061,1062
1061,1070
1062,1061
1062,1065
1062,1066
1062,1074
1063,1060
1064,1060
1065,1062
1065,1067
1066,1062
1066,1068
1067,1065
1068,1066
1069,1060
1070,1061
1071,1060
1074,1062
1079,1060
1080,1081
1080,1083
1080,1084
1080,1091
1080,1099
1081,1080
1081,1082
1081,1090
1081,1092
1082,1081
1082,1085
1082,1094
1083,1080
1084,1080
1085,1082
1085,1087
1087,1085
1090,1081
1090,1093
1091,1080
1092,1081
1093,1090
1094,1082
1099,1080
1100,1101
1100,1103
1100,1104
1100,1109
1100,1111
1100,1119
1101,1100
1101,1110
1101,1112
1103,1100
1104,1100
1109,1100
1110,1101
1110,1113
1111,1100
1112,1101
1113,1110
1119,1100
1120,1121
1120,1131
1120,1139
1121,1120
1121,1122
1121,1130
1121,1132
1122,1121
1122,1125
1122,1134
1125,1122
1130,1121
1130,1133
1131,1120
1132,1121
1133,1130
1134,1122
1139,1120
1140,1141
1140,1143
1140,1144
1140,1149
1140,1159
1141,1140
1141,1142
1141,1150
1141,1152
1142,1141
1142,1145
1142,1146
1142,1154
1143,1140
1144,1140
1145,1142
1145,1147
1146,1142
1147,1145
1149,1140
1150,1141
1150,1153
1152,1141
1153,1150
1154,1142
1159,1140
1160,1161
1160,1164
1160,1169
1160,1171
1161,1160
1161,1162
1161,1170
1161,1172
1162,1161
1164,1160
1169,1160
1170,1161
1170,1173
1171,1160
1172,1161
1173,1170
1180,1181
1180,1183
1180,1184
1180,1189
1180,1191
1180,1199
1181,1180
1181,1182
1181,1190
1181,1192
1182,1181
1182,1185
1182,1186
1182,1194
1183,1180
1183,1195
1184,1180
1185,1182
1185,1187
1186,1182
1186,1188
1187,1185
1188,1186
1189,1180
1190,1181
1190,1193
1191,1180
1192,1181
1193,1190
1194,1182
1195,1183
1199,1180
1200,1201
1200,1203
1200,1204
1200,1209
1200,1211
1200,1219
1201,1200
1201,1202
1201,1210
1202,1201
1202,1205
1202,1206
1202,1214
1203,1200
1204,1200
1205,1202
1206,1202
1206,1208
1206,1216
1208,1206
1208,1217
1209,1200
1210,1201
1211,1200
1214,1202
1216,1206
1217,1208
1219,1200
1220,1221
1221,1220
1221,1222
1221,1230
1221,1232
1222,1221
1222,1225
1222,1226
1222,1234
1225,1222
1225,1227
1226,1222
1226,1228
1226,1236
1227,1225
1228,1226
1230,1221
1230,1233
1232,1221
1233,1230
1234,1222
1236,1226
1240,1241
1240,1244
1240,1249
1240,1251
1240,1259
1241,1240
1241,1242
1241,1250
1241,1252
1242,1241
1242,1245
1242,1246
1242,1254
1244,1240
1245,1242
1245,1247
1246,1242
1246,1248
1246,1256
1247,1245
1248,1246
1248,1257
1249,1240
1250,1241
1250,1253
1251,1240
1252,1241
1253,1250
1254,1242
1256,1246
1257,1248
1259,1240
1260,1261
1260,1264
1260,1271
1260,1279
1261,1260
1261,1262
1261,1272
1262,1261
1262,1265
1262,1266
1262,1274
1264,1260
1265,1262
1266,1262
1266,1268
1266,1276
1268,1266
1268,1277
1271,1260
1272,1261
1274,1262
1276,1266
1277,1268
1279,1260
1280,1281
1280,1283
1280,1284
1280,1289
1280,1299
1281,1280
1281,1282
1281,1290
1281,1292
1282,1281
1282,1285
1282,1286
1282,1294
1283,1280
1284,1280
1285,1282
1285,1287
1286,1282
1286,1288
1286,1296
1287,1285
1288,1286
1288,1297
1289,1280
1290,1281
1292,1281
1294,1282
1296,1286
1297,1288
1299,1280
1300,1301
1301,1300
1301,1302
1301,1312
1302,1301
1302,1305
1302,1314
1305,1302
1312,1301
1314,1302
1321,1322
1321,1330
1321,1332
1322,1321
1322,1325
1322,1326
1322,1334
1325,1322
1326,1322
1326,1328
1326,1336
1328,1326
1330,1321
1332,1321
1334,1322
1336,1326
1340,1341
1340,1343
1340,1359
1341,1340
1341,1342
1341,1350
1342,1341
1342,1345
1342,1346
1342,1354
1343,1340
1345,1342
1346,1342
1346,1348
1346,1356
1348,1346
1348,1357
1350,1341
1350,1353
1353,1350
1354,1342
1356,1346
1357,1348
1359,1340
1360,1361
1360,1363
1360,1364
1360,1369
1360,1371
1361,1360
1361,1362
1361,1370
1361,1372
1362,1361
1362,1365
1362,1366
1362,1374
1363,1360
1364,1360
1365,1362
1366,1362
1366,1368
1366,1376
1368,1366
1369,1360
1370,1361
1371,1360
1372,1361
1374,1362
1376,1366
1380,1381
1380,1383
1380,1389
1380,1399
1381,1380
1381,1382
1381,1390
1381,1392
1382,1381
1382,1385
1382,1394
1383,1380
1385,1382
1385,1387
1387,1385
1389,1380
1390,1381
1390,1393
1392,1381
1393,1390
1394,1382
1399,1380
1401,1402
1401,1410
1401,1412
1402,1401
1402,1405
1402,1406
1402,1414
1405,1402
1405,1407
1406,1402
1406,1416
1407,1405
1410,1401
1410,1413
1412,1401
1413,1410
1414,1402
1416,1406
1420,1421
1420,1423
1420,1431
1421,1420
1421,1422
1421,1430
1421,1432
1422,1421
1422,1425
1422,1426
1422,1434
1423,1420
1423,1438
1425,1422
1426,1422
1426,1428
1428,1426
1430,1421
1430,1433
1431,1420
1432,1421
1433,1430
1434,1422
1438,1423
1440,1441
1441,1440
1441,1442
1441,1450
1441,1452
1442,1441
1442,1445
1442,1446
1442,1454
1445,1442
1446,1442
1446,1448
1446,1456
1448,1446
1450,1441
1452,1441
1454,1442
1456,1446
1460,1461
1460,1463
1460,1464
1460,1469
1460,1479
1461,1460
1461,1462
1461,1472
1462,1461
1462,1465
1462,1466
1462,1474
1463,1460
1463,1478
1464,1460
1465,1462
1465,1467
1466,1462
1466,1468
1466,1476
1467,1465
1468,1466
1468,1477
1469,1460
1472,1461
1474,1462
1476,1466
1477,1468
1478,1463
1479,1460
1480,1481
1480,1483
1480,1491
1480,1499
1481,1480
1481,1482
1481,1490
1481,1492
1482,1481
1482,1485
1482,1486
1482,1494
1483,1480
1483,1495
1485,1482
1486,1482
1486,1488
1486,1496
1488,1486
1490,1481
1491,1480
1492,1481
1494,1482
1495,1483
1496,1486
1499,1480
1500,1501
1501,1500
1501,1502
1502,1501
1502,1505
1502,1506
1502,1514
1505,1502
1506,1502
1506,1508
1506,1516
1508,1506
1514,1502
1516,1506
1522,1525
1522,1526
1522,1534
1525,1522
1525,1527
1526,1522
1526,1528
1527,1525
1528,1526
1528,1537
1534,1522
1537,1528
1541,1542
1542,1541
1542,1545
1542,1546
1542,1554
1545,1542
1545,1547
1546,1542
1546,1548
1546,1556
1547,1545
1548,1546
1548,1557
1554,1542
1556,1546
1557,1548
1560,1561
1561,1560
1561,1562
1561,1570
1561,1572
1562,1561
1562,1574
1570,1561
1570,1573
1572,1561
1573,1570
1574,1562
1580,1581
1581,1580
1581,1582
1581,1590
1581,1592
1582,1581
1582,1585
1582,1586
1585,1582
1586,1582
1586,1596
1590,1581
1590,1593
1592,1581
1593,1590
1596,1586
1600,1601
1601,1600
1601,1602
1601,1610
1601,1612
1602,1601
1602,1605
1602,1606
1602,1614
1605,1602
1605,1607
1606,1602
1606,1608
1606,1616
1607,1605
1608,1606
1608,1617
1610,1601
1610,1613
1612,1601
1613,1610
1614,1602
1616,1606
1617,1608
1621,1622
1621,1630
1621,1632
1622,1621
1622,1625
1622,1626
1622,1634
1625,1622
1625,1627
1626,1622
1626,1628
1627,1625
1628,1626
1630,1621
1630,1633
1632,1621
1633,1630
1634,1622
1640,1641
1640,1643
1640,1644
1640,1649
1640,1651
1640,1659
1641,1640
1641,1642
1641,1650
1641,1652
1642,1641
1642,1645
1642,1646
1642,1654
1643,1640
1643,1655
1644,1640
1645,1642
1645,1647
1646,1642
1646,1656
1647,1645
1649,1640
1650,1641
1650,1653
1651,1640
1652,1641
1653,1650
1654,1642
1655,1643
1656,1646
1659,1640
1661,1662
1661,1670
1661,1672
1662,1661
1662,1665
1662,1666
1662,1674
1665,1662
1666,1662
1666,1668
1666,1676
1668,1666
1670,1661
1672,1661
1674,1662
1676,1666
1680,1681
1680,1684
1680,1689
1680,1691
1681,1680
1681,1682
1681,1690
1681,1692
1682,1681
1682,1685
1682,1686
1682,1694
1684,1680
1685,1682
1686,1682
1686,1688
1686,1696
1688,1686
1688,1697
1689,1680
1690,1681
1690,1693
1691,1680
1692,1681
1693,1690
1694,1682
1696,1686
1697,1688
1701,1702
1702,1701
1702,1705
1702,1706
1702,1714
1705,1702
1705,1707
1706,1702
1706,1708
1706,1716
1707,1705
1708,1706
1714,1702
1716,1706
1721,1722
1722,1721
1722,1725
1722,1726
1722,1734
1725,1722
1725,1727
1726,1722
1726,1728
1726,1736
1727,1725
1728,1726
1734,1722
1736,1726
1740,1741
1740,1744
1740,1749
1740,1759
1741,1740
1741,1742
1741,1750
1741,1752
1742,1741
1742,1745
1742,1746
1742,1754
1744,1740
1745,1742
1745,1747
1746,1742
1746,1748
1746,1756
1747,1745
1748,1746
1749,1740
1750,1741
1752,1741
1754,1742
1756,1746
1759,1740
1760,1761
1760,1763
1760,1764
1760,1769
1761,1760
1761,1762
1761,1770
1761,1772
1762,1761
1762,1765
1762,1766
1762,1774
1763,1760
1764,1760
1765,1762
1766,1762
1766,1768
1766,1776
1768,1766
1768,1777
1769,1760
1770,1761
1770,1773
1772,1761
1773,1770
1774,1762
1776,1766
1777,1768
1780,1781
1781,1780
1781,1782
1781,1790
1782,1781
1782,1785
1782,1786
1782,1794
1785,1782
1785,1787
1786,1782
1786,1788
1786,1796
1787,1785
1788,1786
1790,1781
1794,1782
1796,1786
1800,1801
1800,1803
1800,1804
1800,1809
1800,1811
1800,1819
1801,1800
1801,1810
1801,1812
1803,1800
1803,1815
1803,1818
1804,1800
1809,1800
1810,1801
1811,1800
1812,1801
1815,1803
1818,1803
1819,1800
1820,1821
1820,1823
1820,1824
1820,1829
1820,1831
1820,1839
1821,1820
1821,1830
1821,1832
1823,1820
1823,1835
1823,1838
1824,1820
1829,1820
1830,1821
1831,1820
1832,1821
1835,1823
1838,1823
1839,1820
1840,1841
1840,1843
1840,1844
1840,1849
1840,1851
1841,1840
1843,1840
1843,1855
1843,1858
1844,1840
1849,1840
1851,1840
1855,1843
1858,1843
1860,1863
1860,1864
1860,1871
1863,1860
1863,1875
1863,1878
1864,1860
1871,1860
1875,1863
1878,1863
1880,1883
1880,1884
1880,1889
1880,1891
1883,1880
1883,1895
1883,1898
1884,1880
1889,1880
1891,1880
1895,1883
1898,1883
1900,1901
1900,1903
1900,1909
1900,1911
1900,1919
1901,1900
1903,1900
1903,1915
1903,1918
1909,1900
1911,1900
1915,1903
1918,1903
1919,1900
1920,1921
1920,1923
1920,1929
1920,1931
1920,1939
1921,1920
1923,1920
1923,1935
1923,1938
1929,1920
1931,1920
1935,1923
1938,1923
1939,1920
1940,1943
1940,1944
1940,1949
1940,1951
1940,1959
1943,1940
1943,1955
1943,1958
1944,1940
1949,1940
1951,1940
1955,1943
1958,1943
1959,1940
1960,1961
1960,1963
1960,1971
1960,1979
1961,1960
1963,1960
1963,1975
1963,1978
1971,1960
1975,1963
1978,1963
1979,1960
1980,1981
1980,1983
1980,1984
1980,1989
1980,1991
1980,1999
1981,1980
1983,1980
1983,1995
1983,1998
1984,1980
1989,1980
1991,1980
1995,1983
1998,1983
1999,1980
2000,2001
2000,2003
2000,2004
2000,2009
2000,2011
2000,2019
2001,2000
2001,2010
2001,2012
2003,2000
2003,2018
2004,2000
2009,2000
2010,2001
2011,2000
2012,2001
2018,2003
2019,2000
2020,2021
2020,2023
2020,2029
2020,2031
2020,2039
2021,2020
2023,2020
2023,2035
2023,2038
2029,2020
2031,2020
2035,2023
2038,2023
2039,2020
2040,2041
2040,2043
2040,2044
2040,2049
2040,2059
2041,2040
2041,2042
2041,2050
2041,2052
2042,2041
2043,2040
2043,2055
2043,2058
2044,2040
2049,2040
2050,2041
2052,2041
2055,2043
2058,2043
2059,2040
2060,2061
2060,2063
2060,2064
2060,2069
2060,2071
2060,2079
2061,2060
2061,2070
2063,2060
2063,2078
2064,2060
2069,2060
2070,2061
2071,2060
2078,2063
2079,2060
2080,2081
2080,2083
2080,2084
2080,2089
2080,2091
2080,2099
2081,2080
2081,2082
2081,2090
2081,2092
2082,2081
2083,2080
2083,2095
2084,2080
2089,2080
2090,2081
2091,2080
2092,2081
2095,2083
2099,2080
2100,2103
2103,2100
2103,2115
2103,2118
2115,2103
2118,2103
2120,2121
2120,2123
2120,2124
2120,2129
2120,2131
2121,2120
2121,2122
2121,2132
2122,2121
2123,2120
2123,2135
2123,2138
2124,2120
2129,2120
2131,2120
2132,2121
2135,2123
2138,2123
2140,2143
2143,2140
2143,2155
2143,2158
2155,2143
2158,2143
2160,2161
2160,2163
2160,2164
2160,2169
2160,2171
2160,2179
2161,2160
2163,2160
2163,2175
2163,2178
2164,2160
2169,2160
2171,2160
2175,2163
2178,2163
2179,2160
2180,2183
2180,2184
2180,2189
2180,2191
2180,2199
2183,2180
2183,2195
2183,2198
2184,2180
2189,2180
2191,2180
2195,2183
2198,2183
2199,2180
2200,2201
2200,2203
2200,2204
2200,2209
2200,2211
2200,2219
2201,2200
2201,2202
2201,2212
2202,2201
2202,2205
2202,2214
2203,2200
2203,2218
2204,2200
2205,2202
2209,2200
2211,2200
2212,2201
2214,2202
2218,2203
2219,2200
2220,2221
2220,2223
2220,2224
2220,2229
2220,2231
2220,2239
2221,2220
2221,2230
2221,2232
2223,2220
2223,2235
2223,2238
2224,2220
2229,2220
2230,2221
2231,2220
2232,2221
2235,2223
2238,2223
2239,2220
2240,2241
2240,2243
2240,2244
2240,2249
2240,2251
2240,2259
2241,2240
2241,2242
2241,2252
2242,2241
2242,2246
2242,2254
2243,2240
2243,2255
2243,2258
2244,2240
2246,2242
2249,2240
2251,2240
2252,2241
2254,2242
2255,2243
2258,2243
2259,2240
2263,2275
2263,2278
2275,2263
2278,2263
2280,2283
2283,2280
2283,2295
2295,2283
2300,2301
2300,2303
2300,2304
2301,2300
2303,2300
2303,2315
2303,2318
2304,2300
2315,2303
2318,2303
2320,2323
2323,2320
2323,2335
2323,2338
2335,2323
2338,2323
2340,2341
2340,2343
2340,2344
2340,2349
2340,2351
2340,2359
2341,2340
2341,2350
2343,2340
2343,2355
2343,2358
2344,2340
2349,2340
2350,2341
2351,2340
2355,2343
2358,2343
2359,2340
2360,2361
2360,2363
2360,2364
2360,2369
2360,2371
2360,2379
2361,2360
2361,2362
2361,2370
2362,2361
2363,2360
2363,2378
2364,2360
2369,2360
2370,2361
2371,2360
2378,2363
2379,2360
2380,2381
2380,2383
2380,2389
2380,2391
2381,2380
2383,2380
2383,2395
2383,2398
2389,2380
2391,2380
2395,2383
2398,2383
2400,2401
2400,2403
2400,2404
2400,2409
2400,2411
2400,2419
2401,2400
2403,2400
2404,2400
2409,2400
2411,2400
2419,2400
2420,2421
2420,2423
2420,2424
2420,2439
2421,2420
2423,2420
2423,2435
2423,2438
2424,2420
2435,2423
2438,2423
2439,2420
2440,2441
2440,2443
2440,2444
2440,2449
2440,2451
2440,2459
2441,2440
2441,2442
2441,2450
2441,2452
2442,2441
2442,2445
2443,2440
2443,2455
2444,2440
2445,2442
2449,2440
2450,2441
2451,2440
2452,2441
2455,2443
2459,2440
2460,2464
2464,2460
2480,2481
2480,2483
2480,2484
2480,2489
2480,2491
2481,2480
2481,2482
2481,2490
2482,2481
2482,2486
2482,2494
2483,2480
2484,2480
2486,2482
2489,2480
2490,2481
2490,2493
2491,2480
2493,2490
2494,2482
2500,2501
2500,2503
2500,2504
2500,2511
2500,2519
2501,2500
2501,2510
2501,2512
2503,2500
2503,2518
2504,2500
2510,2501
2510,2513
2511,2500
2512,2501
2513,2510
2518,2503
2519,2500
2520,2521
2520,2524
2520,2529
2520,2531
2520,2539
2521,2520
2521,2522
2521,2532
2522,2521
2524,2520
2529,2520
2531,2520
2532,2521
2539,2520
2540,2544
2540,2551
2544,2540
2551,2540
2560,2561
2560,2563
2560,2564
2560,2569
2560,2571
2560,2579
2561,2560
2561,2570
2561,2572
2563,2560
2563,2575
2564,2560
2569,2560
2570,2561
2571,2560
2572,2561
2575,2563
2579,2560
2580,2581
2580,2583
2580,2584
2580,2589
2580,2591
2580,2599
2581,2580
2581,2582
2581,2590
2581,2592
2582,2581
2583,2580
2583,2598
2584,2580
2589,2580
2590,2581
2591,2580
2592,2581
2598,2583
2599,2580
2600,2604
2604,2600
2620,2621
2620,2623
2620,2624
2620,2629
2620,2639
2621,2620
2623,2620
2623,2638
2624,2620
2629,2620
2638,2623
2639,2620
2640,2641
2640,2643
2640,2644
2640,2649
2640,2651
2640,2659
2641,2640
2641,2642
2642,2641
2643,2640
2643,2655
2643,2658
2644,2640
2649,2640
2651,2640
2655,2643
2658,2643
2659,2640
2660,2661
2660,2663
2660,2664
2660,2669
2660,2671
2660,2679
2661,2660
2661,2662
2661,2670
2661,2672
2662,2661
2662,2666
2663,2660
2663,2675
2663,2678
2664,2660
2666,2662
2669,2660
2670,2661
2670,2673
2671,2660
2672,2661
2673,2670
2675,2663
2678,2663
2679,2660
2680,2684
2684,2680
2700,2703
2700,2704
2700,2719
2703,2700
2704,2700
2719,2700
2720,2721
2720,2723
2720,2724
2720,2729
2720,2731
2721,2720
2723,2720
2724,2720
2729,2720
2731,2720
2740,2744
2740,2749
2740,2751
2744,2740
2749,2740
2751,2740
2760,2761
2760,2764
2760,2769
2760,2771
2760,2779
2761,2760
2761,2762
2761,2772
2762,2761
2764,2760
2769,2760
2771,2760
2772,2761
2779,2760
2780,2781
2780,2783
2780,2784
2780,2789
2780,2791
2780,2799
2781,2780
2781,2790
2783,2780
2783,2798
2784,2780
2789,2780
2790,2781
2791,2780
2798,2783
2799,2780
2800,2804
2804,2800
2820,2821
2820,2823
2820,2824
2820,2829
2820,2831
2820,2839
2821,2820
2823,2820
2824,2820
2829,2820
2831,2820
2839,2820
2840,2841
2840,2844
2840,2849
2840,2851
2841,2840
2844,2840
2849,2840
2851,2840
2860,2861
2860,2863
2860,2864
2860,2869
2860,2871
2861,2860
2863,2860
2863,2878
2864,2860
2869,2860
2871,2860
2878,2863
2880,2881
2880,2883
2880,2884
2880,2889
2880,2891
2880,2899
2881,2880
2881,2882
2881,2890
2882,2881
2883,2880
2883,2895
2883,2898
2884,2880
2889,2880
2890,2881
2891,2880
2895,2883
2898,2883
2899,2880
2900,2901
2900,2903
2900,2904
2900,2909
2900,2911
2900,2919
2901,2900
2901,2902
2902,2901
2903,2900
2903,2918
2904,2900
2909,2900
2911,2900
2918,2903
2919,2900
2920,2921
2920,2924
2920,2929
2920,2931
2920,2939
2921,2920
2921,2930
2921,2932
2924,2920
2929,2920
2930,2921
2931,2920
2932,2921
2939,2920
2940,2941
2940,2943
2940,2944
2940,2949
2940,2951
2940,2959
2941,2940
2941,2942
2941,2950
2941,2952
2942,2941
2943,2940
2944,2940
2949,2940
2950,2941
2951,2940
2952,2941
2959,2940
2962,2965
2962,2966
2962,2974
2965,2962
2965,2967
2966,2962
2967,2965
2974,2962
2981,2982
2981,2990
2981,2992
2982,2981
2982,2985
2982,2986
2982,2994
2985,2982
2985,2987
2986,2982
2987,2985
2990,2981
2992,2981
2994,2982
3001,3002
3002,3001
3002,3005
3002,3006
3002,3014
3005,3002
3005,3007
3006,3002
3006,3008
3006,3016
3007,3005
3008,3006
3014,3002
3016,3006
3021,3022
3021,3030
3021,3032
3022,3021
3022,3025
3022,3026
3022,3034
3025,3022
3025,3027
3026,3022
3027,3025
3030,3021
3030,3033
3032,3021
3033,3030
3034,3022
3040,3041
3041,3040
3041,3042
3042,3041
3042,3045
3042,3046
3042,3054
3045,3042
3045,3047
3046,3042
3046,3056
3047,3045
3054,3042
3056,3046
3060,3061
3060,3069
3061,3060
3061,3062
3061,3072
3062,3061
3062,3065
3062,3066
3062,3074
3065,3062
3065,3067
3066,3062
3066,3068
3067,3065
3068,3066
3068,3077
3069,3060
3072,3061
3074,3062
3077,3068
3081,3082
3082,3081
3082,3085
3085,3082
3085,3087
3087,3085
3102,3105
3105,3102
3105,3107
3107,3105
3120,3121
3120,3124
3121,3120
3121,3122
3121,3130
3121,3132
3122,3121
3122,3125
3122,3126
3124,3120
3125,3122
3125,3127
3126,3122
3127,3125
3130,3121
3132,3121
3141,3142
3142,3141
3142,3145
3142,3146
3145,3142
3146,3142
3161,3162
3161,3170
3161,3172
3162,3161
3162,3165
3162,3166
3162,3174
3165,3162
3165,3167
3166,3162
3166,3176
3167,3165
3170,3161
3170,3173
3172,3161
3173,3170
3174,3162
3176,3166
3181,3182
3181,3190
3181,3192
3182,3181
3182,3185
3182,3186
3182,3194
3185,3182
3185,3187
3186,3182
3186,3188
3186,3196
3187,3185
3188,3186
3190,3181
3192,3181
3194,3182
3196,3186
3200,3201
3201,3200
3201,3202
3202,3201
3202,3205
3202,3206
3202,3214
3205,3202
3205,3207
3206,3202
3206,3208
3206,3216
3207,3205
3208,3206
3208,3217
3214,3202
3216,3206
3217,3208
3221,3222
3221,3232
3222,3221
3222,3225
3225,3222
3225,3227
3227,3225
3232,3221
3241,3242
3242,3241
3242,3245
3242,3254
3245,3242
3245,3247
3247,3245
3254,3242
3262,3265
3265,3262
3265,3267
3267,3265
3282,3285
3282,3286
3285,3282
3285,3287
3286,3282
3286,3288
3286,3296
3287,3285
3288,3286
3296,3286
3300,3301
3300,3304
3300,3309
3300,3319
3301,3300
3301,3302
3301,3310
3301,3312
3302,3301
3302,3305
3302,3306
3302,3314
3304,3300
3305,3302
3305,3307
3306,3302
3306,3308
3306,3316
3307,3305
3308,3306
3309,3300
3310,3301
3312,3301
3314,3302
3316,3306
3319,3300
3320,3321
3320,3329
3320,3331
3320,3339
3321,3320
3321,3322
3321,3330
3321,3332
3322,3321
3322,3325
3322,3326
3325,3322
3325,3327
3326,3322
3326,3328
3326,3336
3327,3325
3328,3326
3329,3320
3330,3321
3331,3320
3332,3321
3336,3326
3339,3320
3342,3345
3342,3346
3345,3342
3345,3347
3346,3342
3347,3345
3361,3362
3362,3361
3362,3365
3362,3366
3362,3374
3365,3362
3365,3367
3366,3362
3366,3368
3367,3365
3368,3366
3374,3362
3382,3385
3385,3382
3385,3387
3387,3385
3400,3401
3400,3419
3401,3400
3401,3402
3401,3412
3402,3401
3402,3405
3402,3406
3402,3414
3405,3402
3405,3407
3406,3402
3406,3408
3407,3405
3408,3406
3412,3401
3414,3402
3419,3400
3421,3422
3422,3421
3422,3425
3422,3426
3422,3434
3425,3422
3425,3427
3426,3422
3427,3425
3434,3422
3442,3445
3445,3442
3445,3447
3447,3445
3462,3465
3462,3466
3462,3474
3465,3462
3465,3467
3466,3462
3466,3468
3466,3476
3467,3465
3468,3466
3474,3462
3476,3466
3485,3487
3487,3485
3502,3505
3502,3514
3505,3502
3505,3507
3507,3505
3514,3502
3521,3522
3522,3521
3522,3525
3525,3522
3525,3527
3527,3525
3542,3545
3542,3546
3545,3542
3545,3547
3546,3542
3546,3556
3547,3545
3556,3546
3561,3562
3561,3572
3562,3561
3562,3565
3562,3566
3562,3574
3565,3562
3565,3567
3566,3562
3566,3568
3566,3576
3567,3565
3568,3566
3568,3577
3572,3561
3574,3562
3576,3566
3577,3568
3582,3585
3582,3586
3585,3582
3586,3582
3586,3588
3588,3586
3602,3605
3602,3606
3602,3614
3605,3602
3605,3607
3606,3602
3606,3616
3607,3605
3614,3602
3616,3606
3621,3622
3622,3621
3622,3625
3622,3626
3622,3634
3625,3622
3626,3622
3626,3628
3626,3636
3628,3626
3634,3622
3636,3626
3642,3646
3646,3642
3646,3648
3646,3656
3648,3646
3656,3646
3661,3662
3662,3661
3662,3666
3666,3662
3666,3668
3666,3676
3668,3666
3668,3677
3676,3666
3677,3668
3680,3681
3680,3691
3681,3680
3681,3682
3681,3690
3681,3692
3682,3681
3682,3686
3682,3694
3686,3682
3686,3688
3686,3696
3688,3686
3688,3697
3690,3681
3691,3680
3692,3681
3694,3682
3696,3686
3697,3688
3702,3705
3702,3706
3702,3714
3705,3702
3706,3702
3706,3708
3706,3716
3708,3706
3708,3717
3714,3702
3716,3706
3717,3708
3722,3726
3726,3722
3726,3728
3726,3736
3728,3726
3736,3726
3742,3745
3742,3746
3742,3754
3745,3742
3746,3742
3746,3748
3746,3756
3748,3746
3748,3757
3754,3742
3756,3746
3757,3748
3761,3762
3761,3772
3762,3761
3762,3765
3762,3766
3765,3762
3766,3762
3766,3768
3766,3776
3768,3766
3768,3777
3772,3761
3776,3766
3777,3768
3780,3781
3781,3780
3781,3782
3781,3790
3781,3792
3782,3781
3782,3785
3782,3786
3782,3794
3785,3782
3785,3787
3786,3782
3786,3788
3786,3796
3787,3785
3788,3786
3790,3781
3792,3781
3794,3782
3796,3786
3801,3802
3802,3801
3802,3805
3802,3806
3802,3814
3805,3802
3806,3802
3806,3808
3806,3816
3808,3806
3814,3802
3816,3806
3821,3822
3822,3821
3822,3825
3822,3826
3822,3834
3825,3822
3826,3822
3826,3828
3826,3836
3828,3826
3828,3837
3834,3822
3836,3826
3837,3828
3840,3841
3841,3840
3841,3842
3841,3852
3842,3841
3842,3845
3842,3846
3842,3854
3845,3842
3846,3842
3846,3848
3846,3856
3848,3846
3848,3857
3852,3841
3854,3842
3856,3846
3857,3848
3861,3862
3862,3861
3862,3865
3862,3866
3865,3862
3865,3867
3866,3862
3866,3868
3866,3876
3867,3865
3868,3866
3876,3866
3881,3882
3881,3892
3882,3881
3882,3885
3882,3886
3882,3894
3885,3882
3885,3887
3886,3882
3886,3888
3886,3896
3887,3885
3888,3886
3892,3881
3894,3882
3896,3886
3901,3902
3901,3910
3902,3901
3902,3905
3902,3906
3902,3914
3905,3902
3905,3907
3906,3902
3906,3908
3906,3916
3907,3905
3908,3906
3908,3917
3910,3901
3914,3902
3916,3906
3917,3908
3921,3922
3921,3932
3922,3921
3922,3925
3922,3926
3922,3934
3925,3922
3926,3922
3926,3928
3926,3936
3928,3926
3932,3921
3934,3922
3936,3926
3941,3942
3941,3950
3942,3941
3942,3946
3946,3942
3946,3948
3946,3956
3948,3946
3950,3941
3956,3946
3961,3962
3962,3961
3962,3965
3962,3966
3962,3974
3965,3962
3966,3962
3966,3968
3966,3976
3968,3966
3968,3977
3974,3962
3976,3966
3977,3968
3981,3982
3982,3981
3982,3985
3982,3986
3982,3994
3985,3982
3985,3987
3986,3982
3986,3988
3986,3996
3987,3985
3988,3986
3988,3997
3994,3982
3996,3986
3997,3988
4006,4008
4006,4016
4008,4006
4008,4017
4016,4006
4017,4008
4022,4025
4022,4026
4022,4034
4025,4022
4025,4027
4026,4022
4026,4028
4026,4036
4027,4025
4028,4026
4028,4037
4034,4022
4036,4026
4037,4028
4042,4046
4046,4042
4046,4048
4046,4056
4048,4046
4048,4057
4056,4046
4057,4048
4060,4061
4061,4060
4061,4062
4061,4070
4061,4072
4062,4061
4062,4065
4062,4066
4062,4074
4065,4062
4066,4062
4066,4068
4066,4076
4068,4066
4070,4061
4070,4073
4072,4061
4073,4070
4074,4062
4076,4066
4080,4081
4080,4084
4080,4099
4081,4080
4081,4082
4081,4092
4082,4081
4082,4085
4082,4086
4082,4094
4084,4080
4085,4082
4086,4082
4086,4088
4086,4096
4088,4086
4088,4097
4092,4081
4094,4082
4096,4086
4097,4088
4099,4080
4101,4102
4102,4101
4102,4105
4102,4106
4105,4102
4106,4102
4106,4108
4106,4116
4108,4106
4108,4117
4116,4106
4117,4108
4126,4128
4126,4136
4128,4126
4128,4137
4136,4126
4137,4128
4142,4146
4142,4154
4146,4142
4146,4148
4146,4156
4148,4146
4148,4157
4154,4142
4156,4146
4157,4148
4162,4165
4165,4162
4165,4167
4167,4165
4181,4182
4182,4181
4182,4185
4182,4186
4185,4182
4185,4187
4186,4182
4187,4185
4201,4202
4202,4201
4202,4205
4202,4206
4202,4214
4205,4202
4205,4207
4206,4202
4207,4205
4214,4202
4220,4221
4221,4220
4221,4222
4222,4221
4222,4225
4222,4226
4222,4234
4225,4222
4225,4227
4226,4222
4227,4225
4234,4222
4241,4242
4242,4241
4242,4245
4242,4246
4242,4254
4245,4242
4245,4247
4246,4242
4246,4248
4246,4256
4247,4245
4248,4246
4254,4242
4256,4246
4261,4262
4262,4261
4262,4265
4265,4262
4265,4267
4267,4265
4285,4287
4287,4285
4301,4302
4301,4310
4302,4301
4302,4305
4302,4314
4305,4302
4305,4307
4307,4305
4310,4301
4314,4302
4321,4322
4322,4321
4322,4325
4322,4334
4325,4322
4325,4327
4327,4325
4334,4322
4342,4345
4342,4346
4345,4342
4345,4347
4346,4342
4347,4345
4361,4362
4361,4372
4362,4361
4362,4365
4362,4366
4362,4374
4365,4362
4365,4367
4366,4362
4366,4376
4367,4365
4372,4361
4374,4362
4376,4366
4382,4385
4382,4386
4382,4394
4385,4382
4385,4387
4386,4382
4387,4385
4394,4382
4405,4407
4407,4405
4422,4425
4422,4434
4425,4422
4425,4427
4427,4425
4434,4422
4440,4441
4441,4440
4441,4442
4441,4452
4442,4441
4442,4445
4442,4446
4442,4454
4445,4442
4445,4447
4446,4442
4447,4445
4452,4441
4454,4442
4462,4465
4465,4462
4465,4467
4467,4465
4482,4485
4482,4494
4485,4482
4485,4487
4487,4485
4494,4482
4502,4505
4502,4506
4505,4502
4505,4507
4506,4502
4507,4505
4525,4527
4527,4525
4542,4545
4545,4542
4545,4547
4547,4545
4561,4562
4562,4561
4562,4565
4562,4566
4562,4574
4565,4562
4565,4567
4566,4562
4567,4565
4574,4562
4582,4585
4585,4582
4585,4587
4587,4585
4605,4607
4607,4605
4621,4622
4622,4621
4622,4625
4625,4622
4625,4627
4627,4625
4641,4642
4642,4641
4642,4645
4642,4646
4642,4654
4645,4642
4645,4647
4646,4642
4646,4648
4646,4656
4647,4645
4648,4646
4654,4642
4656,4646
4662,4665
4665,4662
4665,4667
4667,4665
4685,4687
4687,4685
4701,4702
4702,4701
4702,4705
4702,4706
4702,4714
4705,4702
4705,4707
4706,4702
4707,4705
4714,4702
4721,4722
4722,4721
4722,4725
4722,4726
4725,4722
4725,4727
4726,4722
4727,4725
4746,4748
4748,4746
4748,4757
4757,4748
4761,4762
4762,4761
4762,4766
4766,4762
4766,4768
4766,4776
4768,4766
4768,4777
4776,4766
4777,4768
4781,4782
4782,4781
4782,4786
4786,4782
4786,4788
4786,4796
4788,4786
4788,4797
4796,4786
4797,4788
4802,4806
4806,4802
4806,4808
4808,4806
4808,4817
4817,4808
4828,4837
4837,4828
4846,4848
4846,4856
4848,4846
4848,4857
4856,4846
4857,4848
4866,4868
4868,4866
4868,4877
4877,4868
4882,4886
4886,4882
4886,4888
4886,4896
4888,4886
4896,4886
4901,4902
4902,4901
4902,4905
4902,4906
4902,4914
4905,4902
4905,4907
4906,4902
4906,4908
4906,4916
4907,4905
4908,4906
4908,4917
4914,4902
4916,4906
4917,4908
4922,4926
4926,4922
4926,4928
4926,4936
4928,4926
4928,4937
4936,4926
4937,4928
4942,4945
4942,4946
4942,4954
4945,4942
4946,4942
4946,4948
4946,4956
4948,4946
4948,4957
4954,4942
4956,4946
4957,4948
4961,4962
4962,4961
4962,4965
4962,4966
4965,4962
4966,4962
4966,4968
4966,4976
4968,4966
4968,4977
4976,4966
4977,4968
4986,4988
4988,4986
4988,4997
4997,4988
5006,5008
5006,5016
5008,5006
5008,5017
5016,5006
5017,5008
5026,5028
5028,5026
5028,5037
5037,5028
5042,5045
5042,5046
5042,5054
5045,5042
5046,5042
5046,5048
5046,5056
5048,5046
5048,5057
5054,5042
5056,5046
5057,5048
5062,5066
5066,5062
5066,5068
5066,5076
5068,5066
5068,5077
5076,5066
5077,5068
5082,5086
5086,5082
5086,5088
5086,5096
5088,5086
5088,5097
5096,5086
5097,5088
5100,5101
5101,5100
5101,5102
5102,5101
5102,5105
5102,5106
5102,5114
5105,5102
5105,5107
5106,5102
5106,5108
5106,5116
5107,5105
5108,5106
5108,5117
5114,5102
5116,5106
5117,5108
5120,5121
5121,5120
5121,5122
5122,5121
5122,5125
5122,5126
5122,5134
5125,5122
5126,5122
5126,5128
5126,5136
5128,5126
5128,5137
5134,5122
5136,5126
5137,5128
5146,5148
5146,5156
5148,5146
5148,5157
5156,5146
5157,5148
5162,5166
5166,5162
5166,5168
5166,5176
5168,5166
5168,5177
5176,5166
5177,5168
5182,5185
5182,5186
5182,5194
5185,5182
5186,5182
5186,5188
5186,5196
5188,5186
5188,5197
5194,5182
5196,5186
5197,5188
5201,5202
5202,5201
5202,5206
5202,5214
5206,5202
5206,5208
5206,5216
5208,5206
5208,5217
5214,5202
5216,5206
5217,5208
5222,5226
5226,5222
5226,5228
5226,5236
5228,5226
5228,5237
5236,5226
5237,5228
5241,5242
5242,5241
5242,5246
5242,5254
5246,5242
5246,5248
5246,5256
5248,5246
5248,5257
5254,5242
5256,5246
5257,5248
5268,5277
5277,5268
5282,5285
5282,5286
5285,5282
5286,5282
5286,5288
5286,5296
5288,5286
5288,5297
5296,5286
5297,5288
5300,5301
5301,5300
5301,5302
5301,5312
5302,5301
5302,5305
5302,5306
5302,5314
5305,5302
5306,5302
5306,5308
5306,5316
5308,5306
5308,5317
5312,5301
5314,5302
5316,5306
5317,5308
5322,5326
5326,5322
5326,5328
5326,5336
5328,5326
5328,5337
5336,5326
5337,5328
5340,5341
5340,5343
5340,5344
5340,5349
5340,5351
5341,5340
5341,5342
5341,5352
5342,5341
5343,5340
5343,5355
5343,5358
5344,5340
5349,5340
5351,5340
5352,5341
5355,5343
5358,5343
5360,5361
5360,5364
5360,5369
5360,5371
5360,5379
5361,5360
5361,5370
5364,5360
5369,5360
5370,5361
5371,5360
5379,5360
5380,5381
5380,5383
5380,5384
5380,5389
5380,5391
5380,5399
5381,5380
5381,5382
5381,5390
5381,5392
5382,5381
5382,5385
5382,5386
5382,5394
5383,5380
5383,5398
5384,5380
5385,5382
5386,5382
5389,5380
5390,5381
5391,5380
5392,5381
5394,5382
5398,5383
5399,5380
5400,5401
5400,5403
5400,5404
5400,5409
5400,5411
5400,5419
5401,5400
5403,5400
5404,5400
5409,5400
5411,5400
5419,5400
5420,5421
5420,5424
5420,5429
5420,5431
5420,5439
5421,5420
5424,5420
5429,5420
5431,5420
5439,5420
5440,5441
5440,5449
5440,5459
5441,5440
5449,5440
5459,5440
5460,5461
5460,5463
5460,5464
5460,5469
5460,5471
5460,5479
5461,5460
5461,5462
5461,5470
5461,5472
5462,5461
5462,5465
5463,5460
5463,5475
5463,5478
5464,5460
5465,5462
5469,5460
5470,5461
5471,5460
5472,5461
5475,5463
5478,5463
5479,5460
5480,5481
5480,5484
5480,5489
5480,5491
5481,5480
5481,5492
5484,5480
5489,5480
5491,5480
5492,5481
5500,5501
5500,5503
5500,5504
5500,5509
5500,5511
5501,5500
5503,5500
5503,5515
5503,5518
5504,5500
5509,5500
5511,5500
5515,5503
5518,5503
5520,5521
5520,5524
5520,5529
5520,5531
5521,5520
5524,5520
5529,5520
5531,5520
5540,5541
5540,5543
5540,5544
5540,5549
5540,5551
5540,5559
5541,5540
5541,5542
5541,5550
5541,5552
5542,5541
5543,5540
5543,5558
5544,5540
5549,5540
5550,5541
5551,5540
5552,5541
5558,5543
5559,5540
5560,5561
5560,5563
5560,5564
5560,5569
5560,5571
5560,5579
5561,5560
5561,5562
5562,5561
5563,5560
5563,5575
5563,5578
5564,5560
5569,5560
5571,5560
5575,5563
5578,5563
5579,5560
5580,5581
5580,5584
5580,5589
5580,5599
5581,5580
5581,5582
5581,5590
5582,5581
5584,5580
5589,5580
5590,5581
5599,5580
5600,5601
5600,5603
5600,5609
5600,5619
5601,5600
5603,5600
5609,5600
5619,5600
5620,5629
5629,5620
5640,5643
5640,5649
5640,5651
5640,5659
5643,5640
5649,5640
5651,5640
5659,5640
5660,5663
5660,5664
5660,5669
5660,5671
5660,5679
5663,5660
5664,5660
5669,5660
5671,5660
5679,5660
5680,5681
5680,5683
5680,5684
5680,5689
5680,5691
5680,5699
5681,5680
5681,5692
5683,5680
5684,5680
5689,5680
5691,5680
5692,5681
5699,5680
5700,5701
5700,5703
5700,5709
5700,5711
5700,5719
5701,5700
5701,5710
5703,5700
5703,5715
5709,5700
5710,5701
5711,5700
5715,5703
5719,5700
5720,5723
5720,5724
5720,5729
5720,5731
5720,5739
5723,5720
5723,5735
5723,5738
5724,5720
5729,5720
5731,5720
5735,5723
5738,5723
5739,5720
5740,5743
5740,5749
5740,5759
5743,5740
5743,5755
5743,5758
5749,5740
5755,5743
5758,5743
5759,5740
5760,5769
5769,5760
5780,5783
5780,5784
5780,5789
5780,5791
5780,5799
5783,5780
5783,5795
5783,5798
5784,5780
5789,5780
5791,5780
5795,5783
5798,5783
5799,5780
5800,5801
5800,5803
5800,5809
5800,5811
5800,5819
5801,5800
5801,5812
5803,5800
5803,5815
5809,5800
5811,5800
5812,5801
5815,5803
5819,5800
5820,5821
5820,5823
5820,5824
5820,5829
5820,5831
5820,5839
5821,5820
5821,5830
5821,5832
5823,5820
5823,5835
5823,5838
5824,5820
5829,5820
5830,5821
5831,5820
5832,5821
5835,5823
5838,5823
5839,5820
5840,5841
5840,5844
5840,5849
5840,5851
5840,5859
5841,5840
5841,5842
5841,5850
5841,5852
5842,5841
5842,5854
5844,5840
5849,5840
5850,5841
5850,5853
5851,5840
5852,5841
5853,5850
5854,5842
5859,5840
5860,5861
5860,5863
5860,5864
5860,5869
5860,5871
5860,5879
5861,5860
5863,5860
5864,5860
5869,5860
5871,5860
5879,5860
