1774,1776,73,1306,
1409,1776,1306,1903,
1306,1776,1774,235,
1986,1306,1776,1524,1817,
2022,1986,1776,1306,
1245,1605,1306,1776,1774,235,
200,1776,235,
1776,1306,1569,
235,1605,1817,1306,1776,1774,
31,1306,1776,1774,1903,235,
1776,1306,235,
1245,200,866,1776,
1776,1306,
1605,1776,1306,161,
161,1776,235,
1245,1306,866,285,1776,
235,1817,31,1776,
1306,1776,
1776,1306,235,
235,1306,1776,628,
200,1776,1774,
705,1776,200,1774,235,
161,1776,73,1306,1986,235,
161,1776,1306,
1306,1776,
1776,1306,1903,235,
235,1817,1306,1776,
1605,1776,1306,150,
1409,1306,1776,628,1794,235,
1245,1776,1817,1306,
1776,31,200,235,
235,1306,1776,1774,
1821,1776,73,1306,1986,866,235,
1986,1774,31,200,1776,235,
1384,1776,1306,1718,1774,
1409,1605,161,1306,1776,235,
1817,1306,1776,1774,1903,
1605,1306,1776,235,
1409,1776,1306,235,
1306,1776,235,
1245,1909,1306,1776,628,
1245,1774,31,1306,1776,628,846,235,
1774,73,1306,1776,
1776,1774,235,
1776,1821,31,1306,1774,
1776,1245,31,1774,
1605,1774,1776,31,1306,628,
866,285,1306,1986,1776,235,
1776,1306,235,
1524,1776,1306,
161,1986,1776,31,628,382,
73,200,1776,235,
1409,235,2022,1776,705,200,
73,1817,200,1776,
1776,1245,31,235,
285,1776,1306,1774,
866,1409,1306,1986,1776,
1776,235,31,1306,382,846,1728,
1245,1776,1306,1569,628,235,
1409,709,1306,1569,1776,1774,1903,
285,2022,1306,1776,
1986,1776,200,1774,
1409,161,1776,1306,235,
709,1409,1306,1776,1821,
704,1306,1776,
709,1245,1776,1306,1794,1774,
1409,1776,1774,
866,1776,1306,235,
1245,1605,1776,1306,1774,235,
1776,1306,1005,1774,235,
1605,1306,1776,1774,235,
200,1776,1774,
161,1245,73,1306,1776,1774,235,
1219,1776,1306,1794,
1306,1776,1774,
1776,1306,628,235,
1409,161,1776,31,1306,235,
709,1245,1605,1776,1306,
705,1245,200,1776,846,
1776,1306,956,
1776,200,382,235,
1776,235,
1847,1569,1776,1306,1903,
1776,200,235,
31,1306,1776,628,1774,1903,235,
1776,200,628,
1776,1306,628,
1409,1306,1776,846,
235,1776,200,1774,1903,
1306,1776,235,
1776,200,1774,235,
2022,1306,1776,235,
1776,1306,846,235,
1776,1409,1774,285,
1605,1986,1776,1306,1774,1903,
1245,866,1776,628,235,
31,1306,1776,235,
1245,1817,200,1776,235,
1409,709,1776,1306,
1776,1306,235,
161,1776,1306,
1776,161,1821,31,1306,
235,1306,1776,1774,
1776,1306,628,1774,235,
1776,200,
1409,1776,1306,
1409,1306,1776,1774,235,
866,1986,1776,1306,235,
1306,1776,1774,
1776,200,1774,1903,
1306,1776,1774,235,
1306,1776,235,
235,200,1776,1794,846,
1776,709,1306,235,
1524,31,1306,1776,
866,285,1776,31,1306,1794,235,
1774,285,1776,1306,
1776,1306,235,
1776,1306,
1776,1306,235,
1409,1524,1776,1306,628,
1409,709,1776,1306,161,
1776,73,31,1306,
161,1776,1306,235,
73,1817,1306,1776,1774,235,
1776,1817,1306,1774,1903,235,
1776,285,1986,1774,235,
1776,200,235,
1306,1776,628,
1245,161,1776,1306,1774,1903,235,
235,866,285,1776,31,1306,628,
1524,1776,1384,1306,
161,1776,1306,235,
1776,1306,1774,235,
161,1776,1306,235,
1776,709,31,200,1774,
200,1776,1774,235,
1524,1776,200,
1776,1306,
1245,1986,1306,1776,
1776,1219,1774,1306,
1605,1306,1776,628,235,
1605,161,1306,1776,235,
1776,1774,235,
235,1986,1776,200,
1847,161,1776,1821,73,1306,235,
1245,866,1306,1776,235,
1776,73,31,235,
1776,200,235,
1774,1821,709,1306,1776,
2022,1817,1986,1776,
1776,1306,235,
1776,235,31,1306,
1776,1306,235,
1384,1776,1245,1306,1569,
2022,1776,31,1306,628,235,
1245,200,1605,1569,1776,235,
1306,1776,235,
1605,1306,1776,235,
1219,1306,1776,
1821,1776,1774,
1306,1776,235,
1306,1569,1776,1774,235,
1409,1524,31,1306,1776,
1776,200,
1409,1306,1776,235,
1245,1774,285,1306,1776,235,
1776,31,200,235,
1776,1245,161,1986,31,1306,1774,235,
1776,709,1306,235,
1245,1776,200,235,
1245,31,1306,1776,1774,235,
1605,161,1909,1306,1776,1774,
1219,1776,1306,1794,235,
1306,1569,1776,235,
1776,1306,235,
1409,1776,73,1306,
1986,1776,
200,1776,235,
73,31,1306,1776,235,
285,1306,1776,
161,1776,1306,235,
161,1817,1306,1776,
1776,31,1306,1986,
235,1776,1306,1774,
1776,1306,1569,628,1774,
1409,161,1306,1776,235,
235,1817,200,1776,
200,1776,1774,235,
1776,1306,235,
1776,31,1306,1774,235,
1605,1776,200,
1306,1776,
1776,31,1774,235,
1605,1817,1306,1776,628,
1409,200,1569,1776,
1524,31,200,1776,628,1774,
1776,1306,
200,1776,628,235,
235,1306,1776,
200,1776,
235,1817,200,1776,
1776,1306,235,
1776,709,31,200,
1605,1306,1776,628,1774,1903,
200,1776,235,
73,1776,1306,628,1774,
1776,235,31,200,
1776,31,1306,235,
1524,1776,73,31,1306,
1524,1817,1776,1774,
1306,1776,235,
1847,161,1776,1245,1817,1306,235,
1774,200,1776,
1776,866,285,31,1306,
1776,1306,628,
1245,1605,1306,1776,1774,235,
1306,1776,235,
2022,1776,200,1986,
1245,1776,31,200,1774,235,
1774,200,1776,
1776,200,235,
200,1776,235,
1245,1776,1306,
1776,1817,31,1306,235,
1306,1776,235,
1776,31,1306,235,
1776,200,1986,31,1774,1903,235,
1306,1776,235,
1776,1306,1774,1903,
1409,1776,31,1306,
1776,31,1306,846,1774,
31,1306,1776,235,
1605,1776,1306,
1306,1569,1776,235,
1821,1776,200,1569,628,235,
285,1306,1776,
1776,1306,628,
285,1986,1306,1776,
1409,1776,1306,628,1774,235,
2022,1245,1306,1776,
1986,1384,1776,200,235,
1776,
1409,235,1776,1306,628,
1776,1774,
1605,200,1776,235,
2022,1817,1306,1776,235,
285,1774,1776,235,
1409,235,1306,1776,628,846,
1776,709,1306,1774,1903,235,
1776,31,
1776,628,235,
1776,200,1774,235,
1605,1776,31,1306,235,
1306,1776,235,
1837,161,1306,1776,
1774,285,1776,1306,
1847,1569,1776,1605,200,
1776,1847,1605,1306,628,846,235,
1776,31,1306,235,
1776,1306,235,
1776,1306,1774,
1524,73,200,1774,1903,
1306,1776,
1776,235,31,1306,1774,
1776,709,1306,235,
161,1986,1306,1776,1774,235,
705,1245,866,285,1306,1776,
1776,1409,709,31,1306,235,
235,1605,1776,31,1306,
1774,285,1005,1776,1306,235,
1306,1776,
1306,1776,235,
1776,200,
1847,285,866,1776,235,
161,1306,1776,
1847,161,1776,1409,1306,235,
1774,1903,285,1776,1306,235,
1776,200,235,
1776,1306,235,
1776,1306,1774,
200,1776,
1776,1219,1306,1986,1774,235,
1776,31,1306,235,
1776,31,1306,
1409,866,285,1776,200,1005,
1409,1306,161,1776,235,
1821,1776,31,1306,235,
235,1306,1776,628,
1306,1776,
31,1306,1776,235,
1776,31,1306,235,
1776,235,1605,1821,200,
235,1776,1306,
866,285,1409,1524,1306,1776,
1776,1306,235,
1776,1306,2032,161,
1245,1774,73,1306,1776,235,
285,1986,1306,1776,1718,628,235,
235,285,2022,1306,1776,
1245,31,1306,1776,235,
1409,200,1776,235,
1306,1776,235,
1605,1776,31,1306,1774,235,
1776,1245,1774,235,
1245,1306,1776,235,
1776,200,235,
1776,1306,235,
235,1776,1306,1774,
1306,1776,628,
1409,1986,1306,1776,1774,235,
1245,285,2022,1776,235,
1524,1776,31,200,
1776,1306,235,
1776,1245,866,709,1986,
1776,1245,73,1306,
1409,1776,1306,
1409,1776,1306,235,
285,1774,1306,1776,
161,235,1776,1817,1306,
1409,200,1776,235,
709,73,200,1776,
1306,1776,1774,
285,1986,1774,1306,1776,
31,1306,1776,235,
1776,31,200,
1776,1821,31,1306,1569,235,
31,1306,1776,235,
1847,1776,1306,628,
1306,866,1219,1776,235,
1605,1776,
1306,1776,
1384,31,1306,1776,
1847,1569,1776,200,235,
200,1776,628,2022,235,
161,1219,1306,1986,1776,
1776,200,235,
1776,200,235,
1306,1776,235,
1245,1776,200,628,1774,
1306,1776,846,235,
1776,1847,1306,1409,1774,
1516,161,1776,1306,1409,235,
1306,1776,235,
1245,1306,1776,
1306,1776,1774,235,
866,235,1776,1306,
1306,1776,235,
1776,
1306,1776,
1776,1817,1306,846,235,
1245,235,1776,1306,
1306,1776,235,
1821,1776,31,1306,235,
1776,1306,235,
285,1821,1776,1306,1774,235,
1245,2022,285,200,1776,846,235,
1776,31,1306,1774,
1776,1306,
1776,1245,1774,285,31,1306,235,
1776,1306,235,
1245,235,1306,1903,1776,
1306,1776,1774,1903,235,
1776,1306,235,
1837,1774,285,1776,1306,
235,200,1776,
1986,1384,1776,1569,1409,235,
1776,200,1569,1774,235,
235,1817,1776,200,1774,
1605,1776,1306,235,
1306,1776,235,
1776,1306,628,
1774,285,1776,1306,235,
1776,31,200,1774,
1776,200,1774,235,
1776,1306,1569,235,
235,1776,1306,
1776,1817,1306,
200,1569,1776,235,
1776,1306,
1776,1306,235,
73,704,1776,1306,1774,235,
1605,1776,31,1306,1569,235,
1409,285,200,1776,
1776,31,1306,1774,1903,
1245,2022,200,1776,
235,73,1776,1306,
1776,1847,1821,705,1306,1409,235,
1409,1605,285,73,1776,1986,1306,235,
1245,1306,1569,1776,235,
1776,1306,709,1986,1384,31,1774,
1245,1605,1986,1306,1776,235,
1409,200,1903,1776,235,
1306,1776,1774,
1847,1569,1776,200,
200,1776,1774,235,
1776,1306,
1776,1306,235,
1409,1776,31,1306,
1776,200,
235,200,1776,
1837,1776,1306,235,
285,1776,1306,235,
1306,1569,1776,
31,1306,1776,1774,235,
1776,200,
1245,200,1776,2022,235,
1776,1306,235,
1524,1776,1306,1569,1774,
1245,1776,200,1774,235,
1821,1776,1817,1306,1774,235,
1776,235,1306,
1776,1306,2022,
73,1776,1306,235,
285,1774,1776,1306,
200,1776,
1219,1774,1306,1776,
31,1306,1776,235,
1776,1306,846,1774,235,
1409,1776,73,200,1774,235,956,
1306,1776,1986,
1776,1384,200,1774,
1986,1776,200,
866,1776,200,235,
1776,235,
1776,1245,1774,285,1306,
1776,1774,285,31,1306,235,
2022,1524,1306,1776,
1605,1306,1776,
1306,1776,1384,1774,235,
1847,1776,1306,235,
709,1776,1774,235,
1409,1776,1306,235,
709,1409,1774,1903,200,1776,235,
1776,709,1306,235,
1776,1306,628,235,
1776,31,200,1774,
1776,1306,846,235,
1776,31,1306,235,
285,31,1306,1776,235,
200,1776,1774,1903,
1776,1986,1306,1774,235,
1306,1776,235,
1409,1306,1776,235,
1774,285,1776,1306,235,
161,1306,1774,1903,1776,
1524,2022,1776,1817,
1776,1306,628,1774,1903,235,
1776,200,1774,1903,235,
1776,1817,31,1306,
1409,866,1986,1776,1306,235,
1306,1776,
1409,2022,1776,1306,
1776,200,235,
1776,200,235,
1306,1776,628,235,
1306,1776,628,1774,1903,235,
235,1605,1306,1776,
866,285,1776,1306,628,846,235,
1306,1776,1774,235,
235,1776,1306,846,
1776,1306,1774,
1776,1245,2022,285,
1516,1776,
1409,1776,200,628,1774,1903,
1409,1605,1306,1776,235,
161,1524,1817,31,1306,1776,
1776,31,1306,235,
1776,1306,235,
1776,866,285,31,1306,235,
1847,1776,1245,1306,
1306,1776,2022,235,
1306,1776,73,846,235,
235,200,1776,
161,73,1384,1776,200,235,
1837,2022,285,1776,31,200,235,
1409,1605,1306,1776,1774,1903,235,
1245,235,1817,1986,1306,1776,1774,
161,1776,31,1306,
2022,285,1776,1306,235,
1776,
1776,200,235,
1409,285,1306,1776,235,
1776,1306,
1776,1306,1569,628,235,
1409,285,2022,1776,1306,235,
1605,1306,1776,628,235,
161,1776,1306,
1776,709,1245,200,
235,1605,1776,1306,628,
1776,200,235,
1774,1524,1605,1776,1306,
235,1776,31,1306,1794,
1776,1306,235,
866,285,1776,200,1986,235,
1776,1409,31,1306,235,
73,704,1776,1306,382,1774,
1776,1306,1986,235,
1306,1776,235,
31,1306,1776,124,
1409,1776,1306,235,
1409,1774,73,1776,31,1306,
1306,1776,235,
1245,73,1776,1306,235,
866,285,705,1776,1306,
1776,200,235,
1245,1776,200,1569,235,
1776,31,1306,235,
2022,235,1776,1306,1409,
161,1306,1776,235,
1306,1776,
1245,1776,1306,235,
1847,161,1776,73,1306,
1774,1306,1776,
705,1245,161,73,1776,846,
1847,1776,200,1774,
1306,1776,1774,235,
235,1306,1776,
200,1776,235,
1776,1306,
1776,1306,235,
1245,31,1306,1776,
1409,709,1306,1776,235,
1776,1306,235,
200,1776,235,
1776,1524,866,285,1817,1306,
1409,1776,1817,1306,235,
235,1306,1776,
709,1245,1776,1306,150,
1776,1306,
2022,1776,1306,235,
2022,1776,1306,1794,
866,285,1821,1776,1306,628,235,
1776,1245,73,1306,1986,866,2032,235,
1774,1986,73,1384,1776,31,1306,235,
1776,1245,31,200,235,
1605,1306,1776,1774,
1409,2022,285,1776,1306,235,
1776,1306,235,
1409,1306,1569,1776,
1306,1776,
1245,1776,31,1306,
200,1776,235,
1569,1776,1847,1245,1605,1306,1774,235,
1776,31,
1776,1605,1306,
1605,1776,235,
1306,1776,
285,1776,200,628,235,
1776,1986,31,
1306,1776,
1306,1776,846,1774,
1817,200,1776,628,235,
1245,1776,200,235,
1776,1774,285,1817,200,382,
1776,1306,1774,
1306,1219,1794,1774,1903,
1774,1903,1776,1873,73,1306,
1776,200,
1776,31,200,235,
200,1776,
1776,200,235,
1774,1903,235,1776,1306,
1409,285,73,200,1776,235,
705,1605,1774,1903,1306,1776,
1776,1306,235,
161,1776,200,235,
235,1306,1776,
1245,1776,200,
1219,31,1306,1569,1776,1774,
2022,285,1776,1245,
1774,1903,1306,1776,
1524,1306,1776,
1776,1306,628,1774,235,
1847,1776,235,1306,
1776,1306,235,
235,1776,1306,
161,1776,31,1306,1774,235,
31,1306,1776,235,
1306,1776,628,
1306,1776,235,
1776,1306,235,
1776,1873,1306,1774,235,
1245,1306,1776,846,235,
1409,866,285,1776,1306,235,
31,1306,1776,
1776,31,1306,
161,1776,1306,235,
285,1776,1306,628,235,
1986,1774,1776,31,200,
285,1774,1776,
1776,73,1306,1774,
1245,1776,31,1306,628,235,
1776,200,628,846,
31,1776,235,628,
709,1245,1306,1776,1794,
1306,1776,
866,709,200,1776,235,
2022,1306,1776,
235,1776,1306,1774,
1306,1776,846,1774,235,
866,285,73,1306,1776,
705,1776,1306,235,
709,1245,235,1776,1306,
1409,1776,1306,628,235,
1409,709,1776,1306,1569,235,
1245,1605,1776,31,1306,1774,235,
1306,1776,
1005,1776,200,
1409,285,1776,1306,628,1774,
1306,161,1776,
1524,866,285,1776,1817,1306,
1847,1776,1605,1306,
1776,1245,1817,200,235,
1776,709,1409,1774,1821,1306,235,
200,1776,
1524,1986,1817,1306,1776,
235,848,1776,1306,
1306,1776,1718,1774,1903,
1524,285,1774,1776,
1847,1569,1776,1306,235,
1409,1774,285,1776,1306,628,
161,1776,
1776,1306,
1776,1306,628,235,
285,2022,704,1817,1306,1776,235,
1219,1774,200,1776,
1774,1776,200,1409,1821,
1409,1605,1776,235,
1306,1776,31,235,
1409,1306,161,1776,235,
1409,866,285,1306,1776,235,
1776,1774,200,235,
866,1306,1776,
1776,1306,1569,235,
235,200,1776,628,
1776,235,1774,378,
1776,200,124,235,
1245,1776,200,1794,235,
1306,1776,1774,235,
235,1776,200,1774,
1776,1847,866,285,1306,235,
1409,73,1384,1776,1306,2022,
1524,1605,866,1817,1306,1776,628,
1776,1409,235,1774,285,1821,1986,
1776,1306,235,
1776,1409,1774,285,200,
1245,1306,1776,235,
1605,1306,1776,235,
235,2022,1986,1817,1306,1776,628,
1776,200,846,1774,
866,709,1245,1986,1776,704,1306,846,
1776,1306,1986,235,
235,1776,1306,846,
1776,1219,1306,
1409,1605,1774,285,1776,1306,628,235,
1306,1776,235,
1776,200,1774,
1306,1776,
1409,1605,1306,1776,
1776,31,1306,235,
1776,
1524,1306,1776,
1774,1306,1776,
1245,1776,1306,235,
73,1776,1306,1569,235,
1605,1776,1306,1409,235,
1776,200,235,
285,1776,1306,1774,
1847,1776,1306,1005,
1837,1776,1306,235,
1409,709,161,1306,1776,1774,235,
1306,1776,235,
1605,1776,1817,1306,1774,235,
866,285,1776,1306,378,
1776,1986,
1776,1306,1774,235,
1605,1306,1776,628,1774,235,
1776,1306,235,
1776,1306,
31,1306,1776,1794,
1776,1306,1774,1903,
1306,1569,1776,846,235,
1873,31,1776,1903,
1776,1605,31,1306,1569,235,
709,1774,1776,1909,1306,31,1986,235,
1776,1306,1569,
1245,285,2022,1776,1306,235,
235,1605,1776,31,1306,628,
1306,1776,1774,235,
1409,235,161,1306,1776,
1847,1776,2022,1306,628,
235,1776,1306,1774,1903,
200,1986,1776,235,
1605,1776,235,
1409,2022,704,1306,1776,2032,628,
1605,1776,200,1774,1903,235,
1776,1817,1306,628,1774,235,
1776,1245,1306,866,1821,
1524,1776,1306,1903,
200,1776,31,235,
285,1306,1776,1986,1774,235,
235,1306,1776,
1776,1306,1986,235,
1306,1776,628,
1306,1776,235,
1605,1306,1776,235,
2022,1524,1409,1776,1817,1306,
1817,1306,1776,
1409,1306,1776,235,
1306,1776,
1774,200,1776,
705,1776,1306,
866,200,1776,
1409,1605,1774,1306,1776,
1776,1873,1774,285,1306,235,
1817,200,1776,1774,235,
1774,1776,200,628,1821,
1605,1306,1776,
1245,1986,1776,1817,200,235,
1776,1817,1306,235,
1409,235,1776,1306,1569,1774,
1605,1776,31,1306,235,
235,1817,1306,1776,
1306,1776,628,
1409,1306,1776,1774,
1245,1306,1569,1776,235,
1245,1306,1776,235,
285,1776,382,
1776,31,1306,1774,1903,
1306,1776,1774,1903,
1245,1776,1306,235,
1776,1306,1774,285,
200,1776,235,
1306,1776,1774,235,
200,1776,235,
285,1776,235,
1776,1306,1774,235,
73,1776,1306,1774,
1306,1776,
235,1776,1306,628,
1005,200,1776,628,1774,235,
1409,1776,1306,628,235,
285,1306,1776,235,
1409,1776,1306,1903,235,
1986,1774,1776,1306,
235,1776,1306,
1306,1776,1774,235,
709,1245,235,1776,1774,
1245,31,1306,1776,1774,1903,235,
1776,1306,1774,235,
1605,1776,1306,235,
1776,1524,1774,1903,285,31,1306,
1776,285,1306,628,1774,
1776,200,
1409,235,1817,1306,1776,
1605,31,200,1776,
1776,1306,235,
1776,31,1306,235,
161,1776,200,
1245,1776,200,628,1774,1903,235,
1774,1776,31,200,
1776,1306,235,956,
1776,1306,1774,
1776,1306,
709,1245,1306,1776,235,
866,1776,1306,628,235,
1245,1306,1776,235,
1776,1306,235,
73,1776,200,1986,235,
1245,1776,1306,
1776,1306,1774,235,
1409,709,1776,1306,235,
1306,1776,
1409,161,1776,1306,235,
1776,31,1306,235,
1245,2022,200,1776,
1776,31,1306,235,
1776,1306,1569,1005,235,
1776,1774,285,31,1306,628,
1605,1821,1776,1306,1774,235,
1245,285,1776,1306,
1776,200,235,161,
1245,1776,1306,235,
709,200,1776,
1605,1306,1776,235,
1776,1409,705,73,31,1306,1986,
1776,1306,1569,1774,235,
1245,1776,1306,846,1774,
161,1986,1776,709,1306,1774,235,
1776,235,161,1821,1909,31,1306,
1306,1776,235,
1986,1306,1776,235,
1776,1306,1569,1794,235,
1776,709,1306,
1245,1776,200,
1774,1384,704,1776,1306,
235,1306,1776,846,
235,1776,1306,
1776,1306,235,
866,1986,73,1776,1306,235,
1776,200,1774,
1219,1306,1776,235,
1776,1306,1774,235,
1306,1776,628,1774,235,
285,1986,200,1776,235,
1409,1776,1306,2032,
1776,200,235,
1306,1776,235,
1409,709,1524,1306,1776,
200,1776,235,
1776,200,1774,235,
866,1524,31,1306,1776,
866,1776,31,1306,235,
1776,1605,200,1569,
285,2022,1776,1306,235,
285,200,1776,235,
1605,1776,1306,
1306,1569,1776,628,235,
1776,1384,31,1306,1569,1774,1794,235,
1245,1524,1306,1776,1774,
866,285,1306,1776,235,
1776,200,235,
1524,1605,73,1384,1776,1817,31,1306,2022,
1306,1776,1774,
1605,2022,1986,1776,1306,
2022,1219,1306,1776,
705,1776,31,1306,382,
705,1306,1776,
200,161,1776,
161,1776,1219,1306,628,235,
1774,285,73,1306,1776,235,
1776,709,200,235,
1776,1306,235,
1524,1306,1776,
1776,1847,1384,200,235,
1776,1306,628,
866,1776,1306,
1776,1306,1569,628,235,
1605,1776,1817,200,
1605,1306,1776,1728,
1776,31,1306,235,
1306,1776,235,
1909,1409,709,1776,235,
1409,1605,1306,1776,1794,
1776,705,31,1306,
1409,1605,200,1776,
1776,1306,1821,73,704,
1516,1776,1847,285,2022,200,
161,1306,1776,
1776,200,1774,235,
1409,709,1306,1776,
866,285,31,1306,1776,235,
1245,161,73,1817,1306,1776,
1776,1245,866,285,235,
866,1986,1306,1776,846,235,
1776,1306,
1776,31,1306,
866,285,73,31,200,1986,1776,1794,
1776,31,1306,1774,
1847,1569,1776,1524,1306,1774,
1245,1524,1776,200,1774,
1776,161,31,1306,628,
1776,200,846,235,
1306,1776,846,1774,235,
846,1306,1776,
1776,235,1605,1306,
1776,200,
1409,1306,1776,
161,1306,1776,235,
709,73,1776,1306,1569,1774,235,
1245,1776,1306,
1776,1245,1986,1306,1569,
1409,709,1776,1306,235,
1516,285,2022,704,1776,1306,
1306,1776,235,
1245,1986,1774,31,1306,1776,
1776,1245,200,
1409,1605,866,1776,1306,235,
1776,200,235,
1776,200,
285,2022,200,1776,
235,1776,200,
2022,1776,1306,
73,1776,1774,235,
709,1306,1776,235,
1776,709,1245,161,1306,628,235,
1774,1903,1219,1776,
235,1306,1776,
1776,1306,1569,1774,1903,
1409,31,1306,1776,
2022,1776,1847,1306,
1605,1821,1776,31,1306,235,
1245,1986,1776,1384,31,1306,1794,235,
1776,1306,628,1774,1903,235,
1605,709,1306,1776,1774,956,378,
1516,866,1776,31,1306,235,
1384,31,1306,1569,1776,
1605,161,1776,1306,235,
1776,161,31,1306,1986,235,
1409,709,1306,1776,
235,31,1306,1776,
1524,1817,1306,1986,1776,1774,
1776,1306,235,
1776,1306,235,
1776,1219,200,235,
1306,1776,1774,1903,235,
73,1306,1776,235,
1605,1776,1306,628,235,
1306,1776,
1817,1306,1776,235,
161,1776,200,235,
1776,1524,1306,
1245,1306,1569,1776,628,1794,235,
235,200,1776,1774,
1776,31,1306,
1776,1306,628,235,
1306,1776,235,
1776,1306,235,
1776,1409,1774,285,31,200,
1776,73,1774,
1605,1776,1774,
1776,200,235,
1306,1776,235,
1409,1776,1306,1986,235,
161,1986,1776,1306,1774,1903,235,
1605,1776,
1409,866,1776,1306,235,
1409,1605,200,1776,235,
1776,1306,235,
1776,1219,1774,1306,
1821,1776,31,200,235,
1409,235,1776,1306,
1245,1306,1776,235,
235,1817,31,1306,1776,
866,1306,1776,235,
1776,200,846,235,
1409,709,866,1306,1776,628,
1409,709,31,200,1776,235,
2022,285,1776,1986,1817,200,235,
1245,1306,1776,235,
1986,1776,73,1306,235,
1409,709,1306,1776,
866,285,31,200,1776,
1219,1774,1776,200,1986,235,
1409,1306,1776,235,
1774,285,1306,1776,
1245,235,1605,1306,1776,
73,200,1776,628,235,
1776,1306,235,
1776,200,235,
1776,1306,
1409,161,1306,1776,1774,235,
1776,31,1306,628,
1774,1384,1776,1306,1794,235,
1776,31,1306,
1776,73,31,1306,
1409,1776,200,1569,1774,
705,161,1306,1776,
1847,1776,1306,
1776,31,1306,628,235,
705,161,1986,73,1306,1776,235,
1409,1776,1306,235,
31,1306,1776,1409,846,235,
200,1776,1774,
1776,1306,628,235,
709,1245,1776,200,235,
1776,1306,235,
200,1776,235,
1306,1776,
1409,1776,1306,235,
1774,1776,235,
31,200,1776,235,
1306,1776,235,
866,1219,1005,1306,1776,
2022,1409,1986,31,1306,1776,
866,73,1306,1986,1776,
1776,1986,1306,1774,
709,1245,200,1776,
1384,1306,1776,235,
1847,1569,1776,1306,235,
1776,285,1986,73,31,200,
1306,1776,1774,235,
235,1986,1776,200,
1306,1986,1776,235,
1245,1605,1776,1306,
1409,235,1306,1776,
1776,31,200,1774,
1245,161,1776,31,1306,628,235,
1409,1524,161,1821,1817,31,1306,1776,
1409,709,1776,1306,1774,
1409,1524,1817,1986,200,1776,
1605,31,1306,1776,235,
1776,1524,1817,31,200,
1384,1776,1306,235,
1776,1306,628,235,
1409,235,1776,
705,1245,235,1776,1306,1774,
1306,1776,1774,235,
866,1847,285,1776,705,200,
709,1245,1306,1776,235,
705,1306,1569,1776,1409,235,
161,1776,1306,1903,235,
1776,1245,709,200,235,
1245,235,1776,31,1306,
1776,235,200,
1776,200,235,
709,1306,1776,
1409,200,1776,235,
73,704,1776,200,1774,235,
1847,1776,285,2022,1306,
1873,1306,1776,1774,235,
1245,200,1776,235,
1605,1306,1776,235,
1774,73,1306,1776,
1776,1605,705,1306,235,
709,1245,200,1776,
1776,1306,235,
1409,1776,1306,
1776,1245,235,1306,
161,1306,1776,
200,1776,
1986,1384,1776,1306,1794,235,
1776,285,2022,200,235,
1524,1605,1776,1817,1306,1774,
1776,200,1774,
1306,709,1776,235,
1817,1306,1776,235,
2022,1306,1776,1409,235,
1306,1776,235,
1245,709,2022,1005,200,1776,
1409,1776,1306,
1245,1306,1776,628,235,
200,1776,235,
1245,1776,1306,846,235,
200,1776,235,
1776,1219,73,1306,1774,
1837,1245,1776,200,1774,
161,1306,1776,235,
1776,200,1774,235,
1776,1306,
2022,1776,1817,1306,
1837,1986,1776,235,
1776,31,1306,1774,
1306,1776,
1776,1306,1718,235,
1776,1774,200,235,
1524,1776,1774,
1409,1776,31,1306,628,235,
235,1306,161,1817,1776,
1306,1776,628,235,
705,1776,1306,
1245,1776,1306,
285,2022,73,1776,1306,235,
1219,200,1776,1794,235,
1409,1306,1776,235,161,
1776,200,
1245,1986,1306,1776,235,
1306,1776,235,
1776,200,1774,235,
1245,1306,1776,
705,1776,200,235,
1776,31,200,1986,
709,1409,1774,73,1986,1776,
1776,1384,31,200,1794,
1384,1776,1306,1569,
161,1776,1306,
866,1776,31,1306,235,
200,1776,
1409,1605,1776,1306,
1821,1776,31,1306,1569,235,
1873,200,1776,1774,235,
866,1776,1306,235,
1605,1776,1306,1794,
1306,1776,235,
1409,1306,1776,235,
1306,1776,235,
1776,1306,235,161,
1821,1776,31,200,235,
1776,1306,1728,
1776,1847,1245,235,1774,1903,1306,
1409,1306,1776,235,
1776,1306,235,
1245,709,1306,1776,
1776,1306,628,235,
2022,285,1776,1409,31,200,235,
31,1306,1776,235,
161,1776,1306,
235,1306,1776,1774,
200,1776,235,
1986,1776,235,
1776,1306,1774,235,
1524,1776,1774,
866,1776,235,
1847,1776,1384,1306,
1605,1776,1306,235,
1384,1776,200,1794,235,378,
1776,1306,235,
1384,1776,1306,1794,235,
2022,1524,1306,1776,
1774,285,1776,1306,235,
1774,285,1409,1524,1776,200,628,378,
1245,1776,235,
1306,1776,1774,
1776,1306,
1776,1524,31,200,628,1774,
1245,285,1776,1306,1774,
1776,235,
1306,1776,235,
1776,1306,235,
1776,1306,235,
1524,1776,200,1986,628,1774,
1605,1776,1306,235,
866,285,1776,73,1306,235,
73,1306,1776,2022,235,
1409,31,200,1776,628,1774,
235,1776,1306,628,1774,
1873,1306,1776,1774,235,
1774,1903,1524,1306,1776,
1776,1306,235,
2022,1986,1409,73,1358,31,
1776,1306,628,235,
1409,1306,1776,235,
200,1776,235,
1776,200,235,
1245,1306,1776,2022,235,
1776,1847,2022,1306,235,
1245,1776,1306,1774,235,
1245,200,1776,235,
1245,1776,1306,235,
1776,1306,1774,
1776,1245,1821,73,31,1306,1986,
1776,1774,1903,200,235,
709,1245,1306,1776,1774,235,
1847,1776,1774,1384,31,1306,235,
1776,31,1306,
1847,285,1776,2022,235,1306,
1605,1776,1306,161,150,
1306,1776,
1847,285,1776,1774,200,
1409,1776,73,31,1306,235,
235,1306,1776,1774,
1821,1986,1776,1306,235,
1776,705,1306,235,
2022,1776,200,235,
1821,1776,709,1306,2022,235,
1847,285,1776,1774,1306,
1524,1776,200,1774,
1306,1776,
31,1306,1776,1794,235,
1776,1306,1774,235,
1306,866,285,73,1776,235,
866,285,1306,1776,2032,
285,2022,1776,1306,628,235,
1776,1409,1306,1774,235,
1776,161,235,31,1306,1409,
1837,1776,1306,235,
1776,235,
1409,285,1306,1776,
1409,709,200,1776,235,
1776,73,1817,200,846,235,
1776,1306,
1219,2022,1776,
1245,1774,285,1776,1306,1821,235,
1605,1776,1986,1306,235,
1776,1245,285,31,846,1774,
1306,1776,235,
1776,1306,235,
1774,285,704,1776,200,
1245,161,1776,1306,235,
1776,1409,1306,235,
1986,1776,200,
1776,1847,1774,285,1384,1306,235,
1306,1776,628,
1306,1776,
161,1776,31,1306,1774,235,
1776,1306,628,
235,1776,1306,846,
1245,2022,285,1776,1306,235,
1306,1776,
1306,1776,235,
1776,1605,31,200,1569,235,
1605,1817,1306,1776,628,1774,235,
2022,1776,1306,235,
1409,1776,1306,1569,235,
1306,1776,1774,235,
2022,285,1986,1776,1817,1306,
1776,
1847,1776,1409,1821,1306,235,
1245,1776,1306,1774,
1776,31,1306,235,
1409,1776,235,
1776,200,
1524,73,1817,1986,1776,
1776,161,1306,1774,1903,235,
1776,200,235,
1776,1306,628,1774,235,
1776,235,31,1306,
1245,235,1774,1903,1776,1306,
1776,31,1306,
1409,235,285,1306,1776,
1776,1306,1794,
1776,200,235,
1776,1605,1306,235,
1776,1409,709,704,1306,1569,
1306,1776,1774,
1306,1776,235,
161,1776,1306,
235,1776,1306,
235,866,285,31,1306,1776,628,
1776,2022,1384,1306,235,
1776,1986,1306,235,
1245,1776,1306,628,235,
1776,1605,1306,
1776,1245,866,1306,2032,235,
866,1776,1306,235,
1774,1903,200,1776,
1306,1776,
1306,1776,235,
1409,161,1776,
1776,31,1306,235,
1245,235,1776,200,
1306,1776,235,
161,235,1776,200,1774,
1776,200,235,
1409,1524,1306,1776,1774,
1409,1306,1776,235,
1774,1306,1776,235,
1837,200,1817,1776,235,
1306,1776,235,
200,1986,1776,1774,
709,200,1776,1774,235,
1219,2022,1776,200,
1776,1306,1774,1903,235,
1409,1306,1776,1774,235,
1306,1776,628,1774,
1306,1776,1774,
1774,200,1776,235,
1306,1776,235,
1776,200,
1776,1306,235,
1776,1306,1774,
1306,1569,1776,846,235,
1776,1306,235,
1776,73,1986,1306,1903,
1776,704,1306,1903,
1245,1776,200,
1245,1605,866,285,1776,1306,2032,
2022,285,1306,1776,235,
1776,1245,1306,1774,1903,235,
1306,1776,1774,235,
1306,1776,1774,1903,161,
1306,1776,628,235,
1776,1524,866,285,31,1306,
1776,1306,
1245,1776,31,200,235,
1774,1903,1776,1306,235,
1776,1306,846,235,
1837,1776,285,1306,235,
866,1776,1306,235,
866,285,1776,200,235,
1409,235,1776,1306,628,
1776,1306,235,
1776,1306,1569,628,235,
1409,1306,1776,
1306,1776,235,
1306,1776,235,
1776,1306,628,235,
31,1306,1569,1776,
1817,1306,1776,235,
1986,200,1776,628,
1776,235,
1516,1306,1776,235,
1409,235,704,1306,1569,1776,2022,
161,200,1776,235,
200,1776,1774,1903,235,
1847,1776,866,285,235,
1776,1219,1909,1306,
1776,704,31,200,628,235,
1306,1776,73,1524,
1986,709,31,1306,1776,
1409,161,1776,1306,1774,235,
235,1776,1306,
1776,1306,235,
1219,73,1776,1306,1774,
1776,285,2022,1986,1306,
866,285,1776,1306,235,
1776,1306,1774,1903,235,
1817,1776,
1776,31,1306,1774,
1245,1776,31,1306,235,
1219,1774,1776,1306,
1306,1776,1774,
161,200,1776,1774,
1776,1605,31,200,1774,235,
1245,1306,161,1776,
1245,1524,1776,1306,1774,
1774,1903,1219,1776,1306,
1245,1776,1306,235,
1409,2022,1306,1776,235,
200,1776,
1776,1306,
1245,1306,1776,
1776,31,1306,235,
1409,31,1306,1776,628,
31,200,1776,1774,
200,1776,1774,1903,235,
1776,1306,
1776,1306,1774,
1776,161,1306,
2022,285,1776,200,235,
1409,235,285,1776,1306,
1776,
1306,1569,1776,235,
709,1245,866,1306,1776,
1776,1306,235,
1306,866,285,1776,235,
161,200,1776,
1776,1306,628,235,
161,1306,1776,846,1774,235,
1306,1903,1776,235,
1605,1306,1776,1774,235,
1774,1776,73,31,1306,235,
1245,161,1306,1776,235,
1774,1306,1776,235,
1776,1409,1306,
1986,2022,1306,1776,235,
1306,1776,235,
1776,2022,235,
1245,1776,200,235,
1409,1776,200,235,
866,200,1776,
1245,1605,1776,1306,235,
1409,161,1776,235,
1245,1605,1306,1776,1774,235,
200,1776,1774,1903,235,
285,1774,235,1821,1776,1306,
1306,1776,1774,
1409,73,1776,200,
1306,1776,235,
1776,709,1245,1986,73,31,1306,235,
235,1306,1776,
1245,1306,1776,235,
73,1817,1776,1306,1986,235,
1776,73,1306,235,
2022,285,1409,1776,1306,
1776,1306,235,
1847,1776,200,
235,1306,1776,628,
1776,31,1306,1774,235,
1605,73,1776,31,1986,1306,235,
1409,1384,1306,1986,1776,235,
1409,1306,1776,1986,628,
1817,1306,1776,235,
1219,2022,1776,1306,
1776,1306,
1409,2022,285,1776,1306,235,
235,1306,1776,
1306,1776,
1245,1776,31,1306,235,
1306,1569,1776,235,
1306,1776,235,
1776,200,
1245,709,1774,1776,1306,
866,1776,200,
1409,1384,1776,1306,
1776,31,1774,235,
1774,1817,1306,1776,378,
1776,1306,1569,235,
1776,1821,200,1774,
1776,628,
1306,1776,
1776,31,1306,1569,1774,
1409,866,1986,1306,1776,235,
1245,1306,1776,235,
31,1306,1776,235,
1776,1409,1524,1306,
1776,200,235,
1986,1774,1776,1306,
1524,1776,1986,1306,
1776,1306,235,
200,1776,235,
1986,709,1306,1776,235,
235,200,1776,
1776,1306,235,
1847,1776,2022,73,31,1306,235,
1306,1776,31,235,
285,200,1776,235,
1776,1605,31,1306,628,
1776,1384,1306,2022,
31,1306,1776,1774,
1409,866,285,1776,1306,235,
1776,31,1306,235,
1306,1776,
1524,285,1776,73,1306,
1776,31,1306,
1776,1605,1306,
1776,1245,1817,1774,235,161,
1821,1776,31,1306,235,
1776,200,1774,
1306,1776,1774,235,
1245,1524,1903,1776,1986,1306,
866,1776,1847,1245,1605,1306,235,
1776,200,235,
1245,1524,1776,1306,1774,
1245,1306,1776,
1409,709,1306,1776,
235,1306,1776,
1776,1306,235,
1776,1306,
1986,1776,1306,1774,
866,285,1986,1306,1776,235,
285,2022,1776,200,
1909,1306,1776,1986,2022,235,
1409,235,1776,1306,
1245,2022,285,1776,200,235,
1306,1776,235,
1776,866,285,200,235,
1776,1306,235,
200,1776,
73,704,1776,1306,235,
709,1245,1776,1306,628,235,
1409,709,161,1821,73,1776,1306,235,
1776,1306,
1409,1776,1306,
2022,285,1776,1306,
1776,1219,1774,235,
235,1776,1986,709,200,
1776,31,1306,
1306,1569,1776,1774,235,
1776,1219,1774,1306,846,
73,1776,200,
1776,1306,235,
1409,1776,1306,
1776,1986,31,200,235,
1605,1219,1306,1776,
161,1776,628,235,
1817,1409,709,1776,235,
1409,200,1776,628,235,
866,285,200,1776,
1776,1306,1774,1903,
1776,200,628,1774,235,
1409,1306,1776,628,235,
235,1776,1306,1986,
1306,1776,235,
31,1306,1776,628,1774,235,
1776,73,31,200,1774,1903,
235,31,1306,1776,1774,1903,
709,1245,200,1776,1774,
1245,235,1776,1306,
866,285,1776,1306,235,
1837,1776,285,200,1774,235,
1776,31,1306,235,
161,1306,1776,235,
1245,1605,1306,1569,1776,
1245,1776,1306,
1245,1776,1306,235,
1245,1774,1903,1776,31,1306,
1409,709,1776,200,235,
1524,1774,285,705,1306,1776,
1774,1776,31,1306,235,
200,1776,235,
235,161,1776,1306,628,
1847,1245,709,1776,2022,1306,
200,1776,
866,200,1776,235,
31,200,1776,
235,1605,161,1817,709,200,1776,
1524,285,2022,1306,1776,
1245,1776,1306,1794,235,
1776,200,628,235,
1776,1306,1774,235,
1774,1903,285,73,1776,1306,
235,200,1776,1774,
1817,1306,1776,628,1821,1774,
1776,1245,1306,235,
1776,235,866,1817,31,382,
1776,1605,1306,
1776,1306,628,235,
1776,1306,1774,1903,235,
1524,1821,1817,1306,1776,1728,
1776,1306,235,
285,2022,1306,1776,235,
1776,1306,1774,1903,235,
285,1776,1306,1774,
1776,1306,1774,
73,1306,1776,628,1774,235,
1774,285,1605,1776,1306,1986,235,
1306,1776,1774,235,
1776,235,
1776,1306,235,
1306,1776,
1306,1776,2022,
161,200,1776,
1776,200,235,
1245,285,1774,1776,200,
1306,1776,235,
1776,200,235,
1524,161,73,31,1306,1776,1774,
1776,200,
1847,161,1776,31,1306,235,
1873,1306,1776,235,
1306,1776,1774,1903,
1776,1986,1306,1774,1903,235,
200,1776,
1776,31,1306,235,
73,1306,1776,235,
161,200,1776,1774,
1776,31,200,1986,1774,
1776,31,200,235,
1409,1776,1306,1903,628,235,
1245,1776,1306,628,
1776,1774,235,
1774,1245,1776,1306,235,
161,1306,1776,
1306,1776,235,
1776,161,1306,
1409,1306,1776,235,
1306,1776,1774,
161,1776,31,1306,235,
1776,31,235,
1306,1776,1774,1903,235,
1409,1776,1306,
235,1776,200,846,
1847,161,1776,1409,1306,235,
200,1776,235,
866,1219,1776,1306,846,235,
161,1306,1776,235,
1776,235,
1776,1306,1569,1774,235,
1776,235,
1245,1776,1306,1986,235,
73,1306,1776,1774,235,
1245,1774,285,1776,1986,1306,
161,1776,1306,1774,235,
73,1776,1306,
1774,1245,73,1776,31,1306,1569,
31,1306,1776,1774,
1776,31,1306,235,
1409,1776,1306,1794,
1306,1776,1774,235,
1245,1776,1306,235,
1776,1306,
1776,709,1245,1306,235,
1776,1306,71,1774,161,
1409,235,1306,1776,1794,
1776,1219,1774,1306,
161,1306,1776,846,
1776,1774,
1306,1776,1774,
1409,1903,1306,1776,235,
161,1306,1776,628,1774,
1306,1776,
235,1306,1776,1774,
1409,1774,1306,1776,
1847,1569,1776,200,235,
285,1774,200,1776,
1776,31,1306,2022,235,
1774,1524,1776,1306,846,
235,1776,31,1306,
1245,200,1776,1774,
200,1776,1524,
705,1776,1306,
1776,285,2022,31,200,235,
1776,1306,235,
1774,1524,1306,1776,
1409,161,704,1306,1776,628,235,
1774,285,1776,1306,
1776,1847,2022,73,1817,1306,
1219,1774,1776,31,1306,235,
1776,1306,235,
1986,1776,200,235,
1776,1986,1774,285,73,1909,31,1306,235,
1776,1817,1306,1986,1774,235,
235,1776,1306,
1245,866,1306,1776,628,846,235,
1776,1306,
1776,1306,
1245,1306,1569,1776,235,
1776,31,1306,235,
2022,1776,1409,
1776,161,31,1306,235,
1409,1605,73,1776,1306,235,
1358,
866,285,1245,73,1776,1306,1986,235,
1409,1776,1306,1569,
1776,1306,628,235,
1776,1306,1794,235,
1306,1776,235,
1774,1903,285,235,1306,1776,628,
1605,1306,1776,1774,
1776,709,1774,
1306,1776,382,
200,1776,1774,235,
2022,1776,31,1306,235,
1245,1776,31,1306,235,
1776,1409,1605,161,1384,200,
1409,1774,73,1776,1306,
1776,31,1306,
1774,1903,285,73,31,1306,1776,
1306,1776,235,
1245,1605,1776,1306,235,
1776,1306,235,
1847,1776,1605,1306,235,
73,1306,1776,1821,235,
1776,2022,285,1817,31,200,235,
1776,200,235,
1776,1306,
1776,1409,235,200,
1306,1245,1776,
1774,1903,285,73,1776,1306,
1524,1306,1903,1776,
1605,285,1776,1306,
235,1776,1306,
1776,1409,161,1306,
705,73,1306,1776,1877,
31,1306,1776,235,
1776,200,235,
1776,73,1306,235,
1245,1306,1776,235,
235,1776,31,1306,628,
1245,1776,1817,1306,235,
200,1774,1903,1776,235,
1847,1569,1776,1306,235,
1776,200,628,235,
1776,1306,235,
1245,1776,1306,235,
1776,1306,235,
1409,31,200,1776,235,
1245,1776,1306,1986,846,235,
1776,1774,285,1306,1986,
1847,1776,1774,1306,
1409,1306,1776,1774,235,
1409,235,1776,1306,1774,
1409,1306,161,1776,1718,235,
1776,73,31,1306,1986,1774,235,
1245,1776,1306,
1306,1776,
31,1306,1776,235,
1837,73,1306,1776,1409,
1776,31,1306,235,
1245,1776,1306,628,846,235,
1605,1219,1776,1306,1774,
31,1306,1776,235,
161,1306,1776,628,
1774,73,1776,200,
1245,1306,1776,235,
709,1245,1306,1776,
1776,73,1306,1986,
1245,1306,1776,628,235,
235,1776,31,200,
1774,1903,285,1776,1817,31,1306,
1776,1821,31,1306,71,235,
705,1776,1306,
1306,1776,235,
1776,235,31,1306,
1776,1409,1605,2022,285,31,1306,
161,1776,1306,235,
73,1306,1776,
1409,1605,161,73,1776,1306,1986,1794,
1817,1306,1986,1776,
1409,235,1605,1306,1776,
1776,1306,1774,235,
709,1409,1306,1776,
1409,235,1817,1776,1986,1306,378,1774,
705,1776,1306,1774,235,
1776,235,
1605,1776,31,1306,235,
1306,1986,1776,1774,235,
1605,1776,73,1306,235,
705,1569,1776,628,235,
1776,1306,1794,
1776,1821,1306,628,235,
1245,1776,1306,235,
1245,1776,1306,628,235,
161,1776,235,
73,31,1306,1776,
1245,200,1776,628,2022,235,
1776,31,1306,
1306,1776,846,1774,235,
1776,1306,1774,235,
1986,1776,73,704,1306,
1245,200,1776,235,
1776,1219,1306,628,235,
1776,1306,628,235,
1776,1847,1245,1306,628,235,
1776,1774,285,31,200,1986,
1776,285,1306,1774,
866,1219,1776,1306,
1776,1306,
285,1306,1776,235,
1821,1776,200,235,
1776,200,1774,
709,1409,1774,1776,1306,235,
1776,
1776,1306,628,
705,1409,1776,200,1774,235,
1776,
1776,1306,
161,200,1986,1776,235,
1306,1776,628,1774,235,
1776,705,1306,1774,235,
1524,73,1306,1776,
866,709,1409,1776,1306,
2022,285,1306,1776,
200,1776,235,
31,200,1776,235,
709,1245,235,1776,
1776,1306,235,
161,1219,1306,1776,
1306,1569,1776,
1776,1219,200,235,
1409,1776,1306,1005,235,
200,1776,235,
1774,285,1776,1306,235,
705,1306,1776,124,235,
1776,1306,235,
235,1306,1776,628,1774,
1245,1306,1776,235,
705,1776,1306,235,
1909,1306,1776,
1774,1903,285,31,1306,1776,235,
1409,866,285,73,1384,1776,31,200,1986,235,
1776,1245,1306,235,
1306,1776,235,
709,1245,1817,1306,1776,
1776,1306,1774,
1776,200,1409,
1776,285,2022,73,31,1306,
161,1821,1776,31,235,
1409,235,1306,1776,628,
200,1776,235,
1776,1306,161,
1986,73,1776,1306,235,
1776,1306,2022,235,
235,2022,1776,73,1306,
1847,1776,2022,200,
1776,1306,2022,
235,1776,200,1774,
1306,1776,235,
1409,709,1306,1776,
235,1776,200,628,
709,1409,2022,1776,1306,235,
1776,1306,1569,846,235,
1306,1776,235,
1847,1776,1774,200,
200,1776,
1776,1774,235,
200,1776,
1245,1776,1306,235,
1384,1776,1306,235,
1776,1409,1774,1306,846,235,
1776,200,235,
1776,200,
1245,1306,1776,628,1774,235,
1306,1776,235,
1524,1776,1306,
705,200,1776,628,1409,235,
1306,1776,1821,
235,1776,73,704,1306,
1245,1776,200,235,
1516,1986,1776,1306,1794,235,
1776,1306,1774,1903,
1776,200,235,
2022,1219,1306,1776,
1873,1306,1776,1774,235,
1245,1569,1776,1774,1903,235,
1776,200,628,1774,235,
1306,1569,1776,628,1774,235,
1306,1569,1776,1774,235,
1524,1817,1306,1776,
1245,1306,1776,235,
1605,1306,1776,235,
1776,1409,2022,31,1306,628,
1776,705,1306,235,
1524,1776,1306,1774,1005,
73,1306,1776,1774,235,
709,1776,200,382,235,
709,1306,1776,
1605,1776,1306,1569,235,
709,1245,1306,866,1776,235,
1776,628,
235,1306,1776,1774,
1847,1776,161,31,1306,235,
285,1776,
1306,1776,628,
1776,1306,235,
866,31,1306,1776,
1245,161,1524,1776,1306,1005,
1306,1776,235,
1776,200,1774,235,
1776,31,1306,1774,1903,235,
1776,1774,
1306,1776,1774,235,
1776,1245,235,1774,1909,1306,
1776,1524,1774,285,1306,
1306,1776,235,
1524,866,285,1776,
235,1219,1776,1306,846,
1776,1245,1821,31,1306,1005,235,
1776,1306,
1776,1306,235,
