0
0
0
0
2
0
2
0
3
0
2
2
2
2
2
3
0
3
2
3
3
2
4
4
3
5
4
3
5
3
2
4
4
3
3
4
4
6
4
7
9
11
11
9
11
9
11
9
12
9
11
11
11
11
9
11
13
13
16
11
12
12
11
12
12
11
15
13
16
11
16
16
16
12
149
13
15
15
13
16
16
149
16
149
16
16
18
17
17
456
18
17
18
44
18
19
19
19
499
499
24
456
20
22
24
256
24
21
256
258
456
456
456
20
456
24
24
22
24
24
24
24
22
24
24
24
24
24
24
24
24
24
26
456
24
24
27
24
24
24
24
24
26
24
24
480
151
36
36
24
24
37
31
36
31
499
31
31
483
483
38
38
38
36
37
150
151
151
150
37
40
37
38
38
37
40
40
37
38
40
40
37
38
38
37
38
37
40
40
37
40
40
40
40
38
39
41
39
39
40
42
43
41
41
41
41
41
41
42
42
42
43
42
42
43
43
42
42
42
43
43
45
43
44
42
45
45
45
43
43
47
44
44
43
44
44
44
44
196
44
196
196
196
196
196
47
46
51
155
45
244
53
108
108
56
46
48
196
467
467
157
244
240
244
264
211
467
212
213
213
58
467
61
56
53
166
56
166
58
166
57
213
58
61
58
166
60
166
58
61
61
166
166
166
166
61
59
61
59
61
160
163
160
160
160
67
65
65
61
61
62
190
190
193
62
63
62
62
65
65
66
65
65
68
65
65
65
66
67
68
67
71
67
66
66
67
69
67
34
67
71
69
68
0
68
69
72
69
104
72
72
72
69
72
70
71
71
72
72
71
71
72
72
72
72
75
74
74
72
72
72
72
74
71
72
75
74
74
72
75
72
72
74
72
72
74
75
75
75
75
74
75
75
75
82
75
82
75
82
158
82
112
85
80
80
82
82
86
81
86
85
82
82
86
86
130
87
85
86
87
86
84
87
86
85
85
87
87
87
85
85
85
88
87
87
87
87
87
85
87
87
88
87
87
87
347
93
87
89
91
72
90
451
88
90
87
88
91
96
91
91
91
91
91
91
72
91
72
93
72
97
97
91
94
91
97
98
97
97
96
96
96
96
91
96
99
97
97
365
97
97
97
98
97
98
99
100
97
97
99
96
99
99
100
98
99
99
100
100
99
102
100
100
100
100
101
100
100
100
101
101
103
69
104
271
240
103
103
103
103
103
101
101
103
106
104
339
336
336
101
386
105
178
178
197
106
106
103
109
109
113
114
112
113
114
106
112
112
112
112
114
314
114
197
106
113
113
113
114
113
114
265
265
114
113
114
265
115
146
114
113
112
116
150
146
119
113
120
120
117
115
116
113
120
115
146
16
123
16
121
491
118
492
492
120
119
119
123
119
126
130
126
126
127
131
123
492
123
126
303
124
124
130
124
131
127
127
127
130
126
130
127
124
127
128
401
127
127
130
83
130
128
131
269
130
130
83
129
83
127
131
130
131
130
127
130
130
130
130
131
131
131
133
130
131
131
131
130
131
131
131
131
131
131
131
134
134
130
131
135
128
134
272
131
131
134
39
137
134
137
133
134
269
130
127
137
468
39
41
468
39
39
134
137
137
143
143
469
143
146
466
142
143
468
468
143
143
143
146
143
148
148
146
145
148
146
146
148
148
148
148
149
148
149
149
150
176
148
148
150
150
150
150
148
150
149
149
149
149
149
150
150
150
151
151
150
151
152
36
155
152
150
150
152
150
152
152
155
152
150
152
152
150
155
152
152
155
152
155
155
155
157
157
150
158
157
157
155
157
155
157
155
158
158
155
160
158
163
158
158
160
158
160
160
160
155
160
160
162
160
163
163
163
163
160
163
163
404
163
163
164
159
160
163
466
167
167
163
165
166
166
163
167
166
166
167
168
167
168
163
167
168
169
168
168
167
168
168
168
168
168
170
168
168
170
19
171
168
171
171
170
171
170
170
168
170
173
170
171
170
408
171
171
174
173
408
174
174
179
178
147
168
171
147
170
179
177
177
177
177
181
170
178
178
179
179
442
179
179
179
180
179
183
180
179
181
181
194
181
181
181
182
181
181
179
71
181
181
184
194
183
181
181
71
184
183
184
184
184
183
191
184
188
184
186
191
190
185
188
191
185
189
188
191
188
191
185
191
191
188
193
12
193
191
190
193
191
191
191
193
193
193
195
193
194
193
193
193
193
193
194
195
194
196
193
194
194
197
196
196
196
194
197
196
194
197
197
197
208
197
196
196
196
198
196
196
196
197
199
196
236
204
236
236
236
196
196
426
204
199
197
67
66
199
199
199
197
72
205
204
478
319
478
319
197
197
207
77
77
207
72
77
207
77
77
77
207
75
77
77
77
208
207
208
197
209
209
210
208
208
211
267
208
212
212
209
211
211
267
267
212
207
211
212
211
219
212
213
45
213
45
212
211
212
441
215
215
212
212
212
43
441
216
441
45
45
238
219
215
211
218
224
215
219
215
238
219
233
219
238
220
480
220
220
220
225
480
225
227
219
227
233
233
233
225
223
186
186
223
223
230
227
337
337
337
228
233
228
228
230
228
230
230
230
230
230
228
228
230
227
233
230
231
233
231
230
231
230
230
228
230
230
230
230
230
233
233
233
233
233
233
230
233
233
230
233
233
233
233
233
235
236
235
235
233
237
233
237
233
230
236
235
236
237
237
235
237
237
236
237
233
233
238
236
237
239
236
236
238
236
238
238
236
240
238
242
238
240
236
244
240
240
242
245
242
238
240
240
242
240
240
245
242
242
242
426
426
426
245
245
237
237
249
237
249
237
249
250
237
248
249
252
249
248
249
237
37
249
237
237
237
249
252
248
249
249
253
257
253
249
249
252
252
252
252
252
253
252
257
257
255
102
249
257
257
255
257
191
255
258
257
258
257
257
257
258
102
257
257
257
102
258
464
258
258
257
464
249
258
102
258
258
257
261
258
262
259
262
258
262
261
127
127
262
262
267
261
261
265
261
267
265
267
270
265
268
265
267
268
268
269
270
128
269
269
267
270
267
270
268
269
270
270
269
270
269
269
128
269
269
269
270
269
270
270
271
269
270
271
271
271
271
270
272
272
270
271
271
273
271
273
275
275
271
271
275
275
275
275
275
194
273
276
194
273
276
276
276
275
280
273
72
273
275
278
273
273
194
271
280
280
458
21
460
280
278
281
283
276
276
407
406
407
407
406
285
283
285
280
70
280
285
278
280
285
289
282
289
285
285
289
290
288
285
289
288
289
149
289
2
149
296
149
149
149
290
289
288
289
290
104
372
290
104
104
285
289
289
289
288
292
292
245
245
293
296
290
169
296
290
296
293
169
296
296
296
169
169
169
169
169
169
169
312
296
296
298
300
301
298
303
301
304
296
298
299
301
296
301
301
302
303
303
303
297
303
304
304
304
304
303
302
302
302
302
303
303
303
302
123
304
304
372
372
372
305
304
303
280
303
303
303
303
303
303
179
306
4
4
4
308
307
307
307
312
302
85
309
409
96
309
308
262
312
308
314
227
227
311
112
85
312
85
75
75
230
228
227
227
318
318
318
227
317
72
318
333
318
318
315
72
72
74
316
72
318
318
318
2
318
318
318
45
45
45
321
318
45
318
318
321
45
45
321
45
45
45
45
45
45
44
45
45
45
321
321
318
324
321
321
321
491
321
488
321
93
319
93
45
318
82
321
82
82
87
327
393
332
179
393
60
328
326
330
328
71
328
332
179
327
330
179
333
71
179
166
179
332
71
497
233
497
331
332
71
333
179
71
233
179
166
166
166
166
336
166
233
166
166
233
336
341
271
341
341
167
340
339
340
337
341
341
341
336
340
342
339
342
338
342
341
341
342
167
341
341
341
342
342
339
342
342
341
343
343
341
340
342
342
342
343
342
342
343
344
343
345
344
344
343
344
344
343
343
343
343
347
347
89
89
347
348
347
347
157
350
345
345
409
354
32
350
350
240
346
354
350
346
229
235
157
157
177
155
157
240
353
350
235
354
233
228
155
354
233
409
236
235
238
157
249
85
252
252
252
85
359
85
85
85
355
363
358
435
189
359
425
425
359
425
2
363
4
360
4
4
358
435
367
435
97
499
499
499
0
435
435
499
435
435
363
367
457
361
369
0
2
339
97
483
457
3
457
457
457
97
415
2
415
499
238
363
366
368
368
371
370
369
270
371
370
270
270
371
370
371
376
371
371
371
370
371
372
373
374
373
371
373
374
372
374
373
373
374
374
375
375
375
379
374
374
376
376
374
374
376
376
376
20
376
376
378
378
377
380
379
378
387
376
380
380
380
87
380
380
387
379
378
378
381
322
387
389
389
385
386
383
322
321
384
238
384
271
388
384
389
389
389
238
389
386
386
389
388
388
389
389
389
389
385
389
389
389
389
389
389
389
389
237
389
388
389
389
388
389
389
391
389
391
392
392
389
392
389
392
392
389
392
390
389
394
397
392
392
392
389
149
395
395
395
459
459
459
459
459
459
397
392
392
459
404
401
170
401
401
459
404
399
399
397
170
170
170
170
170
401
127
404
163
404
404
163
405
404
404
405
405
403
401
404
163
404
163
404
404
405
405
405
406
406
405
406
406
405
406
409
408
407
407
406
48
408
408
408
408
409
406
405
406
406
239
344
410
341
239
406
166
406
414
166
409
412
343
409
341
409
113
116
413
341
262
162
415
415
262
341
412
161
162
162
390
427
425
375
427
415
415
414
409
404
424
424
161
424
424
307
422
422
424
424
320
424
415
415
415
424
422
424
422
422
320
320
422
422
422
494
426
426
12
497
424
424
424
424
2
425
424
427
425
424
426
12
426
423
426
430
425
426
430
424
385
435
232
426
426
2
2
2
2
317
433
385
435
430
434
434
334
435
431
424
434
4
434
435
435
435
435
434
435
434
435
4
435
435
436
435
4
435
435
4
434
436
436
436
436
436
436
436
436
436
233
438
440
231
231
436
439
439
37
438
37
37
440
40
440
42
440
441
441
443
182
179
441
440
441
443
161
441
24
443
443
441
441
441
449
441
441
442
444
441
414
450
318
448
262
149
447
153
152
153
453
449
453
453
450
451
454
455
454
453
455
456
455
453
456
458
455
456
455
454
455
455
458
456
456
455
455
455
454
458
458
458
455
458
458
456
458
456
458
458
456
459
455
456
455
455
458
457
458
458
458
456
458
456
458
459
458
459
459
458
461
458
458
458
459
458
459
459
459
459
459
459
459
458
459
461
461
463
463
462
459
464
462
462
464
466
464
465
462
462
466
466
180
466
468
468
465
468
466
466
468
468
466
142
468
468
469
471
262
469
468
468
469
466
468
468
194
230
194
194
472
230
472
230
233
471
106
473
470
468
174
174
163
403
476
230
160
160
160
476
480
476
476
479
479
477
479
480
479
480
480
480
480
480
480
483
480
480
480
480
480
480
480
480
480
483
480
480
480
480
482
482
482
485
482
483
37
483
480
440
482
482
484
483
482
485
485
482
269
483
36
36
263
36
37
485
441
36
483
490
488
490
135
391
391
489
227
227
489
489
497
491
131
493
490
391
491
497
491
491
494
494
493
492
491
497
497
497
497
497
497
497
0
494
497
0
0
497
0
498
0
497
0
71
0
0
0
497
497
497
0
0
0
0
0
0
0
0
2
0
