76,
0,
76,
76,
76,
0,
93,
0,
0,
0,
1,
0,76,
0,
3,
76,
98,
0,
0,
0,
76,
3,
1,
76,
0,
0,
76,
3,
0,76,
0,
1,
0,
98,
98,
96,
2,
1,
0,
0,
0,
0,
0,
99,
12,
12,
0,
99,
99,
1,
1,
1,
0,
0,
98,
98,
0,
98,
99,
98,
1,
1,
4,
7,
1,
5,
3,
3,
3,
1,
3,
1,
3,
3,
7,
1,2,
3,
76,
76,
2,3,
3,
0,
4,
3,
3,
0,
3,
7,
5,
3,49,
3,
3,
3,
3,49,
3,
3,
76,
3,
3,
3,
3,
49,
49,
3,
3,
76,
3,
76,
49,
3,
52,
3,
49,
3,
76,
3,
52,
23,
3,
2,3,
6,
2,
2,3,
5,
3,
3,
3,
4,
5,
49,
6,
4,
49,23,
3,
4,
2,
2,
4,
2,
6,
45,
4,
4,
3,
70,
3,
3,
5,
5,
5,
4,
5,
5,
7,
5,
5,
5,
9,
5,
4,
4,
5,
5,
4,
5,
4,
5,
5,
5,
5,
8,
5,
5,
2,
5,
1,
2,3,
23,
6,
6,23,
6,
4,
6,
6,
6,
6,
73,
6,
6,
6,
6,
6,
6,
6,
6,
6,
6,
6,
6,
6,
6,
6,
6,
23,
23,
6,
73,
73,
73,
5,
73,
5,
73,
9,
5,
7,
5,
5,
7,73,
7,
7,
5,
9,
5,
9,
10,
73,
73,
7,
5,
73,
5,
5,
5,
73,
73,
8,
5,
73,
10,
8,
5,
75,
5,
8,
5,
8,
8,
73,
5,
8,
75,
87,
73,
8,
5,
73,
73,
8,
9,
5,
73,
8,
73,
73,
73,
13,
73,
73,
10,
12,
12,
10,
10,
10,
73,
10,
73,
73,
73,
13,
10,
9,
3,
87,
87,
13,
73,
9,
87,
9,
73,
12,
10,
5,
12,
9,
87,
87,
10,
10,
87,
73,
9,
12,
13,
9,
14,
10,
10,
13,
10,
10,
10,
87,
10,
73,
87,
10,
13,
10,
87,
10,
12,
9,
10,
73,
12,
10,
12,
73,
73,
73,
13,
73,
73,
73,
73,
73,
11,
13,
12,
73,
73,
73,
10,
13,
73,
73,
73,
73,
73,
73,
73,
73,
73,
12,
13,
12,
13,
12,
12,
12,
12,
12,
12,
12,
12,
12,
12,
12,
12,
12,
12,
12,
16,
12,
12,
12,
13,
12,
12,
12,
13,
12,
13,
13,
12,
13,
13,
13,
12,
13,
13,
13,
13,
13,
13,
15,
15,
15,
13,
13,
13,
13,
13,
13,
27,
13,
13,
13,
13,
27,
13,
16,
16,
16,
91,
12,
16,
13,
13,
16,
13,
15,
16,
16,
16,
16,
16,
12,
14,
16,
16,
73,
14,
16,
13,
16,
16,
16,
14,
16,
16,
15,
38,
15,
15,
38,
15,
38,
15,
66,
38,
66,
15,
15,
36,
15,
15,
15,
15,
15,
15,
15,
15,
15,
15,
38,
15,
15,
66,
15,
15,
15,
15,
15,
15,
15,
15,
66,
16,
15,
15,
18,
19,
18,
18,
15,
15,
19,
19,
15,
15,
15,
15,
19,
18,
15,
15,
15,
15,
16,
15,
15,
19,
19,
17,
15,
16,
16,
15,
16,
15,
15,
38,
15,
15,
15,
15,
15,
38,
15,
15,
18,
15,
15,
15,
17,
15,
15,
18,
18,
18,
19,
18,
18,
38,
18,
19,
16,
18,
18,
38,
42,
99,
16,
19,
42,
18,
18,
19,
38,
42,
47,
18,
18,
18,
18,
18,
19,
19,
20,
20,
19,
99,
19,
19,
19,
19,
18,
19,
19,
18,
19,
21,
18,
19,
20,
18,
18,
19,
19,
17,
18,
19,
18,
20,
19,
42,
21,
19,
21,
38,
19,
20,
20,
19,
16,17,
16,17,
20,
19,
43,
19,
20,
15,
18,
16,
21,
18,
20,
20,
15,
19,
18,
19,
19,
20,
18,
20,
20,
21,
23,
20,
20,
20,
22,
19,
23,
23,
21,
21,
20,
21,
23,
22,
19,
21,
22,
21,
20,
21,
19,
23,
91,
20,
21,
21,
21,
23,
21,
23,
25,
23,
23,20,
20,
19,
23,
23,
23,
23,
23,
23,
20,
23,
19,
23,
19,
23,
19,
20,
52,
22,
17,19,
20,
20,
23,
23,
20,
23,20,
23,
23,
23,
23,
23,
23,
23,
23,
23,
6,
23,
23,
23,
23,
24,
23,
23,
6,
23,
23,
23,
23,
23,
23,
6,
23,
4,
23,
23,
23,
23,
24,
22,
22,
23,
52,
22,
52,
52,
52,
20,
52,
52,
22,
52,
24,
52,
24,
52,
23,
24,
52,
24,
52,
24,
24,
52,
52,
52,
52,
22,
23,
23,
23,
23,
23,
23,
23,
26,
25,26,
22,
26,
26,
23,
23,
23,
23,
23,
25,
25,
23,
23,
23,
23,
23,
23,
23,
23,
23,
26,
23,
25,
22,
52,
23,
23,
22,
23,
25,
25,
25,
24,
26,
23,
25,
26,
24,
26,
25,
23,
26,
25,
24,
24,
23,
25,
23,
23,
27,26,
26,
28,
26,
28,
28,
28,
28,
28,
26,
28,
28,
26,
28,
27,26,
31,
27,26,
27,26,
26,
26,
28,
26,
29,
26,
26,28,
28,
26,
28,
26,
26,
26,
26,
23,
26,
26,
26,
26,
28,
23,
23,
31,
28,
26,
26,
26,
26,
26,
26,
26,
26,28,
27,26,
26,
26,
28,
25,
23,
26,
26,
26,
28,
28,
29,
26,
29,
29,
31,
26,
28,
26,
31,
26,
30,
26,
29,
30,
29,
26,
26,
28,
26,
28,
26,
26,
29,
31,
29,
26,
26,
26,
31,
31,
33,
33,
31,
31,
31,
34,
95,
95,
95,
31,
31,
95,
30,
30,
30,
33,
33,
95,
33,
33,
33,
95,
95,
31,
31,
34,
33,
31,
33,
34,
33,
34,
31,
31,
33,
34,
26,
26,
33,
36,
31,
31,
36,
34,
26,
31,
33,
34,
31,
25,26,
34,
26,
33,
34,
34,
36,
61,
61,
61,
61,
61,
32,
61,
61,
61,
32,
61,
61,
61,
61,
61,
61,
32,
34,
61,
61,
32,
32,
29,
61,
31,
32,
61,
61,
31,
33,
33,
33,
36,
34,
33,
34,
36,
33,
33,
33,
36,
33,
47,
34,
50,
33,
34,
33,
33,
36,
34,
34,
36,
33,
50,
33,
33,
36,
33,
38,
34,
34,
34,
34,
36,
53,46,
36,
36,
36,
36,
38,
36,
34,
34,
36,
34,
34,
34,
53,
34,
36,
36,
36,
53,46,
34,
33,
34,
36,
34,
34,
36,
34,
36,
36,
36,
36,
36,
36,
34,
34,
36,
34,
36,
36,
36,
36,
36,
36,
36,
36,
34,
36,
36,
36,
34,
36,
36,
36,
36,
36,
36,
36,
36,
36,
36,
99,
36,
47,
39,
36,
15,
47,
47,
36,
36,
36,
36,
99,
99,
36,
38,
36,
38,
36,
36,
47,
36,
38,
38,
36,
39,
39,
47,
39,
47,
47,
47,
38,
36,
39,
47,
36,
38,
29,
39,
47,
39,
47,
39,
36,
29,
36,
99,
42,
39,
38,
47,
38,
47,
38,
38,
38,
38,
47,
38,
47,
38,
47,
38,
38,
47,
47,
38,
41,
47,
47,
47,
38,
47,
42,
38,
38,47,
47,
38,
38,
15,
47,
39,
99,
99,
42,39,
99,
99,
42,
99,
99,
99,
42,39,
99,
12,
99,
99,
99,
99,
99,
39,
42,
39,
42,
42,
99,
39,
99,
42,
99,
99,
29,
39,
29,
43,
47,
47,
47,
47,
43,
29,
43,
43,
41,
47,
47,
41,
47,
43,
47,
47,
43,
47,
43,
47,
43,
47,
47,
43,
43,
47,
38,
42,
42,
41,
40,
43,
47,
43,
41,
47,
41,
47,
41,
42,
38,
43,
43,
42,
47,
42,
47,
41,
47,
47,
41,
43,
47,
41,
47,
47,
42,
42,
42,
43,
42,
43,
99,
43,
42,
42,
42,
42,
42,
43,
43,
42,
42,
42,
42,
42,
42,
42,
42,
42,
42,
43,
99,
42,
47,
29,
29,
29,
43,
43,
43,
29,
29,
43,
29,
29,
29,
29,
43,
29,
43,
29,
29,
29,
29,
43,
26,
28,
29,
29,
29,
43,
28,
29,
29,
42,
43,
43,
42,
43,
42,
42,
42,
43,
43,
47,
43,
42,
80,
43,
42,
43,
43,
80,
43,
42,
43,
42,
42,
42,
43,
15,
43,
42,
80,
80,
80,
80,
80,
80,
80,
80,
80,
45,
80,
80,
80,
80,
82,
80,
80,
80,
80,
82,
80,
80,
80,
80,
80,
80,
80,
80,
80,
80,
43,
48,
43,
44,
80,
43,
43,
48,
80,
45,
48,
45,
48,
47,
42,
47,
47,
45,
45,
45,
47,
15,
47,
47,
15,
47,
44,
43,
45,
45,
47,
43,
52,
43,
52,
47,
49,
45,
43,
47,
47,
80,
47,
47,
80,
47,
80,
43,
80,
80,
80,
80,
49,
48,
80,
80,
47,
49,
41,
45,
48,
48,
48,
48,
48,
47,
48,
80,
15,
48,
49,
48,
48,
48,
47,
15,
80,
47,
48,
15,
15,
48,
48,
45,
80,
48,
45,
48,
48,
52,
52,
52,
52,
76,
52,
50,
24,
52,
52,
52,
50,
52,
49,
52,
52,
52,
52,
52,
52,
52,
52,
49,
52,
52,
49,
52,
49,
49,
52,
52,
48,
49,
48,
50,
52,
50,
50,
50,
50,
50,
53,
50,
50,
15,
24,
50,
50,
52,
52,
50,
50,
36,
50,
52,
52,
76,
48,
50,
52,
56,
56,
50,
53,
52,
48,
50,
53,46,
52,
56,
76,
52,
50,
53,46,
50,
53,46,
56,
76,
50,
53,46,
52,
50,
52,
48,
50,
52,
52,
52,
76,
56,
52,
15,
76,
56,
56,
52,
76,
56,
52,
15,
52,
76,
48,
76,
76,
52,
52,
52,
52,
52,
52,
52,
76,
76,
56,
52,
56,
56,
15,
48,
56,
56,
48,
15,
48,
56,
48,
53,46,
34,53,46,
46,
46,
15,
15,
46,53,56,
15,
48,
15,
56,
56,
56,
56,
15,
46,
15,
46,
15,
50,
56,
56,
56,
56,
56,
56,
56,
56,
56,
56,
15,
56,
56,
56,
56,
56,
56,
56,
56,
56,
56,
56,
56,
56,
56,
56,
56,
56,
56,
56,
15,
56,
56,
67,55,
56,
15,
68,
57,
66,
56,
56,
67,55,
56,
66,
56,
56,
58,
66,
66,
15,
56,
67,55,
67,
67,55,
67,55,
67,55,
59,
66,
56,
67,
15,
15,
15,
56,
15,
15,
15,
15,
66,
15,
15,
15,
15,
15,
15,
15,
15,
15,
15,
15,
15,
68,
15,
15,
15,
15,
15,
15,
15,
15,
58,
57,
57,
15,
57,
57,
58,
57,
58,
59,
57,
57,
57,
57,
57,
56,
58,
57,
55,
44,
67,55,
57,
44,
57,
57,
57,
57,
57,
57,
57,
67,
70,
68,
68,
59,
66,
57,
67,
57,
57,
67,
59,
66,
68,
66,
65,61,
66,
68,
67,
45,
67,
67,
98,
57,
98,
67,
58,
64,
61,
98,
61,
39,
59,
57,
57,
39,
99,
42,
61,
62,
44,
61,
61,
39,
42,
57,
39,42,
61,
57,
59,
61,
59,
59,
42,
99,
65,
61,
59,
57,
59,
61,
61,
59,
57,
61,
57,
61,
58,
65,
57,
66,
61,
44,
67,
59,
61,
66,
57,
66,
44,
61,
66,67,
57,
57,
66,
61,
57,
61,
44,
57,
67,
58,
61,
61,
58,
67,
67,
61,
58,
61,
61,
61,
67,
58,
66,
61,
66,
67,
58,
58,
61,
67,
64,
66,
67,
67,
67,
61,
61,
61,
61,
44,
59,
44,
61,
44,
44,
67,
44,
39,
66,
62,
63,
62,
61,
59,
62,
62,
67,
62,
67,
62,
59,
66,
67,
62,
62,
62,
61,
65,
66,
63,
65,
65,
66,
66,
68,
63,
63,
66,
66,
68,
67,
67,
61,
65,
68,
68,
68,
68,
66,
67,
67,
63,
67,
61,
66,
66,
61,
63,
65,
65,
62,
66,
65,
63,
67,
65,
65,66,
62,59,
59,
65,
62,
63,
63,
62,
66,
66,70,
69,
65,
65,
66,
61,
66,
63,
65,
66,
66,
70,
68,
66,
63,
70,
63,
62,
65,
66,
65,
63,
66,
63,
68,
66,
62,
68,
68,
61,
62,
66,
65,
65,
63,
66,
63,
65,
63,
65,
68,
65,
70,
70,
70,
70,
65,
63,
68,
63,
70,
68,
63,
70,
65,
69,70,
65,
66,
69,70,
70,
70,
66,
70,
66,
66,
66,
66,
70,
66,
68,
68,
70,
70,
63,
68,
70,
63,
45,
66,
68,
70,
66,
68,
68,
70,
68,
66,
63,
68,
45,
70,
70,
66,
63,
70,
68,
65,
70,
68,
68,
70,
65,
70,
68,
68,
70,
70,
69,70,
70,
70,
70,
70,
70,
70,
70,
65,
68,
70,
69,70,
70,
70,
69,70,
70,69,
70,
70,
68,
70,
68,
72,
72,
73,
70,
72,
72,
72,
72,
75,
72,
75,
74,
66,
63,
72,
74,
72,
74,
70,72,
70,
65,
72,
72,
72,
72,
74,
73,
75,
65,
72,
70,
80,
5,
70,
3,
70,
72,
70,
2,
70,
70,
45,
70,
8,
70,
73,
70,
4,
45,
4,70,
70,
70,
72,
72,
70,
80,
70,
72,
74,
74,
74,
73,
72,
74,
72,
72,
74,
72,
72,
74,
74,
74,
72,
74,
74,
74,
72,
72,
70,
72,
72,
74,
70,
74,
72,
74,
70,
70,
70,
54,
73,
57,
75,
75,
57,
75,
57,
75,
54,
75,
54,
57,
75,
74,
54,
74,
75,
75,
57,
75,
75,
56,
75,
73,
76,
56,
56,
73,
75,
70,
73,
75,
57,
70,
57,
70,
73,
75,
74,
74,
75,
73,
58,
5,
73,
70,
75,
74,
57,
74,
73,
70,
75,
73,
75,
73,
70,
73,
75,
74,
75,
93,
75,
56,
54,
75,
44,
73,
56,
57,
74,
56,
56,
75,
54,
56,
75,
57,
74,
72,
57,
58,
73,
74,
74,
73,
57,
57,
75,
56,
75,
75,
75,
57,
75,
54,
75,
54,
44,
75,
54,
57,
54,
75,
75,
57,
75,
75,
75,
75,
75,
75,
75,
56,
74,
57,
93,
74,
74,
93,
74,
76,
76,
93,
92,
58,
77,
74,
1,
14,
14,
76,
76,
76,
73,
74,
76,
74,
76,
14,
74,
74,
76,
14,
74,
14,
73,
73,
77,
73,
73,
14,
77,
77,
77,
73,
73,
14,
74,
14,
14,
14,
14,
73,
14,
14,
14,
13,
14,
14,
14,
14,
14,
78,
87,
77,
78,
81,
77,
78,
74,
14,
77,
73,
87,
77,
79,
78,
78,
82,
78,
77,
74,
79,
82,
81,
80,
87,
87,84,
79,
78,
77,
14,
78,
74,
74,
78,
77,
81,
78,
77,
78,
78,
77,
77,
79,
77,
78,
81,
77,
74,
77,
79,
77,
77,
78,
74,
77,
79,
78,
74,
83,
78,
81,
87,
78,
82,
79,
87,
82,
79,
87,84,
87,84,
79,
82,
79,
81,
82,
81,
82,
78,
77,
79,
79,
82,
81,
82,
78,
79,
82,
87,
79,
79,
87,
79,
90,
87,
78,
87,
85,
87,84,
87,84,
87,
90,
5,
87,
82,
83,
82,
74,
83,
83,
85,
87,
87,
74,
81,
87,
80,
85,
87,
87,
80,
83,
83,
85,
85,
85,
83,
85,
6,
83,
71,
83,
71,
21,
85,
83,
6,
85,
83,
85,
83,
85,
71,
83,
85,
6,
83,
6,
85,
6,
71,
71,
85,
71,
83,
70,
71,
71,
85,
83,89,
89,
71,
71,
70,
71,
21,
71,
71,
83,
71,
71,
70,
85,
71,
71,
71,
71,
71,
70,
71,
85,
6,
21,
85,
85,
85,
85,
85,
85,
87,
87,
85,
85,
83,
85,
6,
85,
5,
87,85,
21,
85,
6,
85,
6,
83,
85,
85,
83,
21,
83,
6,
85,
85,
6,
6,
6,
23,
21,
6,
6,
85,
6,
6,
6,
6,
85,
21,
6,
6,
6,
85,
6,
6,
6,
6,
85,
6,
85,
85,
85,
85,
85,
83,
87,
85,
85,
87,
85,
85,
85,
85,
85,
85,
85,
87,
83,89,
90,
87,
87,
89,
85,
88,
85,
85,
87,
83,
85,
86,
87,
6,
92,
90,
90,
87,
87,
87,
87,
87,
87,
92,
87,
90,
89,
87,
92,
87,
92,
87,
87,
61,
87,
87,
92,
87,
89,
92,
5,
87,
90,
90,
85,
90,
21,
87,
6,
85,
6,
21,
21,
6,
90,
85,
21,
90,
6,
6,
85,
90,
92,
21,
21,
90,
85,
90,
6,
85,
21,
85,
90,
85,
71,
85,
89,
87,
6,
21,
87,
85,
21,
89,
90,
92,
90,
88,
91,
88,
21,
85,
90,
85,
88,
21,
90,
91,
21,
88,
90,
21,
21,
91,
82,
21,
21,
21,
21,
87,
90,
21,
21,
21,
21,
90,
21,
21,
21,
90,
20,
21,
21,
21,
87,
21,
21,
90,
90,
92,
21,
21,
92,
89,
58,
97,
19,
97,
92,
90,
91,
94,
21,
95,
74,
92,
92,
61,
92,
75,
91,
91,
95,
61,
61,
61,
61,
61,
58,
92,
58,
61,
61,
61,
58,
61,
61,
61,
61,
61,
89,
88,
61,
92,
61,
95,
61,
61,
61,
61,
61,
90,
61,
95,
61,
58,
92,
58,
95,
93,
58,
58,
58,
92,
95,
95,
95,
96,
96,
61,
95,
93,
96,
92,
58,
95,
92,
92,
94,
92,
94,
95,
58,
95,
95,
93,94,
95,
74,
97,
74,
74,
74,
1,
76,
97,
97,
97,
95,
97,
74,
97,
95,
97,
74,
97,74,
95,
95,
74,
74,
74,
73,
94,
74,
74,
95,
74,
92,
95,
74,
92,
75,
95,
92,95,
74,
95,
95,
74,
74,
74,
95,
95,
76,
58,
74,
74,
93,
95,
74,
97,
74,
74,
97,
74,
57,
95,
95,
93,
94,
94,
94,
95,
97,
94,
95,
74,
97,
58,
96,
97,
93,
95,
93,
96,
94,
95,
95,
94,
99,
94,
74,
97,
96,
94,
73,
97,
97,
73,
73,
97,
75,
97,
97,74,
74,
97,
73,
97,
1,
97,
97,
97,
97,
97,
97,
73,
75,
75,
97,
97,
75,
1,
97,
97,
97,
97,
99,
96,
93,
98,
93,
96,
99,
93,
98,
99,
98,
74,
97,
98,
93,
2,3,
98,
98,
97,
99,
1,
98,
1,
1,
98,
99,
98,
98,
99,
1,
99,
76,
99,
99,
99,
97,
99,
99,
99,21,
99,
99,
99,
21,
0,
99,
99,
98,
99,
99,
21,
99,
99,
99,
99,
99,
21,
99,
99,
99,
