0,
0,
0,
12,
0,
0,
1,
0,
0,
98,
0,
0,1,
98,
0,
0,
98,
0,
1,
0,
3,
0,
0,
0,
1,
0,
0,
1,
0,1,
0,
1,
0,
98,
99,
98,
1,
1,
1,
1,
99,
0,
0,1,
0,
97,
1,
1,
1,
98,
1,
97,
0,
0,
0,
68,
97,
1,
98,
0,
98,
1,
98,
4,
0,
3,
5,
0,
2,
3,
1,98,
3,
2,
7,
0,
5,
97,
2,
5,
0,
0,
5,
0,
12,
2,
3,
10,
2,
2,
5,
3,
0,
3,
49,
3,
3,
4,
0,
0,
1,
4,
5,
4,
49,
0,
3,
49,
3,
3,
3,
3,
49,
49,
49,
2,
0,
3,
49,
3,
5,
3,
5,
4,
7,
3,
7,
5,
7,
70,
10,
5,
5,
4,5,
3,
4,
70,
4,
5,
5,
4,
7,
70,
8,
4,
4,
73,
3,
4,
5,
10,
5,
87,
10,
5,
5,
87,
5,
5,
5,
5,
5,8,
5,8,
87,
87,
5,
5,
87,
87,
5,
5,
5,
5,
87,
5,
5,
5,
5,
5,
23,
85,
85,
5,
5,
85,
85,
87,
85,
5,
5,
85,
6,
7,
7,
86,
6,
86,
85,
85,
6,
5,
86,
6,
7,
5,
87,
5,
6,
7,
8,
8,
10,
5,
8,
8,
7,
5,8,
7,
5,8,
10,
8,
7,
7,
7,
5,
7,
5,
10,
7,
8,
8,
5,8,
7,
10,
7,
5,
8,
8,
8,
10,
8,
10,
8,
8,
10,
10,
8,
10,
8,
8,
8,
10,
5,8,
12,
12,
8,
8,
10,
8,
8,
8,
10,
10,
12,
8,
8,
12,
8,
10,
11,
10,
10,
12,
12,
10,
10,
10,
12,
7,
10,
10,
8,
12,
10,
7,
10,
10,
10,
10,
12,
12,
10,
10,
12,
11,
10,
10,
97,
12,
10,
10,
10,
10,
10,
10,
10,
10,
10,
12,
10,
10,
10,
10,
10,
10,
12,
10,
10,
10,
87,
11,
11,
12,
10,
10,
10,
10,
10,
8,
11,
11,
10,
11,
11,
10,
10,
11,
7,
11,
12,
7,
11,
11,
11,
8,
11,
12,
10,
11,
7,
10,
10,
7,
10,
10,
10,
10,
11,
12,
9,
12,
10,
12,
97,
10,
12,
97,
12,
10,
97,
12,
12,
12,
10,
97,
12,
97,
10,
12,
10,
97,
11,
15,
15,
14,
10,
10,
56,
11,
14,
15,
13,
10,
10,
10,
11,
11,
13,
13,
13,
14,
10,
12,
10,
10,
13,
10,
15,
15,
13,
10,
13,
10,
15,
13,
11,
14,
14,
14,
77,
10,
14,
12,
77,
77,
77,
14,
10,
14,
11,
14,
12,
12,
11,
14,
77,
97,
14,
12,
14,
10,
77,
14,
12,
14,
77,
12,14,
15,
12,
15,
10,
56,
15,
15,
15,
56,
15,
56,
56,
15,
12,
15,
15,
12,
56,
56,
15,
56,
15,
15,
56,
56,
15,
17,
15,
56,
56,
17,
16,
18,
16,
17,
56,
17,
15,
16,
18,
21,
18,
19,21,
15,
14,
18,
20,
14,
56,
16,
16,
20,
20,
16,
17,
16,
17,
14,
17,
16,17,
14,
14,
17,
14,
17,
17,
17,
14,
17,
14,
17,
17,
97,
17,
17,
17,
14,
17,
14,
17,
14,
17,
17,
18,
17,
14,
18,
21,19,
18,
21,
20,
18,
15,
42,
18,
18,
42,
16,
38,
39,
18,
18,
22,
42,
20,
42,
18,
18,
20,
17,
21,
19,21,
18,
18,
20,
21,
21,
21,
24,
22,
18,
18,
21,
21,
21,
20,
20,
23,
24,
21,
19,21,
20,
21,
21,
19,21,
21,
21,
24,
21,
20,
21,
24,
21,
21,
18,
21,
21,
21,
21,19,
20,
21,
21,
90,
17,
17,
22,
16,
21,
20,
16,
17,
42,
14,
19,21,
17,
24,
23,
17,
23,
22,
22,
20,
90,
21,
21,
21,
99,
24,
21,
20,
21,
24,
99,
90,
85,
21,
21,
24,
21,
23,
21,
21,
21,
21,
24,
90,
21,
21,
23,
90,
90,
21,
90,
99,
23,
21,
25,
23,
23,
23,
24,
22,
23,
22,
23,
23,
25,
23,25,
24,
24,
21,
85,
23,
23,
23,
16,
49,
24,
19,21,
21,
22,
23,
21,
21,
22,
23,
23,
23,
23,
23,
23,
23,
85,
23,
85,
23,
23,
23,
85,
21,
23,
23,
6,
23,
23,
23,
85,
24,
21,
23,
21,
85,
23,
24,
85,
85,
24,
24,
49,
24,
24,
24,
24,
24,
24,
23,
24,
49,
21,
24,
24,
49,
24,
24,
23,
49,
24,
49,
24,
49,
24,
24,
24,
49,
49,
49,
25,
25,
23,
25,
24,
25,
85,
27,
27,
23,
27,
25,
23,
23,
25,
25,
23,
25,
25,
24,
27,
23,
24,
23,
23,
23,
24,
25,
25,
23,
26,
49,
24,
24,
24,
26,
24,
26,
26,
27,
24,
26,
25,
26,
27,
26,
23,
26,
25,
23,
26,
24,
24,
26,
26,
25,
25,
27,
27,
25,
43,
23,26,
30,
23,
27,
25,
23,26,
27,
26,
27,
25,
27,
27,
13,
27,
13,
27,
27,
13,
27,
25,
25,
27,
13,
25,
43,29,
27,
25,
25,
26,
25,
27,
23,
27,
23,
25,
26,
23,
23,
27,
27,
25,
27,
23,26,
26,
23,
27,
27,
25,
25,
26,
26,
23,
25,
27,
27,
25,
23,
43,29,
43,29,
43,
43,
27,
43,
27,
43,29,
26,
43,
27,
43,
43,
27,
40,
43,
43,
30,
43,
27,
43,
27,
29,43,
43,
29,43,
40,
27,
43,
30,
27,
27,
33,
28,
25,
30,
27,
30,
30,
27,
27,
30,
30,
27,
30,
27,
33,
27,
30,
30,
33,
33,30,
30,
30,
33,
30,
27,
35,
33,
32,
33,
32,
30,
30,
27,
27,
27,
27,
40,
33,
33,
32,
35,
25,
34,
43,
27,
33,
33,
35,
27,
33,
30,
35,
27,
27,
33,
35,
35,
35,
35,
35,
35,
35,
35,
32,
32,
32,
32,
35,
35,
25,
32,
35,
33,
35,
35,
32,
32,
27,
32,
35,
32,
35,
35,
35,
32,
33,
33,
33,
35,
33,
33,
33,
33,
33,
30,
33,
33,
33,
33,
30,
33,
35,
33,
33,
33,
30,
35,
33,
33,
33,
33,
33,
35,
35,
33,
35,
37,
34,
34,
36,
53,
34,
34,
37,
34,
35,
53,
53,
34,
35,
34,
34,
34,
53,
34,
34,
34,
37,
34,
33,
35,
35,
37,
53,
33,
40,
35,
37,
35,
40,
37,
35,
37,
37,
35,
35,
35,
37,
35,
37,
35,
37,
40,
35,
35,
35,
37,
35,
40,
35,
35,
40,
35,
35,
35,
36,
37,
35,
37,
36,
37,
14,
37,
36,
14,
14,
37,
12,
36,
36,
36,
36,
39,
39,
14,
36,
14,
14,
14,
37,
40,
14,
40,
37,
39,
40,
35,
37,
37,
40,
37,
40,
40,
37,
40,
37,
35,
40,
40,
35,
37,
37,
37,
39,
37,
37,
37,
40,
37,
35,
40,
37,
15,
15,
15,
15,
15,
15,
38,
15,
38,
15,
15,
40,
40,
38,
38,
15,
40,
15,
38,
38,
15,
38,
37,
17,
37,
38,
15,
56,
56,
38,
39,
39,
39,
35,
39,
39,
62,
37,
39,
35,
36,
39,
39,
39,
39,
39,
39,
39,
39,
37,
39,
39,
39,
39,
39,
39,
39,
39,
39,
38,
38,
38,
40,
40,
37,
36,
40,
40,
62,
38,41,
37,
38,41,
38,
37,
40,
40,
40,
40,
38,
37,
38,41,
40,
37,
37,40,
37,
40,
37,40,
40,
40,
38,
38,
62,
38,41,
38,41,
38,41,
38,41,
38,
38,41,
38,41,
62,
38,
38,41,
40,
15,
15,
38,41,
38,41,
38,
38,
38,
38,41,
38,
37,
38,41,
40,
38,
62,
38,
38,
42,
38,41,
42,
17,
42,
37,
38,
42,
40,
42,
38,
41,
42,
38,41,
38,41,
40,
38,41,
42,
40,
42,
38,
38,41,
40,
38,41,
38,41,
38,
38,41,
42,
38,41,
38,
40,
43,
38,
46,
43,
38,
38,41,
38,
38,
43,
40,
38,
40,
38,
38,
40,
40,
38,41,
41,42,
38,41,
43,
40,
38,41,
38,40,41,
38,41,
40,
40,
38,
38,
47,
38,
38,41,
47,
38,
38,
38,
38,
44,
38,41,
38,
47,
38,
45,
38,
38,
44,
38,
45,
38,40,
38,
38,
42,
38,41,
44,
38,
38,
38,
38,
45,
45,
45,
44,47,
46,
45,
45,
47,
46,
70,
46,
45,
44,
44,
45,
48,
45,
45,
47,
45,
45,
46,
38,
45,
45,
45,
46,
45,
45,
45,
38,
46,
38,
44,
46,
15,
43,46,
48,
48,
46,
46,
48,
15,
46,
38,
46,
46,
15,
48,
46,
44,
46,
46,
46,
46,
46,
44,
40,
46,
48,
48,
38,
46,
38,
47,
46,
47,
40,
38,
38,
38,
44,
38,
44,
47,
44,
45,
44,
38,
48,
38,
46,
46,
56,
48,
47,
40,
47,
38,
48,
48,
48,
48,
48,
48,
15,
15,
46,
46,
48,
48,
48,
48,
46,
46,
48,
48,
48,
15,
48,
46,
48,
48,
46,
48,
48,
48,
48,
48,
49,
48,
49,
3,
49,
49,
49,
49,
49,
49,
49,
49,
49,
48,
49,
49,
49,
48,
49,
49,
49,
49,
49,
49,
51,
49,
49,
49,
49,
49,
3,
48,
49,
49,
50,49,
35,
50,
50,
49,
33,
49,
33,
49,
50,
48,
33,
49,
33,
49,
49,
50,
50,
49,
49,
49,
49,
49,
50,
50,
51,
53,
53,
51,
49,
51,
53,
49,
51,
51,
53,
49,
51,54,
51,
54,
51,
51,
54,
52,
49,
51,
51,
51,
51,
53,
51,
51,
51,
51,
52,
51,
51,
51,
52,
53,
52,
51,
49,
52,
24,
49,
49,
49,
52,
52,
49,
52,
51,
52,
49,
51,
51,
51,
52,
52,
51,
52,
53,52,
51,
54,
53,
55,
53,
53,
54,
53,
55,
53,
54,
54,
53,
53,
53,
53,
55,
53,
53,
56,
53,
34,
52,
55,
53,
53,
54,
53,
53,
53,
54,
54,
54,
54,
54,
53,
54,
54,
54,
54,
54,
54,
54,
75,
51,
75,
53,
54,
54,
75,
55,
53,
54,
54,
55,
54,
53,
54,
55,
54,
53,
54,
53,
55,
57,
54,
67,
58,
54,
54,
55,
55,
55,
55,
57,
54,
58,
55,
54,
54,
55,
55,
54,
55,
55,
57,
58,
54,
55,
57,
51,
54,
56,
56,
52,56,53,
56,
53,
54,
53,
56,
57,
52,
56,
56,
54,
56,
56,
56,
54,
56,
56,
56,
56,
54,
56,53,
51,
54,
54,
56,
56,
75,
57,
57,
75,
57,
57,
75,
57,
57,
57,
75,
57,
57,
57,
75,
75,
57,
57,
57,
75,
57,
75,
57,
75,
75,
57,
75,
57,
57,
75,
57,
55,
96,
67,
59,
58,60,
58,
59,
95,
57,
55,
96,
60,
75,
53,
65,
61,
60,
58,
57,
59,
58,
96,
57,61,
96,
58,
58,
57,
60,
96,
35,
39,
59,
57,
60,
59,
59,
59,
60,
60,
59,
59,
32,
59,
59,
59,
38,
92,
60,
59,
32,
59,
59,
59,
59,
60,
61,
57,
59,
59,
60,
61,
57,
60,
57,
60,
61,
57,
60,
60,
60,
60,
57,60,
60,
59,
60,
57,
57,
57,
57,
59,
57,
61,
57,
57,
60,
61,
57,
59,
75,
92,
32,
32,
61,
58,
61,
32,
61,
61,
92,
92,
32,
61,
92,
60,
58,
58,
92,
92,
32,
32,
57,
62,
61,
61,
92,
58,
92,
92,
62,
62,
59,
62,
57,
60,
62,
60,
59,
62,
62,
64,
62,
62,
62,
62,
62,
62,
62,
60,
60,
63,
60,
62,
60,
60,
62,
62,
62,
64,
64,
65,
65,
64,
65,
68,
64,
92,
65,
63,
63,
63,
92,
60,
60,
92,
68,
63,
68,
63,
65,
92,
61,
63,
63,
61,
32,
68,
62,
92,
64,
64,
60,
64,
63,
62,
64,
32,
64,
62,
64,
64,
60,
64,
64,
64,
62,
64,
64,
64,
62,
63,
62,
62,
60,
62,
62,
64,
62,
64,
65,
64,
64,
65,
68,
62,
68,
65,
65,
64,
64,
68,
60,
62,
64,
65,
67,
62,
64,
65,
67,
58,
64,
62,
65,
64,
63,
65,
65,
65,
68,
65,
66,
69,
68,
66,
67,
68,
66,
68,
66,
63,
66,
68,
67,
66,
68,
66,
69,
15,
68,
15,
66,
15,
68,
65,
66,
65,
68,
63,
66,
64,
67,
98,
65,
65,
58,
64,
67,
58,
68,
60,
98,
58,
68,
65,
67,
65,
67,
66,
65,
65,
68,
58,
66,
67,
67,
68,
68,
68,
68,
68,
68,
68,
68,
68,
68,
68,
68,
68,
68,
68,
68,
64,
68,
68,
68,
68,
68,
66,
68,
66,
68,
65,
71,
68,
71,
69,
69,
83,
66,
66,
66,
66,
66,
71,
69,
69,
68,
66,
71,
66,
68,
71,
71,
66,
69,
71,
69,
69,
66,
69,
71,
71,
66,
71,
70,
70,
4,
73,
45,
70,
66,
77,
4,
68,
66,
70,
70,
5,
70,
73,
66,
71,
70,
70,
70,
73,
75,
71,
73,
45,
70,
70,
75,
71,
71,
71,
71,
71,
69,
69,
95,
66,
83,
71,
71,
71,
71,
71,
66,
66,
71,
71,
71,
71,
66,
71,
71,
71,
68,
83,
71,
71,
65,
71,
71,
75,
74,
75,
74,
74,
74,
97,
96,
96,
71,
77,
97,
97,
74,
71,
71,
71,
74,
71,
71,
71,
73,
97,
95,
77,
95,
73,
71,
70,73,
71,
12,
73,
73,
71,
75,
8,
97,
74,
71,
71,
73,
97,
73,
73,
73,
75,
74,
74,
77,
73,
7,
8,
75,
71,
14,
73,
71,
71,
71,
97,
77,
71,
74,
77,
75,
75,
77,
74,
71,
77,
71,
57,
12,
71,
71,
95,
71,
71,
71,
77,
74,
95,
95,
77,
77,
95,
74,
97,
74,
97,
97,
75,
74,
95,
75,
75,
74,
97,
8,
95,
75,
74,
75,
97,
72,
74,
8,
97,
75,
75,
74,
74,
75,
74,
74,
76,
12,
0,
76,
76,
76,
76,
76,
76,
93,
77,
52,
1,
76,
77,
0,
52,
95,
76,
77,
76,
76,
52,
76,
76,
76,
76,
77,
77,
79,
76,
77,
77,
77,
77,
77,
77,
77,
77,
77,
77,
77,
77,
77,
77,
77,
77,
77,
77,
77,
77,
77,
77,
77,
77,
77,
77,
80,
80,
77,
79,80,
78,
80,
78,
78,
77,
79,
77,
80,
78,
80,
80,
80,
79,80,
79,
79,
80,
80,
45,
79,
90,
80,
80,
45,
79,
79,
79,
80,
80,
79,
79,
77,
79,
79,
79,
79,
80,
79,
79,
80,
77,
80,
80,
80,
80,
79,
45,
77,
77,
79,
80,
77,
80,
80,
80,
80,
80,
80,
80,81,
80,
80,81,
80,
90,
80,81,
80,
80,
80,
80,
80,81,
78,
80,
80,81,
45,
80,81,
80,
78,
45,
45,
80,
80,
80,
80,
81,
80,81,
45,
45,
45,
84,
78,
81,
80,
78,
80,81,
80,
80,
80,
80,81,
81,
81,
81,
80,
80,
78,
79,80,
80,
80,
79,80,
90,
80,
80,
45,
80,81,
45,
80,
81,
81,
80,
80,
80,
82,
45,
80,
86,
82,
84,
80,
82,
80,
82,
90,
82,
82,
85,
82,
82,
82,
82,
82,
82,
80,81,
84,
84,
82,
80,
86,
85,
83,
83,
56,
82,
84,
83,
86,
83,
87,
83,
81,
83,
83,
71,
82,
86,
83,
82,
82,
83,
83,
83,
87,
83,
83,
86,
83,
83,
83,
83,
86,
86,
82,
87,
87,
87,
82,
82,
82,
86,
81,
82,
86,
82,
82,
85,
80,81,
86,
86,
87,84,
81,
84,
84,
86,
82,
86,
81,
80,
86,
81,
23,
84,
84,
85,
85,
86,
84,
86,
82,
86,
84,
84,
84,
85,
84,
85,
86,
86,
84,
85,
85,
84,
82,
85,
85,
85,
85,
84,
85,
86,
86,
90,
86,
86,
89,
86,
86,
86,
86,
86,
86,
86,
86,
86,
86,
86,
81,
86,
86,
86,
86,
56,
86,
86,
85,
86,
86,
56,
86,
86,
87,
81,
86,
87,86,
81,
87,
81,
88,
81,
87,86,
86,
87,
81,
87,
86,
87,
87,
87,
87,
86,
86,
87,
86,
81,
86,
81,
87,
87,86,
87,
80,81,86,
88,
90,
82,
81,
86,
88,
86,
86,
90,
86,
88,
86,
88,
88,
86,
90,
86,
88,
87,
86,
86,
88,
86,
85,
86,
87,
86,
86,
88,
86,
83,
86,
89,
81,
86,
84,
87,
86,
87,
87,
89,
86,
86,
89,
87,
86,
86,
89,
86,
56,
56,
86,
90,
89,
90,
88,
88,
90,
90,
89,
80,81,
90,
82,
90,
90,
81,
81,
90,
90,
90,
90,
90,
90,
90,
90,
80,
21,
23,
90,
90,
90,
85,
90,
86,
88,
87,
90,
90,
93,
96,
93,
94,
88,
96,
93,
89,
15,
95,
90,
95,
95,
95,
95,
86,
92,
1,
89,
94,
94,
93,
87,
86,
93,
93,
97,
93,
93,
86,
92,
92,
92,
88,
92,
93,
93,
88,
87,
93,
88,
95,
88,
96,
93,
95,93,
86,
86,
88,
92,
87,
95,
95,
93,
93,
93,
94,
95,
93,
93,
96,
76,
93,
95,
96,
96,
95,
93,
94,
76,
76,
93,
93,94,
95,
76,
96,
95,
93,
96,
95,
96,
96,
96,
97,
95,
94,
91,
94,
96,
96,
97,
97,
95,
94,
96,
94,
94,
96,
98,
94,
97,
96,
96,
96,
93,
97,
93,
95,
97,
93,
96,
96,
95,
95,
95,
96,
95,
93,
71,74,
96,
95,
30,
96,
95,
95,
95,
95,
95,
93,
95,
93,
96,
30,
95,
96,
96,
96,
95,
95,
94,
30,
95,
97,
96,
96,
96,
96,
98,
97,
97,
96,
98,
99,
99,
96,
97,
96,
98,
96,
98,
96,
96,
98,
98,
96,
96,
96,
96,
98,96,
96,
96,
97,
98,12,
97,
98,
12,
97,
98,
94,
12,
96,
98,
12,
10,
12,
96,
98,
98,
98,
97,
98,
98,12,
98,
96,
98,
97,
12,
98,
98,
97,
97,
98,
0,
98,
97,
98,
97,
96,
98,
98,
98,
96,
98,
1,
98,
98,
98,
1,98,
98,
98,
99,
98,
98,
98,
1,
98,
68,
98,
68,
68,
98,
39,
99,
21,
39,
99,
99,
96,
99,
39,
39,
99,
39,
99,
99,
98,
39,
99,
1,
39,
39,
99,
99,
99,
99,
99,
99,
99,
39,
99,
99,
