0,
0,
0,76,52,
0,12,
0,
0,
0,
0,
0,
0,1,98,99,
0,1,
0,
0,
0,1,
0,76,
0,1,
0,
0,1,98,99,
0,
3,
0,1,2,3,4,5,
0,1,
0,
0,1,
0,1,
0,76,
0,1,
0,
0,
0,1,98,99,12,
0,1,2,3,76,
0,1,98,99,97,
0,1,98,99,
98,
0,1,98,99,
0,1,98,99,12,
0,1,98,99,
0,1,98,99,
0,1,98,99,96,93,
0,1,98,99,
0,
0,1,98,99,12,
1,12,
1,12,97,
0,1,76,98,99,
0,1,98,99,12,
0,1,98,99,12,
0,1,98,99,12,
1,
0,1,
0,1,
0,1,98,99,
0,1,98,99,
1,12,97,
0,1,98,99,
1,
0,1,98,99,12,
0,1,98,99,
0,
1,
2,3,4,7,5,70,73,
2,7,5,
0,1,2,3,12,4,7,5,
2,7,5,6,8,87,
2,
2,
0,1,2,3,5,
0,1,2,3,
2,
0,1,2,3,12,7,5,
5,
2,
7,
0,1,2,3,
2,
0,2,5,
0,1,2,3,
2,
2,3,5,
2,3,
2,3,7,5,9,10,
2,5,
3,
2,3,
2,
2,
2,7,5,6,70,8,
3,
0,1,2,3,4,5,
0,1,2,3,5,
3,
3,
3,
3,
3,
2,
3,
3,
3,4,5,
3,
3,49,
0,1,2,3,
3,
3,49,
3,
3,49,
3,
3,
3,76,49,
3,
3,
2,3,
3,
3,
3,49,
3,
4,5,
3,4,5,
6,
4,
2,4,5,
3,4,5,
2,4,5,
3,4,5,
2,4,5,
4,
5,
4,
4,7,5,
4,
3,
2,3,4,5,
4,70,
4,
4,5,
4,7,5,
4,
4,7,5,6,
4,70,
4,70,8,
4,70,
4,
4,70,
3,4,5,
4,
5,
5,
5,
5,
5,
5,
4,7,5,6,
5,
5,
5,
5,
5,
5,
5,
5,
5,
5,
5,
5,
5,
5,
3,7,5,6,8,87,
5,
5,8,
5,
5,
5,
5,
3,4,5,
4,5,
6,23,85,
6,23,85,
6,23,85,
6,
3,4,5,6,
6,
6,23,85,
5,6,
6,
7,5,8,
4,5,6,
6,23,85,
6,
6,
6,
5,6,
6,
6,
6,
6,23,85,
6,
4,7,5,6,
4,5,6,
5,6,7,
7,5,6,
6,
6,23,85,
6,
6,87,
7,
7,
7,73,
7,8,
73,
7,
7,73,
7,
7,
7,
7,
7,
7,
7,
7,
7,
7,
7,
7,
7,
7,
7,
7,
7,
7,
7,5,6,
7,
7,
7,
7,
8,
8,
8,
7,8,87,9,10,
8,
8,
8,
8,
8,
8,
8,
8,
8,
7,8,
8,
8,73,
8,
7,70,8,9,10,11,73,
8,
7,8,
7,8,
8,
8,
8,
8,
8,
8,
8,
8,
8,
10,
10,
5,7,8,9,10,
9,10,11,
9,10,12,13,14,
9,10,12,13,14,
10,
7,8,9,10,12,13,
7,8,9,10,
75,7,8,9,10,11,73,
7,9,10,11,
12,7,14,8,9,10,11,73,13,
7,8,87,9,10,11,73,
8,
9,10,12,13,
7,8,9,10,12,13,
9,10,
12,7,8,87,9,10,
10,
8,9,10,
12,9,10,13,
12,7,8,9,10,11,73,14,
9,10,
9,10,
8,9,10,
12,7,8,9,10,11,73,
10,
9,10,11,
7,8,9,10,12,13,
97,12,14,8,9,10,13,
9,10,
10,
87,10,
10,
10,
10,
10,
9,10,
10,
10,
9,10,
7,9,10,11,73,
10,
10,
10,
10,
10,
10,
10,
10,
9,10,11,
10,
10,11,
10,11,12,13,14,
9,10,
10,
10,
9,10,11,
9,10,
10,
11,
11,
10,11,
11,
11,73,
11,
11,
9,10,11,
11,
7,9,10,11,73,
11,73,
11,
11,
11,
11,
11,
11,73,
11,
11,
10,11,
11,12,13,14,
11,73,
11,
11,
7,9,10,11,73,
11,
11,
10,11,
11,73,
11,
12,
12,13,
12,
12,13,
12,
12,
12,
12,
12,
12,
12,
12,
12,
12,
12,
12,
12,
12,
12,
14,11,12,13,
12,
12,
12,
12,13,
12,
12,
12,
12,13,
12,
12,15,13,
10,11,12,13,14,
12,
13,
13,
12,13,
12,9,10,11,13,14,
12,13,
13,
13,
13,
13,
13,
12,13,
12,13,
12,13,15,
13,
13,
13,
12,14,13,
13,
12,13,
13,
12,13,
13,
12,10,13,
12,15,13,
13,
13,
14,
14,
14,
14,
12,13,14,15,
14,
14,
14,
14,
14,
14,
14,
14,
14,
14,
14,
12,13,14,15,
14,
14,
14,
12,11,14,73,
14,
14,
14,
14,
14,
14,
14,
14,
14,
15,
15,
15,
15,
15,
15,
15,38,
15,
15,66,
15,
15,
15,
15,
15,
15,
15,
15,
15,
15,
15,
15,
15,
15,
15,
15,
15,
15,
15,
15,
15,16,17,
15,16,17,
16,17,
15,16,17,
17,
16,17,
16,17,
15,
15,18,16,17,19,20,
15,16,17,
18,16,17,19,20,
18,
19,20,
18,
18,16,17,19,20,
15,16,17,
16,17,
16,17,18,19,20,
19,20,
16,17,
15,16,17,
16,17,18,19,20,
16,
18,16,17,19,20,
18,17,19,20,
16,17,
15,16,17,
16,17,
17,
16,17,
17,
17,
17,
16,17,
17,
17,
17,
17,
16,17,
17,
17,
17,
15,18,16,17,19,20,
17,
12,17,
17,
16,17,
17,
15,
15,16,17,
15,
17,
16,17,
17,
16,17,
18,17,19,20,
17,
17,
18,
18,
18,
18,19,20,
18,
18,
18,
18,
18,16,17,19,20,
18,16,17,19,20,
18,
18,16,17,19,20,
18,
18,
18,
16,17,18,
18,17,19,20,
42,
18,
18,
17,18,
18,
18,
18,
18,16,17,19,20,
18,
18,
18,
18,
18,17,19,20,
21,23,19,20,22,
23,19,20,21,22,
19,20,21,22,23,
19,20,
18,
17,18,19,20,
19,20,
19,20,
21,23,19,20,22,
18,16,17,19,20,
19,20,
20,
19,20,
19,
19,20,
19,20,
18,19,20,
21,19,20,
19,20,
18,16,17,19,20,
19,20,
21,23,19,20,22,
17,18,19,20,
18,17,19,20,
18,19,20,
19,20,
21,19,20,23,
21,23,19,20,
18,
99,19,20,
19,20,
19,20,
18,
19,20,
20,
20,
19,20,
15,18,16,17,19,20,
18,16,17,19,20,
20,
18,16,17,19,20,
18,
17,18,19,20,
20,
17,
42,18,16,17,19,20,
17,
17,18,19,20,21,
18,16,17,19,20,
19,20,21,22,23,
21,23,20,24,
16,17,
20,
18,
18,19,20,
18,17,19,20,
21,19,20,23,
18,16,17,19,20,
19,20,21,22,23,
20,
21,
21,23,
21,23,19,20,22,
21,23,19,20,
21,
23,21,22,
21,19,20,23,
21,
21,23,
21,
21,
21,23,19,20,22,
21,
23,21,22,
21,
19,20,21,22,23,
21,
21,23,
21,
21,
21,
19,20,
21,23,20,
23,19,20,21,
21,
21,
21,
21,
21,23,
21,
23,
23,22,24,25,
23,
21,23,20,22,
23,22,
20,
23,
21,23,20,22,
23,20,21,22,
23,
23,22,24,25,26,
23,22,24,25,26,
19,20,21,22,23,
23,21,22,
20,
23,
20,
23,
23,19,20,21,22,
22,23,
21,24,22,23,25,26,
23,24,22,25,
19,20,
23,19,20,21,22,
23,22,
23,20,21,22,
23,21,22,
23,20,21,22,
20,21,22,
23,
23,
23,
23,
23,
23,
23,
23,22,25,26,
23,
23,
23,
23,
23,
23,
23,
23,
23,
23,
23,
23,
23,
23,
23,
23,21,24,
23,
23,
23,90,
23,
23,24,
23,
23,
24,
24,
24,
23,21,22,24,25,26,
24,
24,23,
24,
24,
24,
24,23,
24,
24,
23,24,
24,
24,
24,
24,
23,21,22,24,25,26,
23,22,24,25,
24,
23,24,21,22,26,
24,
24,
24,
24,
21,23,24,22,25,
24,
24,21,22,23,25,
24,
24,
25,
25,
25,26,
25,
25,
25,
25,26,
25,26,
27,25,26,28,
25,
27,25,26,28,
25,
23,22,24,25,26,
25,26,
25,26,
25,
25,26,
25,
25,
25,26,
25,26,
25,
25,
25,
23,24,25,26,
25,26,
24,23,25,26,
25,
25,26,
23,22,25,
25,26,
24,
23,24,25,26,
25,26,
24,23,25,26,
25,
23,24,25,26,
26,
26,
25,26,
25,26,
26,
25,26,
26,
25,26,
25,26,
25,26,27,28,29,
25,26,
29,25,26,27,28,
29,25,26,27,28,
25,26,
23,22,24,25,26,
25,26,
25,26,
25,26,
25,26,
26,
27,
27,
27,28,29,
26,27,28,
27,28,
29,27,28,
29,27,28,
27,28,29,
27,28,29,
27,28,
29,27,28,
29,27,28,
27,28,
27,28,29,
27,
29,30,27,28,
27,
27,
27,
27,26,28,29,
29,27,28,
27,
27,
27,28,
27,28,29,
29,27,28,
27,
27,28,29,
29,
27,28,29,
25,26,27,28,29,
27,25,26,28,29,
25,26,27,28,
27,28,29,
27,25,26,28,29,
29,25,26,27,28,
27,25,26,28,29,
29,31,30,27,28,
25,26,27,28,
25,26,27,28,
32,29,31,30,27,28,
29,27,28,
27,25,26,28,29,
27,25,26,28,29,
49,27,28,
27,26,28,29,
27,26,28,29,
27,25,26,28,29,
29,25,26,27,28,
27,28,29,
27,25,26,28,
25,26,27,28,
27,26,28,29,
29,27,28,
25,26,27,28,29,
25,26,27,28,
27,28,
26,27,28,29,
27,25,26,28,29,
30,31,29,27,28,
29,27,28,
29,
29,
29,
29,
27,28,29,30,
29,
29,27,28,
29,
29,
29,
27,28,29,30,31,
29,
29,
27,28,29,30,31,
29,30,31,32,
29,
29,30,31,
29,31,30,27,28,
29,
29,27,28,
29,
27,28,29,
29,
32,29,31,30,27,28,
29,
29,
29,
29,
30,
30,
30,
30,31,32,33,34,
30,31,
30,31,
30,
30,
30,
30,
30,
30,
30,
30,
30,
30,
30,
32,31,33,34,30,
30,31,
30,
30,
32,31,33,34,30,
32,31,33,34,30,
30,95,
30,
31,30,
30,
30,
32,31,33,34,30,
33,30,31,
29,30,31,32,33,
32,31,33,34,30,
32,31,33,34,35,30,
31,32,33,34,35,
30,31,
30,31,32,43,
30,31,
31,
30,31,32,
29,30,31,
32,31,33,34,35,30,
30,31,32,33,34,35,
32,31,30,
32,31,30,
30,31,
32,31,33,34,35,36,
29,
30,31,
33,
31,32,
32,31,33,34,35,30,
27,25,26,28,
31,32,33,34,35,
30,31,
31,32,33,34,35,
32,29,31,33,30,
32,31,
30,31,32,33,34,
32,
32,
32,
32,
32,
31,32,33,34,35,
32,
32,
32,
32,
32,61,
32,
32,
32,
29,31,32,
32,
32,
32,29,31,33,34,30,
32,
32,
32,
32,
32,31,
32,
32,
32,
32,
32,
32,
31,32,33,
33,
33,
33,34,
33,
33,
33,
33,
33,
33,
33,
33,
33,
33,
33,
33,
33,
33,
33,
33,
33,
33,
33,
32,33,34,35,36,
33,
33,
33,
32,33,34,35,36,
33,34,
33,
48,33,
32,33,34,35,
33,34,35,
34,
32,31,33,34,35,36,
36,33,34,35,37,38,
34,53,
33,34,35,
32,33,34,35,36,
35,
36,32,33,34,35,
34,
38,32,33,34,35,36,
34,
34,
35,
34,
34,53,
34,
34,53,
34,
36,33,34,35,
36,32,33,34,35,
35,
34,53,
34,
33,
33,34,35,
32,33,34,35,36,37,38,
34,
34,
35,
33,34,35,
35,
35,
35,
35,
35,
35,
33,34,35,
33,34,35,
35,
33,34,35,
35,
35,
35,
35,
35,
35,
35,
35,36,
33,34,35,
35,
35,
35,
33,34,35,
35,
35,
35,
33,34,35,
35,36,
36,
33,34,35,36,37,38,43,
36,
36,37,
36,
36,37,39,
36,
37,38,
36,37,
36,
12,13,14,36,
36,35,47,
36,37,40,
36,37,39,
36,
36,
36,
36,42,37,39,40,
39,
36,
36,
36,
36,
36,
36,
36,37,40,
36,14,
37,38,
36,37,38,
36,37,
37,
37,
36,37,40,
37,38,
37,38,
37,38,
36,38,42,37,40,41,
37,38,
36,37,
36,37,
37,
36,37,
35,36,37,38,
29,36,37,38,43,
37,
37,
36,37,
37,
36,37,39,40,42,
36,37,
36,35,37,38,
36,35,37,38,39,
36,37,39,40,
37,38,
37,
35,36,37,38,
37,
38,
38,37,39,40,41,
38,
38,
38,
38,
38,40,41,
38,
38,40,41,
38,
38,
38,
38,
38,39,40,41,47,42,43,44,45,46,
38,40,41,
38,
62,38,39,40,41,42,43,44,
38,
38,
38,40,41,47,
38,
38,40,41,47,
36,37,38,
38,
37,38,
38,
38,
38,
15,38,56,
38,40,41,
39,
39,
39,
39,
39,
39,
39,41,44,
39,
39,
39,59,
37,39,
39,
36,37,39,
39,
39,
39,
39,
39,
39,
39,
39,
42,39,
42,39,
39,
39,
39,
39,
99,39,
39,
40,41,47,42,43,44,46,
42,43,40,41,47,
40,41,47,42,43,44,46,
40,42,
40,41,
40,
40,
40,41,
40,
42,40,41,
40,41,42,43,
40,41,42,
40,41,
40,41,
40,
40,41,
40,41,
40,
40,41,
40,41,47,
40,
40,41,42,43,
40,
40,
40,41,
40,
40,
40,41,
40,
40,41,
15,37,38,40,41,47,
40,41,42,43,44,
41,
41,
41,
41,
40,41,
38,40,41,47,42,43,44,45,46,
41,
40,41,
41,
40,41,
41,
42,40,41,
41,
38,40,41,
40,41,
39,40,41,42,43,44,
40,41,
39,38,40,41,42,43,18,
40,41,
41,
40,41,
37,38,40,41,42,43,45,
41,
40,41,42,
40,41,
41,
40,41,
40,41,
42,
42,18,
42,
42,
42,18,
42,40,
18,42,
42,
42,
42,
42,
42,
42,18,
40,41,42,43,44,
42,43,40,41,44,
42,
42,
42,
42,
42,18,
40,41,42,43,
42,18,
42,
42,
42,
42,
42,
42,
40,41,42,43,
29,43,
43,
43,29,
43,
43,
43,
43,
43,
43,
43,
29,43,
43,
43,
43,
43,
43,
43,
29,43,
43,
43,
43,
29,
29,43,
43,
43,
43,
43,
29,43,
43,
43,
43,44,45,
42,43,40,41,44,
40,41,42,43,44,
43,44,45,
47,42,44,46,
43,44,45,
38,42,43,40,41,44,
39,40,41,42,43,44,18,45,
43,44,
40,41,42,43,44,
40,41,
42,47,44,46,
42,43,40,41,44,45,
45,
42,43,40,41,44,
43,44,45,
40,41,42,43,44,
40,41,42,43,44,
44,46,47,45,48,
40,41,42,43,44,
40,41,42,43,44,45,
43,44,
42,
40,41,42,43,44,
41,42,43,44,
40,41,42,43,44,45,
42,43,40,41,44,45,
42,43,47,44,46,
42,
45,
45,
45,
45,
45,
45,
45,
45,
45,
45,
45,
45,
45,
45,
45,80,
45,
45,80,
45,
45,
80,
45,
45,
45,
45,
45,80,
45,
45,80,
45,
45,80,
45,
47,42,43,44,46,
38,47,46,45,48,49,
47,42,44,46,
46,
48,46,47,45,
47,46,
43,44,46,47,
48,
45,
47,46,
45,46,48,
48,47,46,45,
38,47,46,45,48,
47,46,
38,15,47,42,44,45,46,48,
49,43,44,46,47,45,48,
47,46,
48,47,46,45,
48,47,46,45,
48,47,46,45,
46,47,
48,
47,
46,
15,47,45,46,48,49,
46,
44,46,47,
47,43,44,46,
48,47,45,46,
48,47,46,45,
47,
47,
49,47,48,53,50,
47,42,43,44,45,46,
47,
47,
47,
47,
47,
47,
47,
47,44,45,
38,47,43,44,45,46,
47,43,
45,
47,
45,
46,
47,
48,42,47,44,45,46,
47,42,44,45,46,
48,44,45,46,47,
47,
15,47,45,46,
45,
48,44,45,47,46,
38,15,47,42,
47,
47,
48,47,45,46,
48,
48,
48,
48,
48,
48,
48,
47,46,45,48,
48,
48,
48,
49,48,50,47,
48,
49,47,48,50,
48,
48,
45,46,47,48,
49,38,48,50,
48,
48,
48,
48,
48,
48,
48,47,45,46,
48,
48,
48,
48,
49,
49,
49,52,24,
49,
49,52,
49,
49,
49,52,24,
49,
49,
49,
49,
49,24,52,
49,
49,
49,52,
49,24,52,
49,
49,52,24,
49,
49,
49,
49,
49,
49,24,52,
49,
49,
49,
49,
49,
49,
50,49,48,
49,48,47,50,
50,49,48,
50,
50,
50,
50,53,49,52,48,51,
50,
50,
49,52,50,48,51,
50,
50,
50,49,52,48,51,
48,
50,
49,48,52,50,51,
50,
49,
49,48,24,52,50,51,
50,
50,
50,
50,49,48,
49,
49,52,48,50,24,51,
50,49,52,24,51,
50,
50,
52,
56,53,51,52,54,55,
56,53,51,52,54,55,
50,53,52,51,
51,52,
52,51,
53,
50,
53,51,52,
52,51,
53,
52,
53,52,56,49,50,51,
52,34,53,51,
49,52,50,53,46,51,54,56,
49,52,50,53,51,
53,51,52,
53,54,52,51,56,
52,
49,52,50,51,
50,53,51,52,
51,52,
51,
51,
53,
52,51,
52,51,
52,51,
52,51,
52,
53,52,
52,
56,52,53,
76,52,
34,50,53,48,56,49,51,52,54,
53,52,
52,
52,
54,52,
52,
52,
52,
52,
56,52,53,51,
52,
52,
52,
52,
52,
52,
49,52,50,51,
52,
52,
52,
52,
53,52,
52,
53,52,56,
56,
56,
53,
53,56,
56,53,51,52,54,55,
53,
15,56,53,57,52,54,55,
53,
53,
53,
53,
53,
53,
53,
53,
53,
53,56,
15,56,53,
53,
53,
56,53,51,52,54,
53,
53,52,51,56,
53,55,56,
53,
53,
15,38,48,56,50,53,47,46,45,49,52,54,55,
53,
53,
53,
54,
54,56,
56,54,
54,
54,56,
56,54,
57,56,54,55,
54,56,
54,
54,56,
15,56,53,52,54,55,
15,56,52,53,54,55,
54,56,
54,
53,56,52,54,
54,
53,56,52,54,
15,56,53,52,54,55,
53,54,
54,
56,54,55,
56,54,55,
56,54,
54,
56,54,
56,54,55,
56,54,
54,56,
56,54,
54,56,
56,53,55,
55,
53,
55,
55,
15,56,53,57,55,
67,55,
57,55,58,
15,55,
55,56,
53,56,54,55,
55,
53,55,56,
53,15,55,56,54,
55,56,57,
56,54,55,
55,57,58,67,
15,55,
15,56,57,53,55,67,
15,56,53,55,57,
53,56,
55,
15,67,55,57,56,54,
55,
55,
55,
57,55,58,67,
15,56,55,
56,53,55,57,
55,
56,
56,
56,
56,
56,
56,
15,56,
56,
56,
56,
56,
56,
56,
56,
15,56,
56,
56,
56,
56,
56,
56,
56,
56,
56,
56,
56,
15,56,
56,
56,
15,56,
57,
57,
57,
56,54,55,57,
57,55,58,59,60,
57,
57,
57,
57,
57,
57,
57,
57,
57,
57,
56,54,57,
57,
57,
57,
57,
58,57,
57,
57,
57,
57,
57,
57,
57,
57,
55,58,57,59,60,
55,58,60,
66,67,15,55,58,
98,58,
65,66,67,68,
58,59,57,60,
64,62,63,65,67,55,58,60,61,
57,55,58,67,
58,
57,58,
56,55,57,58,59,60,
67,55,58,
59,58,
64,62,63,65,66,67,68,55,58,60,
58,67,
67,15,55,58,56,
62,
61,62,63,67,55,58,60,
55,58,67,63,
67,55,58,
58,
58,
58,
67,68,58,98,96,
59,57,55,58,
98,58,
67,58,
58,
62,63,67,55,58,57,59,60,
58,
58,
61,59,58,60,
59,
59,
57,58,59,60,
59,60,
59,
59,
59,
60,
64,62,59,60,
39,59,
59,
61,59,58,60,
59,
39,59,57,
59,57,58,60,
39,41,59,
59,58,60,61,96,63,
59,60,
59,
61,58,59,60,63,
59,
62,59,57,58,60,61,
59,
39,59,
61,64,62,63,65,67,58,59,57,60,
61,
59,58,60,
59,58,60,
59,
60,
60,
62,59,41,57,58,60,
59,60,
60,
59,58,60,
60,
58,60,
62,60,
58,59,60,
67,55,58,60,
60,
57,59,60,
64,65,67,55,58,59,57,60,61,
62,59,57,61,58,60,
60,
56,60,
55,57,58,60,
56,55,58,67,60,
57,58,59,60,
62,59,57,60,61,
67,55,58,56,60,
58,59,60,
59,57,58,60,
56,57,59,60,
60,
58,57,59,60,
60,
59,57,58,60,
55,58,57,59,60,
61,
61,
61,
60,
61,58,59,
61,58,
61,
61,63,58,59,60,
61,
92,61,
92,61,
61,
61,58,60,63,
61,
62,55,58,67,60,61,63,
58,61,
64,62,63,65,66,67,68,55,58,60,61,
61,58,60,63,
96,58,61,59,60,63,
61,
61,
58,
62,
64,62,63,65,66,67,58,61,60,
58,
61,
58,59,61,
61,
61,
62,
62,
41,59,62,57,60,
62,
62,57,
62,59,60,
62,41,
62,
58,60,61,62,
41,59,62,57,60,
62,41,59,60,
63,
62,
64,62,63,65,60,61,
62,
62,58,59,41,57,60,61,
62,
62,
62,
61,62,63,67,58,60,
62,
62,63,67,58,
62,
62,
62,63,67,55,58,60,61,
62,63,67,58,59,57,60,61,
62,
62,
62,
62,
64,63,65,66,67,
64,63,65,66,67,
64,63,65,66,
64,63,65,66,67,68,
64,63,65,66,67,68,
65,66,
63,
63,58,
64,62,63,65,66,
63,
64,63,65,66,67,
63,
63,
63,67,
63,67,
61,58,59,60,63,
64,63,65,66,67,68,
64,63,66,67,
64,62,63,65,66,67,68,58,96,
64,62,63,65,66,67,58,
64,63,65,66,67,68,
63,
58,63,
63,
63,
58,61,
61,
64,63,65,66,67,68,58,
64,65,
63,58,61,59,60,
64,62,63,65,66,61,59,60,
64,63,65,66,67,68,
64,62,65,60,
64,65,
63,
64,63,65,67,
64,62,63,65,66,
61,58,60,63,
64,63,65,66,67,
64,62,65,
64,62,65,59,
59,60,
64,62,63,65,67,58,
64,65,
64,63,65,66,
64,63,65,66,67,68,
62,
64,65,
62,58,67,63,64,65,
64,63,65,66,67,
64,62,65,
64,63,65,66,67,
64,65,
62,60,
62,63,67,55,58,60,61,
64,62,63,65,
64,62,65,60,
64,63,65,66,67,
64,65,
64,62,63,65,66,67,68,58,
64,63,65,66,67,
65,
63,
65,66,67,68,
66,
64,65,
65,66,67,68,
64,63,65,66,
64,63,65,66,67,
64,63,65,66,
64,63,65,
64,62,63,65,66,
64,62,63,65,66,67,68,55,58,
64,62,63,65,66,67,68,58,
64,62,65,
64,63,65,66,67,68,
64,63,65,66,67,68,
62,
62,64,65,
65,66,
64,62,63,65,66,67,68,58,
64,63,65,66,67,68,
64,62,63,65,66,
64,65,
66,
64,62,65,
64,62,63,65,66,
67,63,64,65,66,
64,63,65,66,67,
65,66,
65,66,67,68,69,
67,65,66,68,
66,
68,69,
65,66,67,68,
65,66,
65,66,67,68,
65,66,
68,
98,65,66,67,68,
65,66,
65,66,67,68,
66,68,69,
68,
66,68,
66,
68,
67,65,66,68,
68,69,
66,
67,66,
66,
66,
66,
65,66,67,68,
65,66,67,68,
65,66,67,68,69,
58,67,66,
66,68,
66,
68,
64,63,65,66,67,68,
65,67,
98,65,66,67,68,
66,
58,67,
67,
64,63,65,66,67,68,
67,
63,
66,
62,63,67,58,
98,67,65,66,68,
67,
65,66,67,68,
66,
66,68,
67,
67,
68,
65,
66,
65,66,67,
64,63,65,66,67,68,
66,
65,66,67,68,
67,
68,
68,
68,
68,
68,
68,
68,
68,
68,69,
68,
68,
68,
68,
68,
68,
68,
66,68,
68,
68,
68,
68,70,71,
68,
68,69,
68,
68,
68,
65,66,67,68,
68,
68,
68,69,70,71,
68,69,70,71,72,
69,70,71,72,73,74,
71,
66,68,69,70,71,
69,
69,
69,70,71,
69,70,71,
69,70,71,72,
69,70,71,72,
69,70,71,
66,69,
66,69,
69,70,71,72,
70,71,
69,
71,
68,69,70,71,72,
68,69,
66,68,69,
70,71,69,72,73,74,
69,70,71,72,74,
70,69,71,72,
69,70,71,
69,70,71,72,
69,70,71,72,73,74,
70,69,71,72,
66,68,69,
69,
4,70,45,
70,45,
2,4,7,5,6,70,73,
70,
70,
70,
70,69,71,73,
70,73,
4,5,
4,70,
70,
70,
4,70,
75,5,70,7,8,73,
70,
7,70,73,
68,69,70,71,
4,70,
70,
4,70,73,
4,70,73,
70,
70,69,71,73,
70,69,71,73,
70,73,
70,45,
70,
70,73,
73,
71,72,73,74,
71,72,73,74,75,
73,71,
71,
71,
69,70,71,
71,
74,71,72,73,
70,69,71,
71,
71,
70,71,
71,
69,70,71,72,74,
71,
70,71,
71,
70,71,69,
71,
71,73,
71,
70,71,
71,
70,71,
71,73,
69,70,71,73,
71,
70,68,69,71,
71,
66,68,69,70,71,
74,72,73,
69,70,71,72,73,74,
75,
73,72,74,75,
75,72,73,74,
75,
75,57,74,72,73,
73,54,74,75,72,
75,72,73,74,
97,74,75,73,72,
75,
74,75,72,73,
75,73,74,72,
75,
97,75,95,73,72,74,
75,73,72,74,
73,72,74,
73,74,75,72,
71,72,74,
75,72,73,74,
72,74,
75,72,73,74,
72,74,73,75,54,
73,74,75,72,
73,
75,73,72,74,
73,72,74,75,54,
74,75,72,73,
73,
72,
70,73,69,71,
75,70,73,72,74,
8,73,75,
73,
45,73,
75,74,72,73,
70,73,
73,
73,
73,
73,
74,75,72,73,
73,
75,
70,7,
7,70,73,
70,71,73,
75,
72,73,74,75,
75,72,73,74,
74,
73,
73,
8,
73,
75,72,73,74,
14,73,
70,73,
75,69,70,71,72,73,74,
75,73,72,74,
72,74,
73,74,75,72,
74,
74,
54,74,
73,74,75,72,
75,73,74,
73,
74,
54,74,
75,
74,
54,74,75,72,73,
74,54,57,
75,72,73,74,
73,74,72,
74,72,73,
72,73,74,75,
75,72,73,74,54,
74,
72,73,74,75,
75,72,73,74,54,
75,72,73,74,
74,
73,74,75,72,
74,
74,
75,
75,54,
75,
75,
75,
75,
75,
75,
75,
75,
75,
75,
75,
75,
75,
75,
75,
75,
75,
75,
75,
75,
75,
75,
75,
75,
75,
75,
75,
75,
93,76,
76,
76,
76,
93,95,74,76,
76,
76,
76,93,
76,74,93,
96,93,95,92,
74,76,77,
76,
0,76,98,99,
76,
77,
76,
74,76,52,
0,76,74,77,93,
76,74,
76,77,74,
76,
76,74,
76,49,52,
77,
76,77,74,
76,74,
76,
14,77,
77,
77,
77,
77,
77,
77,
77,
77,
77,
77,
77,
77,
77,
77,
77,
77,
77,
77,
77,
77,
77,
77,
77,
14,77,
77,
77,
77,
77,
77,
78,79,80,81,82,
81,
77,78,79,
79,
78,79,80,81,82,
78,79,
78,79,80,81,82,
77,78,79,
77,78,79,
78,79,
78,79,
81,
78,79,
78,79,80,81,82,
78,79,80,81,82,
79,
79,80,81,82,
79,
77,78,79,
78,79,
80,82,
80,79,81,82,
78,79,80,81,82,
80,
81,
87,80,78,79,81,82,90,84,
78,79,80,81,82,
79,
77,78,79,
78,79,
79,
71,79,80,81,82,
78,79,
79,
77,78,79,
78,79,80,81,82,
78,79,80,81,82,
77,78,79,
79,
78,79,80,81,82,
77,76,78,79,
78,79,
78,79,80,81,82,
77,
79,80,81,82,
78,79,80,81,82,
78,79,
71,79,80,81,82,
78,79,
80,78,79,81,82,
78,79,
77,78,79,
79,
78,79,
78,79,
78,79,80,81,82,
79,
78,79,80,81,82,
82,
79,
78,79,80,81,82,
87,
79,
80,
78,79,80,81,82,
80,90,87,
80,
78,79,80,81,
81,
81,
78,79,80,81,82,
80,
78,79,80,81,82,
78,79,80,81,82,
80,
80,78,79,81,82,
80,82,
78,79,80,81,82,
78,79,
80,78,79,81,
80,78,79,81,82,
80,81,
78,79,80,81,82,
80,
78,79,80,81,82,
80,82,
80,
81,
78,79,80,81,82,
80,
87,81,90,84,
78,79,80,81,82,
87,90,
87,81,90,
78,79,80,81,82,
87,80,81,90,84,83,
85,79,80,81,82,84,87,83,
81,
81,
87,90,81,84,
87,
87,
87,
79,80,81,82,
87,81,84,83,
78,79,80,81,82,
71,78,79,80,81,82,
81,
81,
83,79,80,81,82,84,87,85,
87,90,
80,81,90,84,87,
80,81,
81,
87,90,81,84,
80,78,79,81,82,90,
82,
81,84,87,
87,81,90,84,
81,
82,
82,
82,84,
82,
87,85,83,79,80,81,82,84,
86,
85,83,82,84,
83,86,88,5,85,82,84,
87,83,79,80,81,82,84,85,
85,83,82,
82,
83,82,85,86,
85,21,90,82,84,83,86,88,
6,87,85,83,82,84,86,88,
82,
85,
85,83,82,
85,83,82,86,
82,84,
85,83,82,86,
84,
83,85,82,86,
83,90,85,79,80,81,82,84,87,
83,86,85,82,
90,21,85,82,84,83,86,
82,
83,85,82,84,
85,83,82,86,
88,85,82,83,84,86,
83,
71,83,
85,86,84,83,88,
85,83,82,86,89,
85,83,82,86,
71,83,
83,
83,
89,83,86,88,90,92,87,85,82,84,
83,
87,85,83,80,82,90,84,
83,
83,82,86,89,
71,
85,83,82,86,89,
85,90,83,82,84,86,88,
83,
83,
83,82,84,85,
83,
83,
71,83,
84,86,
83,
83,
83,
71,83,
83,
71,83,
83,
85,82,84,83,86,88,
85,
85,90,83,82,84,86,
84,86,
84,86,
84,86,
85,82,84,83,
84,
84,88,
84,87,83,85,
5,87,81,90,84,86,88,
82,84,
83,86,88,85,84,
84,
85,
5,90,84,86,88,
85,82,84,83,
87,84,86,88,
84,86,88,
83,86,90,5,84,
84,
5,85,82,84,83,86,88,
85,83,82,84,
84,86,88,
85,83,79,80,81,82,84,87,86,88,
87,86,83,84,89,88,90,
84,
87,83,79,80,81,82,90,84,85,
85,21,90,82,83,84,86,88,
84,
6,23,85,
85,
85,
85,
85,
85,
6,85,
85,
85,
85,
85,
85,
85,
85,
85,
85,
85,
85,
85,
85,
85,
85,
85,
6,23,85,
85,
85,
85,
85,
85,
85,
86,
89,80,90,84,87,83,86,88,
83,86,
86,
83,86,88,
86,
87,84,86,88,
86,
84,83,86,88,
83,86,
86,
86,
85,83,84,86,88,
83,86,88,
86,
83,86,
90,
86,88,
86,
83,86,89,
84,86,88,
86,
86,
86,88,
87,90,92,84,86,88,
86,
83,86,88,
86,
86,
84,86,88,
87,
90,87,
87,
87,
87,
87,
87,
87,
87,
87,92,90,
87,
87,
5,87,10,
87,
87,
87,
87,
87,
87,
87,90,89,92,
87,
87,
87,
90,84,87,
87,
87,90,
87,
87,
87,
90,87,
88,
87,90,88,
83,86,88,90,5,6,23,85,21,82,84,
87,
6,23,85,90,84,86,88,
88,
86,88,
88,
90,
86,88,
87,90,92,88,
83,84,86,88,
87,90,92,89,88,
87,90,92,88,
84,86,88,
87,85,90,88,92,
84,86,88,
87,90,92,88,
87,
85,
88,85,
87,88,90,
84,86,88,
87,90,92,88,
84,86,88,
89,83,86,88,90,80,84,87,21,
90,
83,89,84,87,86,88,90,
87,88,90,
83,84,86,88,
83,
83,89,84,86,87,88,90,
89,91,
87,90,84,88,
86,88,
6,87,23,85,90,80,89,88,92,
87,90,89,92,
90,83,87,86,89,88,
89,90,87,
87,89,90,92,
89,83,86,88,90,92,
89,87,
90,
86,88,89,90,92,
89,92,
89,83,86,88,87,85,84,
88,
89,83,86,88,90,92,
88,
87,89,88,
86,
89,83,86,88,90,92,87,
89,88,90,92,
89,
87,21,90,85,89,88,92,
89,90,92,87,
89,90,92,87,
88,
87,85,21,90,80,89,88,92,
89,
78,79,80,81,82,90,84,87,83,85,
90,
90,80,87,85,
90,
90,21,
90,
90,87,
90,
89,88,90,21,80,87,23,85,
20,21,23,90,
90,
90,92,88,89,
90,
90,
90,
90,
20,21,23,24,90,
23,20,21,24,90,
21,90,
21,90,
87,90,
6,23,85,21,90,
23,20,21,90,
87,90,88,92,
90,
90,87,89,
90,
21,90,
93,94,91,92,89,
93,94,95,21,90,87,89,92,91,61,
93,95,92,
94,95,
91,
94,95,
91,92,87,89,90,
91,89,90,92,
91,
95,92,93,
90,
95,
95,
93,95,92,
95,93,
92,
91,92,87,89,90,
97,95,94,96,
89,91,
93,91,94,
95,
92,
90,92,87,89,
92,
92,
92,
92,61,
92,
92,
92,
92,
92,
92,
92,
92,
92,
92,
92,
92,
87,90,92,89,
92,
92,
92,
92,
92,61,
92,
92,
92,
92,
90,92,87,89,
92,
92,95,93,
95,92,93,
93,95,92,61,
93,95,92,
92,95,93,
93,95,92,
95,93,
92,93,95,
92,
96,95,93,
93,
95,92,93,
92,93,95,
93,95,
95,58,96,92,93,
96,58,93,95,92,
92,95,93,
93,95,
76,96,93,74,
96,92,95,93,
95,92,93,
95,93,
96,93,95,92,
93,
95,93,
96,92,95,93,
93,95,92,
96,92,95,93,
96,93,95,92,
93,95,
95,
96,94,95,
97,96,95,94,
95,
95,
94,
96,94,95,97,
97,96,95,94,
96,94,95,97,74,
97,96,95,94,
97,96,95,94,
97,95,94,96,
96,94,95,97,
96,94,95,97,
95,
96,94,95,97,
97,95,94,96,
97,95,94,96,
95,
97,95,94,96,
97,96,74,95,94,
97,95,94,96,
93,94,95,91,92,
95,92,91,93,94,
98,97,75,96,95,94,
96,94,95,97,
0,98,96,93,94,95,97,75,73,74,92,
97,
93,
97,
74,95,
95,
95,97,74,
95,
95,
95,
95,
76,98,75,74,95,
95,
97,74,76,95,
95,
96,94,95,
97,95,96,92,74,93,94,
95,
96,93,94,95,97,92,74,
95,
95,
95,
95,
92,95,
95,
95,
95,74,
95,
95,
96,94,95,97,
95,
97,74,95,
96,94,95,97,
95,
58,96,74,97,
76,96,93,97,74,
96,
97,95,96,93,94,
96,
96,
96,
96,
96,97,
96,
96,97,
98,99,97,96,
96,97,
96,97,93,
96,97,
96,97,
96,
97,95,96,92,93,94,
96,
96,
96,
96,97,
96,
96,
96,
96,
97,96,74,93,
96,97,
96,
96,
97,
97,
97,
97,
97,
97,
97,
97,
97,
97,
97,
97,
97,
97,
97,
97,
97,
97,
97,
97,
97,
97,
97,
97,
97,
97,
97,
97,
97,
97,
98,99,96,97,
98,99,
98,99,
98,99,97,96,
98,
98,99,96,93,97,74,
98,99,97,96,
98,99,
98,12,
98,
98,99,96,97,
98,
98,99,12,
98,99,
98,
98,
98,99,12,
98,
98,
98,99,96,97,
98,99,
98,99,
98,
98,99,12,
98,99,12,
98,
98,99,
98,
98,
98,99,
99,
99,
99,21,
99,
99,
98,99,
96,97,
99,
99,
99,
99,
99,
99,
99,
0,1,98,99,
99,
99,
0,1,98,99,
99,
99,
99,21,
99,
99,
99,
99,
99,
99,21,
99,
99,
99,
