4
26
26
26
26
26
63
8
8
8
8
8
8
8
8
8
8
8
8
8
72
8
8
8
8
8
26
8
8
8
8
72
8
38
38
38
38
38
38
8
8
8
8
8
8
8
38
72
26
72
26
8
8
8
8
8
8
63
26
8
8
8
8
8
8
8
8
63
8
63
72
8
8
26
82
72
26
63
66
8
8
8
8
8
8
8
8
8
26
8
8
8
26
8
26
26
8
8
8
26
26
26
72
26
8
8
8
8
8
26
63
63
38
38
8
8
38
8
38
38
38
38
38
8
38
8
38
38
8
38
38
38
38
8
82
38
38
38
8
38
63
8
8
26
8
38
38
38
38
38
38
38
38
38
38
38
38
38
38
38
38
8
8
8
72
8
8
8
8
8
26
8
26
8
8
8
8
26
63
8
26
8
8
26
8
8
8
8
66
38
8
8
8
66
8
8
8
8
63
8
8
8
8
63
72
8
26
72
72
8
8
8
8
8
8
8
38
38
38
8
8
8
8
72
8
63
72
63
72
63
26
26
26
8
8
72
26
8
8
26
26
8
8
8
26
26
8
8
8
26
8
8
66
8
38
38
82
8
8
72
8
26
26
8
8
8
8
8
8
8
26
8
82
8
26
8
8
38
38
8
8
82
72
72
8
8
26
8
38
8
8
8
26
82
72
8
26
8
26
72
38
38
8
82
8
72
72
8
38
26
8
26
38
38
38
72
8
38
38
38
8
8
8
72
8
82
63
26
8
63
4
8
66
8
8
26
38
38
38
38
8
72
8
38
38
63
26
63
53
72
72
8
8
8
8
8
26
8
8
8
8
8
8
26
8
8
8
8
63
8
8
8
8
26
8
8
63
26
38
38
82
8
26
8
63
8
8
26
38
38
8
8
8
26
8
8
26
38
72
26
38
8
26
63
38
38
38
38
8
8
8
26
26
8
8
8
8
8
8
8
8
82
8
26
8
8
8
8
8
8
8
8
26
8
8
26
8
38
8
8
26
8
8
8
8
8
8
26
8
72
8
26
82
82
82
26
8
8
8
52
8
8
38
38
38
38
8
8
8
26
8
26
8
72
72
8
72
8
8
26
38
8
26
38
8
8
8
72
38
38
8
8
38
82
38
8
38
38
38
38
