0
0
1
0
1
0
0
11
11
11
1
1
1
3
3
3
3
4
3
3
3
3
3
3
1
1
1
1
1
11
11
6
11
10
10
10
10
10
8
9
9
9
9
1
9
9
10
6
10
10
10
6
6
6
1
6
6
6
6
6
6
6
6
6
6
1
1
6
6
6
6
6
6
6
12
10
10
4
10
4
6
11
6
6
11
3
11
11
11
11
11
11
1
1
1
1
1
6
1
12
12
12
12
12
6
1
11
6
6
6
4
4
8
8
9
9
8
11
8
8
8
8
8
11
8
11
8
8
8
8
8
8
8
11
6
8
8
8
11
8
11
6
11
11
11
8
8
8
8
8
8
8
8
8
8
8
8
8
8
8
8
4
4
4
4
6
4
4
4
4
6
4
1
4
1
6
6
6
6
1
1
1
1
1
1
11
1
5
1
8
11
3
3
3
3
11
11
11
11
11
11
11
0
0
12
1
11
1
1
6
11
7
7
7
7
7
8
8
8
9
9
9
9
6
11
6
2
6
11
0
0
0
6
6
6
6
6
11
11
1
1
6
11
1
1
1
1
4
12
1
11
11
4
11
8
8
12
1
6
6
1
1
1
6
12
6
11
12
6
12
12
6
6
6
1
6
6
8
8
11
11
12
12
12
1
11
1
1
8
1
1
1
12
12
12
1
11
4
1
12
6
6
12
12
12
12
12
11
10
10
10
10
10
10
8
12
11
8
8
8
5
5
9
11
1
12
0
0
0
0
0
11
11
11
11
6
10
10
10
10
11
11
11
8
8
0
0
0
0
12
12
11
11
6
11
11
11
11
11
11
11
1
11
1
6
11
11
12
0
4
4
12
2
8
6
11
12
12
10
10
12
11
1
3
6
6
6
10
10
10
1
4
11
1
3
12
10
8
1
0
0
11
0
0
0
8
8
8
11
1
1
1
10
1
5
0
4
4
4
4
12
12
11
1
1
1
1
11
1
1
1
11
10
11
11
1
11
8
11
11
11
11
11
11
7
11
11
11
11
3
0
0
12
12
12
1
11
11
4
4
11
6
8
8
8
8
11
11
11
10
6
0
1
4
1
6
12
11
1
1
8
10
11
8
11
6
4
2
8
8
4
5
8
12
8
6
8
8
8
8
