8
8
63
8
8
8
72
8
8
8
8
8
8
8
8
8
8
8
8
8
80
8
8
8
8
8
8
8
8
8
8
63
8
135
38
119
38
119
38
8
8
8
8
8
8
8
135
8
8
8
8
63
8
8
8
8
8
8
63
8
8
8
8
8
8
8
8
63
8
63
8
8
8
8
63
80
8
80
8
8
8
8
8
8
8
8
8
8
8
8
8
8
8
8
8
8
8
8
8
8
8
8
80
8
8
8
8
8
8
8
63
63
38
38
9
8
38
8
38
38
38
38
38
8
38
8
38
38
8
38
38
38
38
8
63
38
38
38
8
38
8
8
8
8
8
38
38
38
38
38
38
38
38
38
38
38
38
38
38
38
38
8
8
8
63
8
8
8
8
8
8
8
8
8
8
8
8
8
63
8
8
8
8
8
8
8
8
8
8
38
8
8
8
8
8
8
8
8
72
8
8
8
8
63
63
8
8
63
63
8
8
8
8
63
8
8
38
38
38
8
8
8
8
63
8
72
63
63
63
72
8
8
8
8
8
8
8
8
8
8
8
8
8
8
8
8
8
8
8
8
8
8
80
8
38
38
80
8
8
63
8
8
8
8
8
8
8
8
8
8
63
8
80
8
8
8
8
38
38
8
8
63
63
63
8
8
8
8
38
8
8
8
8
63
63
8
8
8
8
63
38
38
8
72
8
63
63
8
135
8
8
8
38
38
38
63
8
38
38
38
8
9
8
63
8
72
8
4
8
8
8
8
8
8
8
8
38
38
119
38
8
8
8
38
38
53
8
63
63
63
63
8
8
8
8
8
8
8
8
8
8
8
8
8
8
8
8
8
8
63
8
8
8
8
8
8
63
63
38
38
80
8
8
8
8
8
8
8
38
38
8
8
8
8
8
8
8
38
63
8
38
8
8
8
38
38
38
38
8
8
8
8
8
8
8
8
8
8
8
8
8
8
8
8
8
8
8
8
8
8
8
9
8
8
8
66
8
38
8
8
8
8
8
8
8
8
8
8
8
63
8
8
63
80
63
8
8
8
8
80
8
8
38
38
38
38
8
8
8
8
8
63
8
72
8
8
63
8
8
8
38
8
8
38
8
8
8
63
38
38
8
8
38
63
38
8
38
38
38
38
