30
42
18
25
2
42
42
18
2
22
14
22
14
14
25
14
14
1
5
5
12
15
0
15
1
12
12
12
42
14
18
5
12
4
18
12
40
42
22
42
22
36
50
12
18
52
12
22
29
12
57
4
30
24
57
57
30
57
57
30
43
29
5
58
59
34
34
34
43
57
22
22
43
5
12
52
25
63
5
25
32
7
7
30
33
14
33
7
7
7
23
23
27
9
7
8
40
19
27
10
25
11
11
11
11
9
39
11
11
53
33
30
27
27
14
31
31
9
11
33
51
25
14
11
38
7
3
28
14
7
53
25
19
10
43
11
19
53
19
19
7
12
31
7
12
32
4
4
11
14
20
14
12
50
28
3
14
14
8
12
14
17
14
14
32
8
14
11
8
14
14
20
3
24
22
22
47
14
24
22
11
11
6
5
11
5
11
12
5
11
32
3
49
22
49
13
32
8
3
28
14
5
22
14
14
14
14
14
14
22
14
5
14
12
14
14
14
22
14
14
47
36
50
24
36
22
22
12
52
25
22
22
15
12
24
36
22
4
14
11
29
4
4
30
18
42
22
22
18
22
66
25
66
65
64
25
25
65
65
65
14
7
23
7
7
14
13
4
14
4
16
34
34
34
34
10
10
10
11
36
16
16
16
10
16
22
16
10
17
36
40
6
38
33
57
66
56
40
56
38
66
66
56
34
34
34
34
66
66
34
63
57
63
6
29
29
64
25
25
64
11
11
38
11
11
53
11
11
53
11
65
65
65
33
65
65
40
66
65
65
53
38
53
38
53
53
53
38
51
53
45
28
51
51
13
29
38
11
51
51
22
22
22
36
30
22
4
50
50
19
38
38
13
38
13
38
42
38
42
38
8
32
45
8
13
28
14
11
13
11
66
65
65
65
65
65
65
65
65
65
25
25
25
25
64
25
25
64
64
25
66
53
53
53
53
65
65
53
65
34
64
64
64
25
39
64
25
25
25
25
66
25
25
64
25
33
66
65
39
66
51
47
32
51
47
45
54
32
19
52
51
24
59
29
29
29
51
51
53
51
33
36
45
45
33
54
33
33
39
36
19
19
19
49
61
19
19
4
36
28
45
31
13
33
37
53
51
53
53
51
36
16
16
16
16
36
19
16
19
36
28
43
50
43
50
27
49
16
50
25
12
37
35
51
51
35
29
38
51
48
34
24
45
24
34
4
34
34
42
42
45
14
14
14
13
35
35
35
48
51
19
47
4
50
4
4
34
47
47
61
30
19
47
19
61
47
61
47
19
19
56
40
13
56
40
56
56
56
39
66
25
40
25
56
56
63
41
56
56
64
58
30
30
42
30
30
57
42
57
64
29
4
56
63
24
63
4
4
30
3
30
30
57
57
30
64
64
62
58
30
53
65
42
66
53
33
53
53
40
64
25
25
64
25
64
25
64
25
25
25
65
65
66
65
65
25
65
25
66
66
25
25
39
25
25
64
64
64
64
25
64
64
64
65
65
65
42
65
65
65
65
42
64
65
65
64
66
65
64
64
