0
0
0
3
0
4
0
0
1
0
1
0
0
0
12
4
0
1
3
0
0
0
0
12
12
0
0
0
12
4
0
0
0
0
4
0
1
37
0
0
1
1
0
1
0
0
12
1
0
0
0
0
0
1
0
0
4
1
26
12
0
1
0
12
0
0
1
0
0
1
1
0
1
0
0
0
1
1
0
0
0
0
0
12
0
12
4
0
1
0
0
12
12
1
0
0
0
0
0
1
1
15
0
0
0
3
0
0
1
1
0
0
0
1
1
0
1
0
1
0
1
1
0
0
8
12
0
0
12
0
0
0
0
0
12
26
37
1
0
0
0
0
0
0
0
4
1
0
1
0
0
0
4
0
22
21
6
11
0
0
0
1
0
0
1
0
0
12
0
12
0
3
4
0
0
0
0
0
1
32
0
0
37
0
0
0
1
0
0
0
0
1
1
3
1
0
26
1
1
1
4
0
0
0
0
0
19
0
1
1
0
0
1
0
4
0
0
0
1
0
3
0
0
0
1
0
0
0
0
0
1
1
0
4
0
4
1
1
1
0
0
3
0
37
0
0
0
0
12
0
22
0
0
3
0
0
0
12
1
0
4
0
1
0
0
26
0
37
12
0
0
0
0
12
0
12
12
0
22
0
1
3
0
0
0
12
0
1
12
1
1
1
3
0
0
37
0
1
0
12
0
0
12
12
0
0
1
0
19
26
11
0
12
0
19
0
0
0
0
4
1
1
15
0
26
8
12
0
1
26
0
18
0
12
0
0
0
4
0
0
0
1
12
0
0
0
1
37
12
1
0
1
0
4
0
12
1
12
0
0
12
26
0
0
0
1
1
0
1
12
12
0
3
0
13
1
12
1
0
0
12
0
12
0
1
0
0
0
0
1
1
12
0
0
0
0
1
0
0
0
0
0
12
0
4
0
0
0
1
1
0
0
1
1
1
26
0
0
0
0
0
0
0
12
0
0
12
0
0
0
0
4
0
26
0
12
4
6
12
0
0
1
0
0
12
1
12
1
0
3
1
0
1
1
0
0
0
0
4
4
0
0
1
6
0
4
0
0
8
0
0
0
4
12
1
0
0
0
12
0
12
22
12
0
1
0
3
4
37
0
3
1
0
8
0
12
1
0
0
26
0
0
0
1
0
3
32
12
12
4
12
0
0
1
4
0
0
0
0
0
0
0
0
0
0
0
0
0
0
0
0
9
0
8
4
0
15
0
0
1
26
4
0
0
12
12
12
0
0
1
4
0
1
0
12
0
6
0
0
0
1
0
0
0
12
0
0
1
1
0
0
0
1
0
0
0
0
0
0
12
0
0
1
1
1
12
0
1
0
0
0
0
0
0
0
12
11
26
15
12
0
26
1
0
1
4
12
0
0
4
0
0
0
1
0
0
1
0
0
0
12
0
1
4
0
12
0
0
0
0
0
4
0
1
1
12
1
0
12
1
0
0
6
12
0
0
0
0
0
0
0
1
0
1
12
12
1
0
1
1
4
0
12
1
4
0
12
12
12
1
0
0
0
0
3
0
0
1
0
0
1
1
0
0
0
1
0
4
26
0
0
0
0
0
1
1
0
0
0
12
0
0
0
0
1
0
37
1
0
0
22
0
12
0
0
0
1
12
0
1
1
12
0
0
0
0
4
1
0
1
4
0
0
1
0
0
12
1
1
1
12
0
0
0
4
0
0
4
0
1
4
1
3
1
22
0
0
0
0
12
32
6
0
12
1
0
0
32
1
22
12
0
0
0
0
0
37
0
12
0
0
1
0
11
4
12
0
0
0
0
0
1
0
3
1
0
26
3
0
26
0
0
0
1
0
37
0
12
0
1
0
0
0
12
0
12
3
14
1
0
0
12
0
1
0
1
0
1
0
0
0
1
4
0
1
0
1
0
1
4
3
12
0
0
12
0
4
0
0
0
1
0
0
15
0
12
1
0
0
0
12
12
26
0
12
0
0
0
0
0
0
1
1
12
0
0
1
0
0
1
4
0
12
1
15
0
37
1
0
0
1
0
0
37
0
0
12
26
0
0
0
0
0
0
4
0
0
0
4
0
40
12
1
4
0
12
0
1
0
6
12
0
12
4
0
0
0
4
19
0
1
1
0
32
0
1
0
12
0
12
0
0
0
0
4
0
12
0
0
1
0
12
0
4
0
0
12
4
1
0
0
12
0
1
1
8
0
0
0
12
22
0
0
12
1
4
1
0
0
1
0
12
12
12
0
0
3
0
1
0
0
0
0
6
12
1
1
26
0
0
