320
933
524
455
192
524
236
249
192
107
192
0
714
236
377
925
377
398
763
192
53
17
714
192
455
53
236
53
53
398
524
53
521
398
45
192
192
192
53
244
555
192
53
714
714
192
144
53
662
53
685
236
714
1
47
377
460
244
925
17
192
892
53
842
192
995
192
377
714
192
192
714
192
244
714
53
312
192
53
53
192
192
377
685
53
842
892
53
276
53
0
593
897
933
53
23
217
208
0
192
714
925
845
44
845
685
0
192
192
192
714
0
516
192
192
53
694
53
192
347
192
53
53
0
516
149
53
192
842
192
714
53
192
0
236
867
208
44
53
192
0
53
192
0
0
192
192
685
193
276
404
192
208
53
398
53
869
377
192
44
685
714
632
714
192
53
192
47
192
685
685
802
192
192
714
53
192
714
192
192
53
526
516
192
690
192
53
192
714
64
17
192
53
192
192
0
116
158
192
192
244
192
404
845
53
714
685
398
192
513
714
802
53
244
775
236
217
53
845
377
802
377
714
236
192
714
236
234
192
0
53
192
714
208
714
244
192
53
1
714
404
404
714
526
892
714
802
0
47
192
184
228
192
348
53
741
188
192
192
217
398
434
192
0
714
1
192
555
195
94
208
377
192
244
192
53
513
192
348
892
192
53
892
53
764
675
685
192
45
192
192
348
244
377
553
516
714
714
53
513
656
53
44
227
53
53
192
892
252
925
44
685
842
446
208
145
892
714
192
690
127
714
158
0
925
802
192
845
192
925
53
543
192
192
685
192
53
714
53
925
685
192
455
53
404
714
192
98
53
845
377
192
714
714
925
377
714
53
53
714
348
101
192
714
398
192
192
845
568
53
133
0
53
516
312
276
9
192
395
192
685
802
47
714
192
53
53
714
404
192
555
513
845
0
192
404
192
0
714
192
53
192
112
623
398
377
192
802
714
29
53
53
192
192
925
158
236
192
690
236
377
714
0
714
192
192
217
685
53
53
930
53
802
93
53
519
802
845
69
714
192
892
53
53
36
609
122
192
44
925
192
725
192
192
714
714
192
53
714
348
192
53
192
714
714
398
53
714
339
236
925
714
892
236
555
192
53
398
45
685
256
802
192
192
192
53
467
892
96
377
685
192
53
122
714
195
1
192
714
925
53
192
192
192
192
195
47
9
236
455
555
53
0
513
404
714
925
714
236
991
339
192
685
192
53
405
513
930
845
53
656
244
192
293
53
656
276
44
53
208
20
53
0
53
10
64
555
0
53
53
892
53
192
192
9
0
845
53
192
53
192
685
192
192
348
842
714
578
192
234
192
513
192
53
192
532
158
714
53
516
192
192
192
714
192
775
53
192
217
513
53
404
714
714
377
192
377
32
555
516
53
377
477
236
30
53
398
714
192
192
348
53
53
434
845
53
632
513
53
192
244
192
244
892
53
417
192
234
716
53
192
377
244
192
192
244
192
192
404
208
53
165
685
455
714
53
53
714
0
714
53
531
675
714
656
53
192
192
192
714
312
53
675
714
810
377
377
405
685
244
714
714
404
53
802
236
236
192
764
845
192
47
158
192
513
192
980
192
377
714
192
377
53
845
192
192
192
44
0
929
192
236
892
53
192
398
69
192
271
327
842
714
529
404
714
192
192
236
244
192
802
10
192
244
377
517
192
714
377
192
685
802
714
53
192
0
404
672
714
192
1
348
524
714
53
869
53
244
842
1
135
192
244
301
17
660
53
53
660
144
714
802
0
555
192
802
656
192
493
398
9
192
842
192
714
660
195
53
6
714
149
192
53
158
192
236
925
192
842
656
685
192
53
3
192
53
925
513
0
377
53
714
236
53
53
13
192
244
845
529
802
192
53
9
217
192
713
513
208
521
53
301
714
192
53
192
0
1
53
930
192
180
53
53
555
53
276
249
53
301
802
45
53
64
842
0
513
398
490
53
714
53
53
555
53
714
192
714
0
656
53
555
111
685
869
845
714
0
192
271
192
192
192
348
193
53
192
714
685
192
557
53
455
192
4
714
192
192
236
192
192
192
690
398
192
53
845
925
192
53
192
377
377
714
528
377
53
192
892
192
276
513
192
192
13
829
192
513
0
446
53
53
555
690
802
367
0
192
513
192
192
192
53
395
845
53
714
47
53
460
53
623
53
656
339
53
47
192
17
244
125
685
714
208
845
244
53
195
192
714
53
78
53
517
555
802
935
192
0
685
112
404
53
714
192
192
192
40
714
714
980
301
192
455
53
192
685
685
53
513
0
192
271
802
78
714
1
35
377
0
