0
0
0
3
0
0
6
0
1
0
1
0
0
0
12
4
0
164
4
0
0
0
0
12
12
0
0
0
375
164
0
0
0
0
9
0
196
4
0
0
1
1
0
328
0
0
12
1
0
0
0
0
0
1
0
0
4
1
166
12
328
1
0
0
0
0
1
0
0
1
1
0
164
0
0
328
1
0
0
0
0
0
0
12
0
12
9
1
1
1
0
12
12
1
0
0
0
150
0
1
1
56
6
0
0
524
0
0
1
1
0
0
0
4
519
0
1
0
1
0
0
1
0
0
666
12
0
0
12
0
0
0
0
0
12
150
347
13
0
0
0
0
0
0
0
0
210
0
1
0
4
0
4
0
164
533
328
118
0
0
4
82
0
0
1
0
0
40
0
12
0
514
9
0
0
1
0
0
1
518
0
0
37
0
0
0
1
0
0
0
0
1
1
595
1
0
232
752
1
1
4
0
0
0
1
0
118
0
1
1
0
0
1
6
4
0
0
0
363
0
3
150
0
0
1
0
0
0
0
0
375
1
0
164
0
3
1
1
1
0
0
12
0
19
0
0
0
0
12
0
22
0
0
0
0
0
0
12
1
0
0
12
1
0
0
354
0
266
0
0
215
0
0
12
0
12
12
0
150
0
515
0
0
0
78
12
0
1
12
1
518
232
0
0
0
704
0
1
0
12
0
0
123
12
0
0
1
0
37
232
118
0
12
76
540
0
0
0
0
4
1
1
595
0
964
666
12
0
4
27
0
37
0
12
0
0
0
4
4
124
0
1
12
1
0
0
1
124
12
1
0
1
0
4
0
12
1
12
0
270
12
266
0
0
0
0
1
315
1
118
4
0
1
0
666
1
12
1
0
0
12
524
12
0
579
0
0
0
0
1
1
4
0
0
1
0
1
0
0
1
0
0
12
547
0
0
0
0
270
1
0
270
1
0
72
118
0
0
0
0
0
0
0
0
0
0
12
0
0
0
0
4
328
165
0
12
6
518
12
1
0
1
0
0
12
1
12
1
0
210
1
0
0
448
0
0
0
0
8
4
547
0
1
518
0
4
1
0
266
0
0
0
4
12
595
0
0
0
12
0
12
518
12
0
1
0
118
4
37
0
3
1
0
124
0
12
1
0
1
206
0
1
0
1
0
12
518
12
12
4
12
0
0
1
0
0
0
0
328
0
0
0
0
0
0
0
0
39
0
0
0
412
0
8
0
0
276
0
0
0
82
1
0
1
12
12
529
0
0
1
4
0
0
0
12
0
48
0
0
0
328
0
1
0
12
0
0
1
1
0
0
0
1
0
4
0
0
0
0
12
1
0
1
1
1
166
0
1
0
0
0
0
0
0
0
1
242
55
76
166
0
97
1
0
13
0
281
1
0
4
0
0
0
1
375
0
1
0
0
0
12
0
1
0
0
12
0
0
210
0
0
0
0
1
1
12
0
0
12
1
0
0
375
12
0
0
0
0
0
0
0
1
0
1
4
12
1
0
328
1
4
0
12
1
0
0
0
12
0
1
0
0
4
0
3
0
0
97
0
166
1
1
0
0
0
1
0
0
124
0
0
0
0
328
1
1
1
0
0
12
0
0
0
0
590
0
7
1
0
1
224
0
12
0
0
0
547
12
0
150
328
12
0
0
0
38
0
1
0
166
4
0
0
78
0
0
12
1
1
0
12
0
0
0
0
0
1
4
0
1
4
1
3
1
113
0
1
0
0
12
118
150
0
1
1
118
0
521
1
261
12
1
0
0
0
0
37
0
166
0
12
547
0
118
0
12
363
0
0
0
0
0
1
4
1
328
150
1
0
166
1
0
0
1
0
27
0
12
0
1
6
0
0
12
0
118
0
39
1
0
0
12
0
97
0
588
0
1
0
0
0
164
4
0
1
0
1
0
1
1
21
12
0
0
12
0
4
0
0
0
0
0
0
523
0
0
1
0
0
0
12
118
707
0
328
0
0
0
0
0
4
1
118
12
0
328
150
0
0
1
4
12
12
1
579
0
247
1
0
1
166
0
0
13
0
0
12
364
0
0
0
0
0
0
4
0
0
1
4
0
375
12
1
4
0
12
0
1
0
752
12
0
0
0
0
0
0
4
643
0
1
1
0
22
0
124
0
0
0
0
0
0
0
0
4
0
12
0
0
0
0
12
0
4
0
0
12
0
1
0
0
12
0
517
275
639
0
0
0
12
595
0
0
12
1
4
1
0
0
1
0
12
1
12
1
0
3
0
1
0
0
0
0
6
12
1
1
5
0
0
