92
141
141
147
92
141
141
130
141
0
141
155
160
141
141
88
92
55
131
141
155
92
141
49
118
49
141
55
141
147
73
189
19
141
126
55
49
92
141
73
92
139
184
184
139
170
184
184
92
139
92
139
184
139
112
178
100
139
139
184
168
140
31
49
141
140
168
178
139
141
168
140
178
139
139
168
178
141
49
140
141
130
129
56
4
81
54
50
52
56
141
4
130
147
141
130
188
141
28
141
52
5
26
73
52
52
52
52
33
33
52
141
52
107
178
5
178
52
52
104
85
22
178
154
6
178
59
52
5
6
6
55
71
154
154
154
4
94
178
52
141
179
174
154
174
77
154
167
77
6
119
136
43
85
174
77
85
179
141
77
43
120
5
178
120
52
128
4
6
116
141
4
120
122
4
5
6
11
6
184
9
131
9
9
178
9
33
85
0
9
9
9
9
142
9
9
9
10
154
120
135
10
10
10
62
31
134
10
135
162
10
54
54
85
31
162
162
134
54
115
116
154
43
43
85
85
6
188
9
9
97
5
43
33
110
85
43
43
43
77
140
160
57
140
122
12
140
140
12
160
128
3
63
140
176
152
14
140
192
152
13
142
13
106
13
170
13
13
116
13
13
20
0
0
0
106
13
60
13
60
14
92
92
14
122
14
92
55
14
14
92
92
103
14
14
14
14
55
92
14
160
154
85
155
154
152
4
100
154
140
154
10
140
152
4
85
141
150
141
4
92
43
139
55
82
119
43
155
64
92
112
184
154
92
189
141
141
140
112
112
63
153
6
140
43
153
131
178
178
14
6
112
140
63
140
6
6
94
116
116
33
116
53
147
141
116
43
116
116
110
94
75
147
73
33
47
141
33
0
169
151
170
19
169
0
0
0
0
0
0
0
13
0
0
0
0
0
0
96
85
85
20
96
9
85
20
116
96
96
160
20
96
88
54
96
96
96
0
0
0
5
9
0
0
169
153
0
0
169
9
122
0
0
0
0
19
0
0
43
58
19
189
189
73
189
147
52
52
141
73
30
82
189
73
189
19
82
189
153
55
189
189
158
83
165
6
165
52
10
158
100
82
135
76
19
176
160
104
141
148
104
148
25
104
95
104
104
104
104
104
12
104
122
4
122
146
106
141
141
147
106
106
106
2
148
184
141
141
141
147
147
181
141
147
141
20
56
104
52
20
4
53
122
160
20
43
122
5
122
128
53
122
104
160
122
14
122
14
122
14
160
189
14
14
14
14
33
14
9
14
122
14
154
9
178
178
59
155
104
155
155
43
52
22
154
43
104
154
104
155
155
178
178
154
77
164
0
19
77
77
85
0
120
192
41
0
0
99
31
85
122
0
164
169
130
32
32
141
170
3
170
75
3
141
7
7
6
7
111
141
141
141
141
75
9
9
77
128
9
140
154
52
9
31
154
9
25
128
0
128
5
55
135
85
141
4
4
96
169
106
29
4
46
199
119
4
0
76
141
169
173
169
4
4
85
55
143
5
35
157
85
157
182
154
82
189
141
147
157
5
154
43
154
189
74
14
122
160
184
14
177
147
147
14
14
55
160
107
147
14
122
160
92
22
128
154
147
116
147
116
59
116
59
52
116
141
110
147
116
116
147
147
6
40
146
146
141
157
184
157
184
47
184
184
32
141
141
141
141
184
170
184
170
141
52
52
52
155
136
6
52
5
178
43
5
178
52
33
52
43
178
104
170
92
113
184
122
76
91
118
61
170
172
92
7
122
160
170
92
92
170
170
154
163
170
33
33
33
160
13
14
137
0
153
11
77
0
13
33
184
77
33
14
9
14
14
14
14
14
43
154
154
14
14
43
128
160
122
122
14
140
154
110
14
58
14
14
14
14
184
110
58
50
0
110
14
50
14
14
55
110
122
92
141
9
122
160
14
122
154
154
155
140
14
122
154
154
25
179
19
179
179
19
147
179
179
179
147
179
147
52
5
19
179
19
19
147
25
85
141
49
58
85
155
25
33
33
39
141
41
188
33
33
0
39
39
39
141
126
147
141
141
52
179
141
126
73
141
92
179
155
141
179
141
118
147
0
13
0
0
0
13
0
0
0
19
85
0
179
0
54
9
13
116
0
0
147
6
165
14
160
4
122
184
165
122
141
141
184
154
165
165
154
84
34
154
92
14
6
178
6
122
160
14
17
174
6
68
174
8
128
8
6
122
122
79
160
19
122
160
56
160
92
141
52
160
160
122
141
55
122
122
141
160
141
122
170
11
155
85
141
154
7
9
179
159
55
43
55
184
141
141
154
0
55
14
47
167
52
56
6
82
149
155
141
141
178
4
52
178
138
130
106
4
119
146
90
155
155
90
116
131
155
90
118
154
43
131
43
43
5
131
43
74
43
43
136
172
53
53
136
136
130
136
141
136
53
131
120
119
136
92
178
92
178
53
122
92
92
162
92
165
162
158
85
6
64
159
25
122
122
178
158
178
122
6
146
92
167
88
160
160
2
160
184
167
113
182
178
184
182
167
92
184
36
85
0
85
85
0
9
85
85
9
85
9
9
141
0
6
85
0
85
0
9
135
4
130
76
102
76
4
170
4
77
130
141
170
38
38
178
90
178
135
155
6
44
181
43
43
43
130
154
6
43
181
41
85
148
85
6
181
181
159
154
1
155
188
116
76
116
149
147
0
147
19
59
4
19
56
47
178
178
94
178
189
55
6
170
184
46
7
38
0
136
60
0
55
189
32
60
0
0
46
46
73
14
154
64
92
92
10
122
134
52
14
92
14
82
43
160
55
160
108
136
160
138
140
140
140
5
140
140
140
122
39
122
14
140
63
140
152
176
140
92
184
130
52
176
184
140
5
140
152
122
92
92
52
92
184
140
140
52
119
33
33
33
52
33
33
75
75
75
33
193
52
158
33
189
189
126
33
126
131
10
58
85
0
160
170
130
0
136
148
0
130
139
0
0
53
130
136
0
167
55
154
92
184
170
167
92
85
167
85
113
25
167
106
91
92
85
92
93
160
0
160
6
68
56
56
178
115
0
4
184
0
0
67
188
0
55
143
160
4
160
4
160
6
128
128
4
122
18
188
143
59
167
5
4
4
152
80
0
56
88
117
155
128
56
140
120
43
120
104
116
130
120
0
139
88
30
141
0
196
92
55
0
199
0
0
136
92
136
122
0
139
141
139
76
55
136
76
92
141
141
55
49
92
113
92
168
141
170
52
141
111
75
168
170
154
170
59
184
6
43
122
52
14
188
14
35
41
43
5
59
9
9
55
140
85
116
6
9
9
141
141
141
9
154
85
79
141
85
52
85
39
81
36
197
112
155
96
25
30
154
49
85
85
0
39
96
54
39
155
155
140
75
138
140
140
96
140
160
19
52
145
40
64
46
140
46
64
64
0
151
0
0
55
0
0
0
0
0
179
88
0
0
0
0
0
0
0
0
170
0
170
146
173
6
91
6
99
50
91
170
99
91
85
74
160
122
159
141
184
57
14
168
52
143
57
168
168
19
150
141
75
22
116
118
168
150
141
52
174
154
147
33
128
7
147
141
147
174
147
160
122
82
154
160
33
122
170
141
146
170
141
147
141
147
85
170
187
76
141
76
143
141
76
135
92
95
149
92
26
184
55
116
160
92
92
88
14
122
149
155
92
92
170
160
9
147
140
182
52
193
0
116
140
92
193
83
141
92
52
6
52
147
52
92
85
4
140
4
4
85
154
140
4
140
4
140
4
141
140
4
4
140
4
4
92
84
174
84
20
92
187
141
160
141
57
1
92
13
122
84
92
92
13
116
154
160
140
9
178
10
9
10
141
178
160
139
9
92
0
120
9
140
122
9
122
86
14
141
122
14
86
86
76
122
141
56
141
147
77
122
122
86
141
43
141
0
122
160
14
0
141
92
160
0
56
122
76
184
19
141
160
160
14
141
92
167
106
69
24
184
30
155
0
30
184
0
30
24
162
155
157
92
184
146
55
19
52
12
19
52
5
5
55
25
146
59
59
184
57
59
52
5
100
52
69
115
52
173
122
141
115
52
10
10
173
85
173
170
115
170
9
52
85
179
20
104
6
106
179
38
174
179
77
179
141
112
19
77
46
178
174
55
2
92
1
147
112
141
178
84
146
92
147
2
154
181
2
84
2
2
146
84
160
85
14
14
128
85
85
141
57
168
30
118
128
73
141
141
89
116
139
116
118
77
52
30
111
89
170
14
55
31
13
56
118
141
150
88
184
141
184
15
160
52
14
55
55
12
63
6
92
14
6
153
32
153
6
9
6
6
178
178
9
39
152
6
169
0
116
141
0
141
141
99
0
122
0
154
141
92
0
181
141
160
141
158
147
141
85
122
85
140
9
9
109
141
2
76
77
92
85
155
160
140
140
141
140
21
140
110
140
136
63
63
160
157
140
92
140
140
140
99
140
160
4
118
0
10
160
52
118
0
160
118
128
150
160
85
0
160
0
160
118
30
108
178
96
140
33
96
178
106
85
14
4
122
154
85
14
122
122
122
141
9
154
14
141
4
160
4
122
14
92
92
154
0
160
19
92
184
92
0
154
32
154
154
32
160
92
32
184
147
136
85
68
0
122
85
122
154
85
154
154
122
160
85
144
144
154
20
14
160
173
52
33
60
136
7
136
188
46
41
184
170
169
128
167
199
13
0
0
55
122
33
140
52
90
140
0
122
33
153
189
147
92
181
2
181
33
33
43
107
107
147
2
181
150
189
181
43
92
31
140
141
140
140
178
178
173
140
122
17
140
178
52
3
31
122
178
4
140
158
136
5
92
5
54
52
178
43
92
6
82
6
154
52
158
106
13
106
0
131
124
136
96
91
167
131
43
13
96
10
131
124
82
38
91
141
168
118
73
47
146
33
158
199
118
52
141
33
147
33
146
141
115
169
9
85
10
192
85
13
48
88
9
115
92
0
20
20
9
92
19
115
92
155
162
162
155
92
162
178
162
92
170
178
83
154
25
155
184
102
92
4
0
147
43
0
189
52
147
128
147
56
147
160
8
106
0
128
13
73
4
33
19
33
85
154
14
167
155
52
85
4
85
116
112
112
112
4
116
122
106
22
122
122
106
14
94
106
122
100
4
10
59
13
0
85
52
0
141
32
155
188
155
179
13
0
13
126
39
19
19
35
128
128
147
100
85
77
113
122
155
168
178
128
168
14
122
128
154
154
122
142
74
118
118
141
168
29
46
31
141
6
170
141
29
168
118
52
6
118
154
9
14
120
139
139
14
14
139
9
0
139
122
14
139
92
9
9
0
147
14
92
160
92
122
167
14
122
92
122
2
92
122
14
14
55
14
14
14
14
14
14
92
14
14
122
122
92
183
118
140
14
14
77
126
126
77
199
141
141
116
77
4
31
155
56
77
77
77
126
77
77
77
140
139
140
1
92
140
41
178
139
140
19
152
1
108
140
108
15
1
141
56
184
106
122
55
122
160
56
131
106
0
14
56
130
160
160
106
40
167
15
147
36
179
147
147
194
47
15
71
74
147
170
141
147
136
169
5
107
104
43
170
92
4
5
130
5
199
84
92
199
188
5
147
5
43
192
104
40
140
92
92
150
92
14
92
14
55
92
122
14
14
122
14
14
48
4
141
148
92
141
141
179
92
43
141
106
43
155
141
21
170
111
55
146
135
52
178
179
10
52
173
52
134
92
110
52
10
178
168
141
173
168
135
141
88
144
88
0
96
96
96
96
96
96
139
122
96
0
96
14
43
31
38
21
43
21
43
138
78
20
19
188
21
141
43
119
20
43
20
20
88
150
43
193
5
43
52
43
155
178
193
52
193
33
52
43
82
193
52
5
33
193
43
154
43
100
50
116
10
154
53
160
122
122
170
5
160
50
52
9
14
154
14
52
160
14
92
14
14
14
9
14
154
135
135
160
14
47
184
96
158
162
178
158
85
143
160
120
158
4
64
39
14
160
43
114
79
160
106
79
178
122
160
79
122
14
122
149
122
52
4
147
157
141
170
147
157
141
141
141
141
141
118
147
147
141
55
170
21
33
147
85
160
2
120
187
9
131
85
9
178
53
82
82
178
178
85
131
178
178
69
85
140
4
9
4
85
140
140
55
85
141
140
154
4
4
140
122
4
14
140
126
73
168
168
141
128
155
146
73
90
1
160
92
49
19
141
128
92
118
55
32
54
0
52
9
152
60
77
43
33
96
131
96
170
14
184
147
147
14
141
184
160
14
14
14
118
141
160
14
55
14
14
55
14
152
6
22
178
50
160
52
166
184
160
56
14
14
140
56
184
181
14
160
139
184
77
108
139
92
178
141
141
147
88
141
154
141
43
148
97
88
154
182
141
97
85
39
147
6
141
84
181
181
181
84
84
181
199
181
130
141
84
84
13
4
84
181
141
139
84
55
55
33
20
116
6
6
146
43
116
83
33
92
155
6
39
20
154
60
13
160
59
176
52
59
104
143
197
4
59
104
148
104
4
59
4
104
155
104
106
160
18
147
39
128
96
100
13
15
33
33
0
106
128
76
170
154
33
100
43
160
46
181
181
43
33
147
5
160
84
13
122
147
106
141
147
147
187
92
116
6
9
9
144
20
116
116
31
9
9
63
9
9
9
153
92
46
29
169
122
160
14
107
14
160
122
14
63
14
14
79
184
14
14
14
14
19
14
14
10
0
9
55
9
19
140
19
0
147
52
39
184
9
140
113
154
184
92
19
4
140
140
140
140
131
140
130
140
154
140
4
149
140
4
49
140
117
131
140
18
92
77
178
141
178
168
119
178
136
178
136
178
85
178
178
155
30
14
4
155
88
55
141
6
49
132
132
57
88
170
52
155
4
184
140
140
158
4
4
140
4
146
4
4
4
140
85
75
116
33
116
116
122
53
120
147
141
147
91
131
179
14
14
14
14
14
14
14
14
92
14
14
22
118
14
139
14
14
14
14
14
52
14
147
5
160
135
14
43
82
52
5
43
128
43
128
27
5
43
43
117
61
52
160
61
55
74
5
14
184
104
5
43
43
52
43
19
74
40
155
141
137
141
137
116
59
147
0
141
77
4
147
128
35
147
57
140
108
30
19
179
145
108
122
55
117
18
6
82
92
158
92
92
158
141
3
165
64
158
20
20
136
141
85
157
75
141
189
44
157
106
141
141
178
58
43
22
141
189
141
146
144
141
184
85
126
49
9
92
85
0
141
147
2
146
146
146
179
49
179
141
132
139
118
92
116
92
94
141
118
33
118
75
25
33
183
18
14
18
160
140
14
14
58
21
103
14
153
13
29
18
154
0
46
170
46
92
55
32
106
0
10
155
92
134
10
32
76
77
188
13
76
98
115
43
52
122
141
141
147
87
87
52
128
55
43
87
56
5
104
25
92
0
141
55
160
0
55
141
116
92
141
0
113
0
130
130
52
106
52
77
142
178
110
106
4
4
4
116
173
173
77
6
33
144
14
160
140
5
122
85
0
4
52
155
140
147
147
191
4
33
184
9
141
130
178
43
155
155
155
155
140
56
178
155
178
52
155
141
52
155
6
120
92
130
130
5
178
136
92
12
178
139
130
196
92
5
12
176
55
153
178
170
32
141
141
7
118
170
30
141
73
170
111
141
157
3
141
139
170
170
139
120
136
6
6
136
6
17
92
6
6
6
6
92
196
92
139
120
92
92
55
178
54
130
54
110
165
141
165
0
58
139
159
63
6
7
178
189
119
178
130
178
170
178
120
92
68
119
120
26
166
136
14
14
14
14
1
190
147
147
92
141
14
147
187
84
14
14
92
147
26
147
106
52
2
147
182
9
85
31
92
146
154
36
182
92
97
167
184
92
184
179
59
30
141
184
182
118
184
140
184
120
141
184
184
92
184
184
25
77
14
14
140
14
154
103
14
154
14
14
14
14
25
14
14
160
92
55
14
14
22
6
154
6
178
104
154
155
160
6
140
154
154
82
6
106
92
140
85
85
90
10
155
141
131
2
122
92
170
49
56
136
130
0
19
93
92
141
59
139
196
139
82
6
43
136
82
6
155
146
139
85
181
0
160
33
13
57
155
178
0
39
132
122
0
169
169
155
19
77
160
0
4
39
39
187
119
92
92
13
39
33
13
141
1
75
58
92
141
44
141
44
147
18
116
33
147
33
92
92
94
122
18
106
33
18
73
116
141
0
154
85
9
43
22
154
4
43
154
10
182
85
85
0
184
46
122
160
0
0
74
0
192
0
160
141
0
4
150
4
85
178
9
165
160
154
165
184
165
154
146
4
6
6
141
15
184
14
160
167
14
104
14
122
92
179
14
194
184
77
141
55
140
140
4
4
154
14
4
173
4
4
4
140
140
178
139
55
52
110
33
33
139
178
92
136
178
136
139
33
178
178
141
178
120
0
141
141
122
92
160
88
122
92
141
55
116
55
0
184
141
122
0
13
0
39
116
131
170
0
39
13
79
13
58
131
0
13
77
140
141
139
141
141
178
77
76
139
140
140
141
196
196
141
173
