0
0
0
0
0
0
0
0
0
0
0
0
4
0
0
0
0
0
0
0
5
5
5
5
5
5
5
5
5
5
5
5
5
5
5
5
1
5
5
5
0
0
0
0
0
0
0
0
0
0
4
6
0
0
0
0
2
0
0
0
0
0
3
0
0
0
0
0
0
3
0
3
4
4
4
4
3
0
0
3
4
4
4
0
4
4
4
4
4
0
0
4
4
0
0
4
0
4
0
0
5
5
5
5
5
5
5
5
5
5
5
5
5
5
5
5
5
5
5
5
7
6
5
5
6
4
6
5
5
4
6
5
7
144
5
5
159
5
6
5
5
5
5
7
30
5
5
5
5
55
5
5
5
5
7
5
5
5
5
7
5
4
101
0
8
5
6
14
6
5
8
158
6
14
8
4
6
4
8
4
136
4
0
0
0
6
9
9
0
144
19
0
185
0
0
183
0
53
0
9
185
12
4
12
3
10
10
10
12
12
0
9
10
12
12
14
12
10
12
12
0
0
5
5
11
5
65
5
129
16
5
5
5
5
5
5
5
5
5
5
14
14
14
12
14
12
14
12
12
14
5
142
14
14
14
14
142
14
5
3
117
0
19
0
181
0
0
19
11
98
0
62
13
0
0
13
98
8
19
11
14
14
14
14
14
14
14
14
14
14
14
14
14
14
14
14
14
14
0
14
156
0
1
0
0
0
0
30
0
4
0
0
0
0
4
0
0
4
0
9
4
5
0
4
4
30
5
2
30
5
0
30
0
5
30
5
0
4
6
46
46
136
159
5
5
6
4
5
6
142
46
5
5
96
136
136
136
4
18
5
5
18
5
5
5
5
5
5
18
5
5
5
5
5
5
5
5
5
0
19
19
19
19
19
19
0
0
0
0
0
19
0
0
0
19
0
0
19
0
0
20
0
20
101
0
0
0
0
11
0
117
20
0
0
0
21
20
0
0
0
5
19
0
0
0
19
0
0
0
19
0
0
0
0
0
19
0
0
5
5
30
30
22
5
30
5
30
30
30
5
30
5
30
30
30
30
30
30
5
5
5
30
5
30
18
101
54
30
10
5
14
54
12
5
5
24
14
4
5
4
4
26
4
24
24
4
76
24
24
4
4
5
14
4
14
1
25
1
25
22
25
1
25
2
2
2
25
25
2
1
25
25
25
25
164
5
14
5
14
14
134
14
14
5
5
14
14
5
14
14
5
14
5
14
14
14
14
14
14
14
0
14
14
14
14
14
14
14
14
14
14
14
14
14
5
4
5
5
6
4
4
5
5
6
4
5
6
5
6
5
4
63
4
6
0
0
0
21
0
0
0
0
31
0
0
0
0
0
0
0
0
0
0
0
30
30
30
30
30
30
30
30
30
30
30
30
30
30
30
30
30
30
30
30
31
31
5
5
9
5
0
31
104
9
4
77
3
5
0
5
31
0
3
31
0
19
19
0
0
0
0
0
19
4
0
19
0
4
0
0
4
0
4
4
65
5
5
5
5
5
5
11
5
5
11
5
5
5
5
5
5
5
5
2
5
14
14
14
14
14
14
14
14
14
14
14
14
30
14
14
14
14
14
14
5
0
1
35
30
5
5
5
30
30
5
5
1
5
30
1
1
5
30
5
41
2
2
30
36
30
30
30
30
30
30
2
2
30
5
30
164
5
30
2
5
5
5
5
5
65
5
5
4
5
5
5
5
5
5
5
5
4
2
14
2
0
14
2
0
0
2
2
2
14
2
14
7
2
2
2
2
2
5
11
5
39
183
168
0
152
152
168
183
0
168
5
152
152
11
5
5
11
14
14
14
14
14
14
14
14
14
0
14
14
14
0
14
14
14
14
0
14
14
14
14
14
14
14
14
14
30
14
14
14
14
14
14
14
14
14
30
14
14
0
165
14
14
14
0
14
14
4
0
14
14
14
0
5
5
5
5
5
5
1
5
5
5
5
5
5
5
5
5
5
5
5
5
4
0
4
5
0
0
0
5
5
11
0
5
4
5
4
5
0
4
4
4
5
5
5
5
5
5
5
5
5
5
5
5
5
5
5
5
5
5
5
0
19
19
0
0
0
0
0
0
19
0
0
5
0
0
101
19
21
0
0
5
136
14
14
14
23
14
14
14
14
35
5
23
5
14
14
9
14
84
5
14
14
144
144
144
14
14
14
14
14
144
14
14
14
14
14
14
14
14
14
14
14
14
0
0
14
0
0
0
14
14
14
0
0
14
14
0
14
0
14
0
77
0
5
5
7
183
7
0
2
5
5
0
14
5
5
5
183
5
7
4
4
5
4
4
4
4
4
4
5
4
4
5
4
6
4
4
0
6
5
5
52
30
5
5
5
5
0
5
5
5
5
5
5
5
5
5
5
52
5
53
3
53
41
3
3
3
3
30
3
53
3
0
53
3
2
2
0
3
53
14
2
5
2
18
14
2
5
0
14
54
14
105
14
14
5
30
18
14
30
2
74
2
2
0
135
135
0
0
0
11
2
0
2
2
2
0
2
2
0
0
0
0
0
0
9
0
0
0
0
56
0
0
0
0
0
0
0
0
4
4
4
4
4
4
4
4
4
0
4
0
4
4
4
4
4
4
4
4
168
135
2
5
5
0
11
5
5
5
168
2
135
135
168
152
2
9
2
2
1
5
0
5
5
5
30
5
0
5
4
5
0
5
4
5
4
30
5
4
30
0
0
0
68
0
136
0
19
19
19
0
7
30
19
0
0
19
30
0
14
14
5
54
5
14
14
14
5
5
14
4
14
14
14
14
14
14
5
5
5
14
14
2
5
97
25
14
14
129
14
14
14
14
14
14
12
14
3
5
4
14
5
5
14
5
5
14
12
12
14
5
5
14
14
12
19
5
5
5
5
5
5
5
5
5
5
5
5
5
5
5
5
5
5
5
5
5
68
19
0
0
0
0
14
0
0
0
0
0
0
14
0
0
18
0
0
0
56
5
5
0
0
0
56
135
0
2
0
56
0
2
5
135
2
5
183
56
14
0
0
0
0
0
0
0
14
0
144
0
0
0
48
0
0
0
14
14
4
14
4
14
136
14
14
14
14
19
4
14
4
0
136
158
4
14
4
0
0
0
0
5
5
0
0
4
5
4
5
4
5
5
0
4
0
0
0
0
0
0
0
0
0
0
0
0
0
0
14
0
0
0
0
0
0
0
30
2
30
30
30
0
2
38
2
30
30
30
30
30
30
30
30
30
0
38
5
14
6
5
14
5
14
4
14
5
4
5
5
6
65
73
5
0
5
5
101
34
73
5
5
5
73
5
65
134
5
5
0
73
0
5
0
20
4
0
0
8
0
0
0
19
0
0
5
0
4
5
74
13
14
19
0
0
0
0
5
0
16
0
4
14
19
19
0
0
38
4
0
75
0
0
0
0
0
0
0
0
0
0
0
0
0
0
0
0
0
0
0
0
7
5
0
14
0
135
152
14
14
14
7
14
5
152
183
130
14
30
30
3
14
30
14
14
3
4
30
0
14
4
30
14
30
30
30
14
5
5
7
6
31
14
0
7
18
5
18
18
101
14
5
48
5
5
5
14
5
5
0
5
0
5
4
1
0
38
5
5
0
2
14
5
2
113
14
2
2
2
14
14
0
2
14
14
2
14
14
14
14
5
14
2
0
2
5
5
5
5
5
5
18
5
5
5
5
18
5
5
5
5
5
5
5
5
165
4
4
4
4
4
4
4
165
4
4
4
4
4
0
4
4
4
4
18
0
0
48
84
0
0
1
4
0
0
14
3
0
187
0
84
0
0
152
0
9
14
0
189
0
14
9
0
9
0
136
6
156
14
0
85
156
4
14
38
14
14
14
5
0
14
14
14
0
0
14
5
5
14
5
14
14
14
5
5
0
0
14
0
14
0
0
14
0
0
0
14
0
0
14
0
0
0
14
2
2
2
7
30
30
129
101
46
0
0
2
0
98
30
0
30
30
30
2
25
5
5
5
158
4
5
5
5
5
6
2
4
5
25
5
5
5
5
30
5
31
4
14
0
14
141
5
0
144
14
31
31
12
12
14
10
9
14
5
5
5
5
136
5
5
5
5
5
5
5
5
5
5
5
5
5
5
5
2
2
2
0
0
0
0
2
2
0
0
2
0
2
2
2
2
2
2
2
0
0
14
14
5
0
0
5
5
30
0
3
4
0
164
5
89
4
0
5
3
0
0
1
1
38
30
14
14
2
14
0
0
0
14
5
14
14
14
5
2
5
14
0
5
31
142
144
6
144
6
144
0
31
14
38
6
6
5
0
136
0
96
0
6
0
0
0
0
5
0
0
0
0
0
0
2
0
0
5
0
0
0
5
5
5
0
14
0
0
183
38
2
5
2
1
5
0
1
20
14
14
30
2
30
30
30
110
5
14
138
14
0
30
30
7
5
3
0
173
14
0
9
0
0
0
0
0
0
0
100
0
0
0
0
0
0
0
0
0
0
52
5
2
20
19
0
0
0
13
19
14
4
14
0
0
14
14
14
14
0
4
14
14
0
9
0
9
14
14
2
189
2
0
0
19
2
19
2
0
2
0
0
22
22
0
0
19
147
2
14
0
0
0
14
0
14
0
5
0
0
0
14
0
0
0
0
28
14
0
0
173
105
11
58
14
3
0
0
7
0
11
0
5
98
0
117
0
142
5
159
170
5
5
5
14
0
183
183
98
5
5
0
5
2
107
5
4
5
5
14
2
2
3
84
2
4
5
14
14
14
164
14
0
3
4
4
0
107
12
4
0
5
3
3
4
0
164
4
18
5
5
2
5
162
5
5
5
22
133
5
54
5
5
2
19
18
136
0
25
117
13
0
0
0
65
17
136
5
0
152
0
0
0
120
18
1
1
5
5
5
5
5
5
1
5
5
5
5
5
30
4
0
0
65
0
19
0
0
19
112
0
0
19
0
0
19
0
20
0
0
19
2
2
0
2
4
0
2
0
4
2
0
0
4
0
2
2
4
2
0
144
0
14
5
0
5
5
5
14
5
0
5
0
14
0
0
14
0
5
4
5
5
5
4
0
14
0
5
5
5
5
0
5
9
5
5
4
5
14
156
116
14
14
65
14
116
0
0
8
8
0
14
116
0
0
5
0
0
19
0
5
4
5
19
0
19
0
19
5
5
5
4
14
14
4
14
4
0
14
14
14
0
1
14
14
14
4
4
4
14
14
30
30
30
30
4
19
164
190
30
41
30
165
4
30
30
4
93
165
9
14
14
85
14
14
14
14
97
85
0
14
14
14
0
14
14
0
0
14
14
14
14
1
0
14
14
14
14
14
2
14
14
14
14
14
14
14
14
14
14
14
14
14
14
14
14
14
14
14
14
14
14
0
4
4
4
4
4
4
4
4
4
4
4
4
4
4
4
5
4
4
4
0
0
2
2
0
5
2
0
0
30
2
0
2
2
2
30
2
2
0
0
0
0
14
0
0
14
14
14
0
14
14
14
0
14
14
0
30
30
30
5
5
5
5
5
30
5
5
30
5
5
5
5
5
5
5
5
5
5
5
14
14
97
5
4
5
5
5
4
5
5
5
5
5
5
5
14
14
14
14
0
14
14
14
14
14
14
14
14
14
14
14
14
14
5
30
165
5
164
5
5
30
30
5
5
5
5
5
5
5
5
30
30
30
107
0
0
0
105
3
4
3
0
0
80
3
135
0
0
4
4
0
4
0
0
0
0
0
0
0
0
20
0
20
0
0
20
0
20
14
0
0
0
30
5
5
5
5
5
5
5
5
5
5
5
5
5
5
5
5
5
5
5
5
5
5
5
5
5
5
5
5
5
5
5
5
5
5
5
5
5
5
5
0
14
90
0
5
144
0
26
0
14
14
26
24
5
0
26
14
14
14
14
14
14
14
14
14
14
14
98
14
14
14
14
14
14
6
14
0
2
2
5
2
0
0
14
18
18
195
9
5
14
0
5
5
5
0
0
14
14
14
14
0
14
14
0
14
14
5
14
1
30
5
5
1
30
30
5
5
30
30
5
5
30
5
30
30
30
5
5
120
0
26
53
53
84
3
35
0
3
14
0
14
0
14
41
0
0
3
101
4
14
4
4
4
4
4
4
14
4
14
4
82
4
4
4
4
4
14
14
5
5
5
1
4
5
5
5
5
5
1
5
0
5
5
5
5
5
5
0
0
0
0
91
183
7
19
5
52
30
0
5
0
170
14
14
14
14
14
14
14
14
14
14
14
14
14
14
14
14
14
14
14
14
5
6
6
5
0
0
5
4
0
0
0
14
14
129
0
0
2
14
0
0
0
0
14
0
14
2
2
0
25
25
25
5
0
5
0
5
5
0
0
2
5
5
5
5
192
25
3
1
1
3
1
4
1
5
3
5
5
1
1
4
3
1
1
5
4
1
0
5
5
5
6
74
101
4
5
6
38
5
0
5
6
6
6
6
13
98
4
4
4
0
5
4
14
24
4
4
4
5
5
4
5
4
4
4
4
150
5
116
5
13
168
31
18
19
150
5
5
0
18
5
5
5
0
5
1
5
5
4
5
188
5
5
5
5
5
33
19
14
5
152
0
5
5
5
4
19
101
9
0
0
11
0
0
19
101
20
134
0
0
0
142
0
12
152
6
14
14
14
14
14
14
14
14
14
15
97
3
14
14
14
14
14
14
14
14
189
0
19
0
156
0
0
156
0
0
68
22
0
19
0
2
0
0
0
136
4
0
4
0
4
4
4
4
4
0
4
4
4
4
4
4
0
4
0
4
53
0
4
3
3
5
4
53
3
53
4
3
0
3
4
4
30
144
30
6
4
4
4
4
14
4
144
4
3
4
4
158
4
4
4
4
4
18
5
4
4
146
82
4
165
146
4
4
5
5
5
5
5
14
5
13
5
5
5
18
5
5
14
14
14
14
14
14
14
14
0
14
14
14
14
14
14
14
14
14
14
14
5
14
168
5
14
5
14
5
14
5
5
5
14
14
5
5
14
5
5
5
5
5
5
5
5
5
5
14
14
5
5
5
5
5
5
14
5
5
30
0
0
5
14
4
4
5
14
4
4
4
5
5
5
5
5
0
0
19
19
5
5
14
38
0
3
54
162
4
0
54
4
2
82
0
10
14
82
2
3
14
18
5
5
30
30
30
5
38
30
65
30
30
5
30
5
30
30
30
30
5
0
5
5
0
5
5
0
5
0
0
0
0
5
0
5
25
5
5
5
38
89
4
164
25
1
5
5
5
2
30
4
5
164
4
1
14
14
14
0
5
14
14
14
14
14
14
0
19
14
14
159
58
19
0
0
77
0
0
0
0
0
4
0
4
19
0
4
0
0
19
2
0
5
5
5
14
0
5
0
5
5
5
5
0
5
5
5
5
5
5
0
0
0
0
0
0
0
0
0
0
0
0
0
0
4
0
0
3
57
4
4
4
3
4
4
4
14
8
0
0
4
6
5
18
9
14
14
5
0
5
183
144
14
158
3
5
14
5
14
5
183
9
4
4
4
5
4
4
5
5
4
4
0
4
4
5
4
4
4
5
4
4
0
5
5
5
2
3
0
2
2
0
0
2
2
5
2
5
4
0
53
5
30
30
30
30
30
30
30
30
30
5
30
30
30
30
30
30
30
30
4
6
4
144
0
4
101
93
2
144
178
6
93
4
178
5
6
30
4
0
136
5
30
7
54
5
30
5
5
9
5
7
30
3
159
61
3
30
3
30
0
3
0
2
3
0
0
3
3
3
5
3
14
14
14
14
2
0
14
2
22
0
14
14
2
14
14
14
14
14
2
22
15
135
2
0
2
134
2
2
2
135
14
2
2
2
52
2
55
2
2
5
30
30
30
2
30
5
30
2
30
3
30
30
30
30
30
30
140
5
14
14
22
14
14
14
14
0
14
14
14
14
14
14
14
22
144
184
14
14
6
195
0
9
0
5
6
4
14
0
0
4
0
6
4
5
4
0
0
0
0
14
0
0
0
0
0
0
0
0
0
14
0
0
0
0
0
5
4
4
93
6
5
6
5
0
4
4
4
5
5
0
3
0
0
14
19
0
0
0
0
0
0
14
0
0
0
0
19
0
14
0
5
33
27
5
5
14
5
0
14
14
187
5
3
14
14
2
0
3
0
14
5
5
1
5
5
5
0
84
5
0
84
14
5
18
14
5
5
182
5
11
80
5
11
11
4
5
5
11
5
5
5
0
14
14
14
0
19
0
14
0
14
0
0
0
0
40
116
65
18
4
5
18
18
5
5
5
0
14
18
34
158
116
5
116
5
14
14
14
14
43
14
14
14
5
14
35
5
5
5
14
4
4
4
4
83
14
4
4
4
4
4
4
4
5
5
5
5
5
5
5
5
5
5
53
3
53
5
5
2
5
5
5
3
0
0
0
0
0
0
0
14
0
0
0
2
0
0
0
0
0
0
0
101
13
0
65
0
0
19
19
139
13
0
0
19
13
0
0
0
3
4
0
3
4
2
4
3
0
0
4
0
0
0
