0
0
2
3
4
0
6
7
4
3
4
7
12
13
3
15
2
0
3
3
12
3
4
3
3
15
3
7
28
29
3
3
10
33
3
35
3
2
38
3
3
2
0
15
7
4
0
0
13
49
13
51
7
0
15
3
56
2
0
0
3
2
4
2
64
13
66
3
2
3
3
3
31
4
15
15
3
7
4
2
3
15
82
33
2
15
0
3
3
7
0
12
4
3
94
12
3
4
2
4
0
15
2
4
104
3
4
0
13
3
12
3
0
0
21
0
3
33
3
39
13
3
12
2
35
7
28
127
3
4
4
15
12
28
7
3
2
13
13
3
4
12
15
12
13
3
0
7
94
2
3
4
13
3
3
3
7
4
0
15
13
0
3
31
33
0
0
13
0
0
12
3
0
0
0
0
23
13
94
7
29
3
3
7
3
3
3
7
13
15
35
3
3
0
15
3
3
58
3
3
13
0
2
3
3
28
4
0
12
4
3
7
0
4
0
3
0
35
4
2
9
3
7
0
0
2
13
2
3
7
3
78
4
2
33
7
28
13
3
31
15
4
7
28
31
2
58
3
2
28
0
58
4
7
254
3
12
0
3
3
56
12
12
2
2
0
4
0
13
2
2
4
3
21
3
35
13
13
28
3
3
0
12
4
4
13
85
3
4
3
4
12
13
4
13
0
4
18
3
0
4
4
3
13
28
7
7
51
4
0
2
15
4
4
35
12
3
4
3
0
4
33
4
12
6
3
3
100
3
12
3
3
3
2
7
4
3
39
0
13
3
0
15
2
3
2
3
93
12
10
2
28
0
3
2
3
39
2
3
2
15
15
4
0
12
7
3
3
0
13
3
3
118
3
3
2
3
7
0
4
3
0
35
4
0
4
7
4
3
7
3
12
3
3
13
13
0
12
12
39
3
0
3
14
0
3
0
12
13
12
0
3
3
0
289
7
4
18
4
3
28
3
4
3
4
3
15
0
3
33
21
12
0
12
2
7
3
437
7
4
3
7
3
3
7
2
3
4
3
0
3
4
2
3
3
12
13
3
0
0
0
4
12
0
0
7
3
7
3
13
3
4
28
35
0
3
15
9
6
0
3
13
4
4
3
3
13
3
7
12
3
0
0
493
3
0
3
4
3
4
12
4
4
28
3
3
4
2
0
3
0
0
0
114
12
4
4
3
0
7
0
2
12
3
12
4
4
33
28
33
13
4
33
13
0
3
0
4
7
33
13
3
4
0
64
2
28
12
4
0
7
12
33
114
3
475
2
31
0
2
15
3
3
7
2
0
4
2
3
3
2
10
3
3
12
4
12
35
3
7
175
7
7
3
3
12
2
3
7
0
3
3
6
0
9
3
2
2
14
0
35
0
13
28
7
13
3
7
51
12
2
0
3
7
28
0
15
0
0
4
3
15
3
13
32
3
4
3
2
0
3
7
0
2
2
2
12
15
42
33
3
3
3
3
3
4
3
2
3
100
7
2
12
13
12
7
3
33
3
3
3
2
3
21
3
13
3
4
35
0
12
3
3
0
64
3
4
3
0
3
4
2
3
0
3
3
67
114
10
3
4
3
3
301
0
7
0
15
3
3
7
4
3
7
116
3
0
12
4
2
12
13
2
28
12
28
0
3
13
7
18
3
7
13
0
13
0
7
0
4
31
9
3
13
0
0
12
4
7
3
4
64
31
0
0
3
3
3
0
4
154
33
33
4
0
7
114
28
9
9
4
4
2
82
2
4
7
2
3
33
0
2
33
114
13
28
4
39
217
7
0
3
3
46
15
2
2
3
0
4
3
4
218
78
3
3
12
0
93
33
7
4
7
2
35
3
3
3
3
0
3
4
0
94
4
35
3
2
2
3
35
0
0
3
15
12
3
0
18
12
116
118
7
4
255
4
3
437
10
3
3
2
15
0
0
33
0
3
15
3
3
12
6
2
15
819
393
0
4
0
0
12
15
2
3
0
3
33
4
3
7
12
7
15
3
28
0
164
12
7
3
21
0
4
3
3
2
3
2
4
0
437
15
15
13
3
3
3
3
33
12
3
4
0
3
3
3
114
0
12
3
3
15
4
0
3
4
0
13
13
28
0
0
3
77
12
2
13
33
3
3
4
4
15
1
0
2
12
0
3
13
4
3
0
4
13
3
3
0
3
4
0
28
0
4
35
7
3
4
3
71
12
3
12
0
7
15
2
15
13
14
4
3
33
2
164
3
0
3
35
13
10
3
13
7
3
3
3
0
0
12
12
33
3
12
2
3
4
12
3
