0,
43,
42,
42,
42,
0,
42,
4,
0,
43,
18,
6,14,
14,
4,
14,
36,
14,
14,
14,
12,
7,
18,
18,
18,
18,
5,
0,
18,
18,
4,
25,
42,
43,
42,
4,
42,
3,
42,
42,
4,
25,
4,
43,
4,
18,
25,
23,
43,
62,
42,
64,42,
64,42,
42,
42,
64,42,
42,
64,
64,42,
25,
25,
60,
25,
43,
43,
25,
43,
34,
7,
25,
7,
25,
25,
25,
7,
25,
25,
63,
13,7,
34,
34,
33,
33,7,
33,
33,7,
23,33,
34,23,
28,
10,28,
10,28,
10,28,30,
23,33,
33,23,
34,23,
40,
34,40,7,
23,33,
10,28,
53,
53,
53,
25,53,
41,
41,
33,
25,
41,
41,
53,66,
33,
33,7,
23,
33,
33,23,
7,
33,
25,53,23,
23,
23,
25,
25,
12,
35,
28,
25,28,
12,
13,
25,
25,66,
25,53,
43,
43,
66,
43,53,
25,
25,53,
25,53,
25,13,
34,23,
23,
25,
23,
23,
23,
14,36,
14,27,
15,
14,
14,
14,
14,
15,
14,
8,
5,
16,
14,
13,
14,
7,
8,
13,
16,
3,14,22,
14,
14,
14,
5,
3,14,
14,
5,14,
14,
7,
18,
18,
18,
6,
12,
12,
7,
12,
18,
6,
14,27,
6,
18,
14,
34,16,
19,49,
14,
5,14,
14,
3,14,
14,
14,22,
14,
22,
14,
3,
14,
14,
14,22,
8,
14,
6,14,
14,
14,
13,
4,
22,
27,
25,
19,25,
4,
4,
25,
6,25,
22,
7,
7,
18,
7,
18,
7,
4,
18,
18,
7,
25,
25,
3,
43,
4,
4,
40,
25,
42,
42,
43,
39,
43,
64,
43,
43,
64,42,
64,
43,
23,
9,
23,
12,
23,
23,
23,
25,
25,13,
27,
34,
34,
25,
34,
27,
34,
27,
66,
36,
16,
34,36,
25,16,
34,16,
33,16,
14,
34,16,
16,36,
25,53,66,
43,
37,
38,
38,
40,
40,
25,
63,
66,
38,
66,
43,
25,
43,
25,
34,
34,
34,
43,
34,
42,
64,
64,
64,
34,40,
40,
63,
40,
63,
42,
25,53,66,
33,
53,
43,53,
53,
53,
25,53,
43,
33,
53,66,
41,
53,
41,
41,
41,
25,
29,
53,
53,
34,
29,
34,
29,
37,
53,
34,31,
48,
34,
35,
13,48,
11,48,34,
35,
35,
13,
36,
36,
4,
25,
25,
18,
36,
25,
36,
25,
45,
13,38,
38,
38,
38,40,
40,
13,38,
34,38,39,
33,38,40,
13,38,40,
45,
13,
8,
11,14,
13,
11,14,
13,
45,
14,
39,
43,
41,
39,
25,
41,
43,
41,
43,
43,
64,42,
64,
64,
64,
64,42,
64,42,
43,
64,42,
43,
64,42,
43,
43,
53,
53,
41,
41,
41,
53,
39,
41,
64,42,
43,
64,42,
64,42,
64,42,
64,42,
64,42,
64,42,
64,42,
64,42,
61,
64,
43,
65,
43,
43,
43,
64,42,
64,
43,
33,
25,48,
25,
45,
45,
13,
45,
45,
45,
25,
37,
37,
45,
6,
45,
13,
37,
29,
45,
45,
46,
33,
46,
33,
50,33,
45,
50,33,
46,
50,33,
36,
19,25,
19,25,
19,24,61,
25,16,
19,
61,
43,
19,24,
45,
52,
31,
29,
14,
31,
34,36,16,
16,
34,16,
27,
34,
34,16,
34,36,
34,
46,
34,6,
16,
63,
6,
6,
6,
59,
50,
50,
6,
16,
26,29,
26,
13,31,
14,
13,12,
13,
29,
53,
43,
40,
40,
43,
43,
42,
42,34,
6,
43,
43,
13,39,42,48,
40,
11,14,
13,
13,39,
13,40,
14,57,
40,
48,26,
42,
43,
19,
43,
19,
25,
61,
19,57,
25,19,
19,61,
19,61,
61,
42,
55,
33,
55,
25,19,
42,19,
19,
25,
19,
66,38,
41,
34,
38,
40,
43,
43,
25,
38,40,
38,
34,40,
40,
34,
40,
34,
25,
40,
40,
43,
34,
63,
40,
43,
5,
64,
64,
43,
63,
64,
64,
63,
3,
61,
43,
43,
43,
43,
43,
43,
63,
64,42,
60,
63,
64,42,
6,
60,
60,
64,
60,
63,
61,
43,
43,
53,
53,
61,
43,
53,66,
43,
43,
43,
64,42,
64,42,
62,
43,
64,42,
43,
43,
64,42,
43,
39,
43,
64,
64,
39,
43,
42,
39,
64,
39,
64,42,
64,42,
43,
64,42,
64,42,
64,42,
64,42,
64,42,
64,42,
64,42,
53,
66,
25,
41,
66,
63,
43,
41,
53,
63,
34,
63,
64,
64,
63,
62,
39,
42,
53,
64,
