25,
43,
40,
42,
25,
40,
40,
43,
25,
43,
23,
6,14,
14,
3,
14,
5,
14,
14,
14,
12,
18,
3,
3,
3,
12,
5,
6,
18,
18,
43,
25,
42,
43,
42,
25,
25,
25,
43,
25,
25,
25,
18,
25,
24,
3,
25,
3,
25,
25,
62,
43,
43,
25,
25,
43,
25,
43,
43,
25,
25,
6,
25,
25,
25,
25,
43,
34,
18,
25,
18,
25,
25,
25,
23,
25,
25,
25,
13,7,
34,
34,
33,
33,7,
33,
33,7,
23,33,
34,23,
28,
10,28,
10,28,
10,28,30,
23,33,
33,23,
34,23,
25,
34,40,7,
23,33,
10,28,
53,
53,
53,
25,53,
34,
34,
39,
25,
34,
34,
53,66,
33,
33,7,
23,
33,
33,23,
7,
33,
25,53,23,
23,
23,
25,
25,
12,
12,
28,
25,28,
12,
13,
25,
25,66,
25,53,
25,
25,
66,
43,53,
25,
25,53,
25,53,
25,13,
34,23,
23,
25,
23,
23,
23,
14,36,
14,27,
19,
14,
14,
14,
14,
15,
14,
14,
5,
15,
14,
13,
14,
6,
14,
13,
6,
3,14,22,
14,
14,
14,
5,
3,14,
14,
5,14,
14,
6,
16,
12,
23,
6,
12,
12,
18,
18,
12,
6,
14,27,
6,
3,
14,
34,16,
19,
14,
5,14,
14,
3,14,
14,
14,22,
14,
3,
14,
3,
14,
14,
14,22,
14,
14,
6,14,
14,
14,
13,
3,
24,
19,
25,
19,25,
3,
3,
25,
6,25,
3,
18,
18,
3,
23,
18,
18,
23,
3,
18,
18,
25,
25,
24,
43,
24,
25,
25,
25,
42,
25,
39,
39,
39,
39,
43,
39,
39,
39,
39,
23,
12,
23,
12,
23,
23,
23,
25,
25,13,
28,
34,
34,
25,
34,
28,
43,
28,
66,
3,
16,
34,36,
25,16,
34,16,
33,16,
14,
34,16,
16,36,
25,53,66,
25,
43,
38,
38,
25,
25,
25,
25,43,
66,
38,
66,
43,
25,
40,
25,
34,
34,
34,
25,
34,
25,
25,
25,
25,
34,40,
64,
25,43,
25,
25,43,
25,
25,53,66,
33,
53,
43,53,
53,
53,
25,53,
43,
33,
53,66,
34,
53,
34,
34,
39,
25,
37,
53,
51,
34,
53,
34,
37,
34,
51,
34,31,
48,
34,
35,51,
13,48,
11,48,34,
35,51,
35,51,
13,
5,
24,
6,
25,
25,
24,
6,
25,
24,
25,
43,
13,38,
38,
38,
38,40,
25,
13,38,
34,38,39,
33,38,40,
13,38,40,
45,
13,
14,
11,14,
13,
11,14,
28,
28,
14,
34,
34,
34,
39,
25,
39,
39,
39,
34,
39,
43,
39,
39,
39,
43,
39,
39,
43,
39,
39,
34,
34,
53,
53,
34,
41,
34,
53,
34,
34,
39,
43,
39,
39,
43,
43,
39,
39,
43,
39,
39,
39,
39,
66,
43,
39,
39,
39,
39,
39,
33,
25,48,
25,
45,
45,
32,
19,
51,
51,
25,
37,
51,
51,
58,
53,
13,
37,
29,
51,
51,
46,
33,
44,
33,
50,33,
45,
50,33,
13,
50,33,
36,
19,25,
19,25,
19,24,61,
25,16,
19,
61,
43,
19,24,
51,
52,
52,
29,
14,
31,
34,36,16,
16,
34,16,
28,
34,
34,16,
34,36,
34,
49,
34,6,
16,
25,
6,
6,
6,
59,
19,
50,
6,
16,
26,29,
26,
13,31,
14,
13,12,
13,
29,
53,
25,
25,
40,
43,
43,
25,
42,34,
52,
25,
25,
13,39,42,48,
40,
11,14,
13,
13,39,
13,40,
14,57,
40,
48,26,
40,
43,
19,
25,
19,
25,
43,
19,57,
25,19,
19,61,
19,61,
61,
42,
43,
33,
43,
25,19,
42,19,
19,
25,
19,
66,38,
34,
34,
38,
25,
25,
25,
25,
38,40,
38,
34,40,
25,
34,
25,
34,
25,
25,
25,
25,
34,
25,
43,
25,
25,
43,
25,
25,
25,43,
43,
43,
25,43,
25,
61,
25,
25,
25,
25,
25,
25,
25,43,
43,
43,
25,43,
43,
6,
43,
25,43,
25,
43,
25,43,
41,
43,
25,
53,
53,
41,
41,
53,66,
43,
25,
25,
39,
39,
39,
43,
43,
39,
39,
43,
39,
39,
39,
39,
39,
39,
39,
39,
39,
39,
39,
43,
43,
43,
43,
43,
43,
43,
43,
43,
39,
53,
64,
25,
34,
34,
25,
34,
34,
53,
34,
34,
34,
43,
39,
34,
34,
34,
64,
53,
25,
