25,43,
43,
40,42,
42,
25,40,
40,42,43,
40,42,
42,43,
25,43,
43,
3,4,18,7,23,
6,14,
14,
1,3,4,18,24,36,
14,
3,
14,
14,
14,
18,
18,
2,3,4,18,23,
2,3,18,23,7,
2,3,18,23,
18,
5,
3,5,6,
2,3,4,18,23,
18,
42,43,
25,
42,
43,
42,
25,40,43,
25,43,
25,43,
42,43,
25,40,43,
25,43,
25,
3,4,18,23,
25,40,43,
3,4,24,
3,4,
25,
3,4,
25,43,
43,63,
64,63,
64,43,63,
64,43,63,
25,43,63,
63,
64,43,63,
25,40,43,63,
64,40,42,43,63,
64,43,63,
25,
25,
6,
25,
34,25,43,
25,43,40,
25,
43,
34,
3,4,18,7,
25,
3,4,18,7,23,
25,
25,
25,
3,4,18,7,23,
25,
25,
25,40,63,
13,7,
34,
34,
33,
33,7,
33,
33,7,
23,33,
34,23,
28,
10,28,
10,28,
10,28,30,
23,33,
33,23,
34,23,
25,40,
34,40,7,
23,33,
10,28,
53,
53,
53,
25,53,
34,41,
10,34,33,39,41,66,
33,39,
25,
41,
34,
53,66,
33,
33,7,
23,
33,
33,23,
7,
33,
25,53,23,
23,
23,
25,
25,
18,12,
12,
28,
25,28,
12,
13,
25,
25,66,
25,53,
34,25,43,
34,25,43,
66,
43,53,
25,
25,53,
25,53,
25,13,
34,23,
23,
25,
23,
23,
23,
14,36,
14,27,
19,
14,
14,
14,
14,
18,15,16,19,
14,
8,14,
5,
18,16,
14,
13,
14,
5,6,
8,12,14,
13,
5,6,
3,14,22,
14,
14,
14,
5,
3,14,
14,
5,14,
14,
5,6,
18,
18,
3,4,18,7,23,
6,
18,
18,
3,4,18,7,23,
18,
18,
6,
14,27,
6,
3,18,
14,
34,16,
19,
14,
5,14,
14,
3,14,
14,
14,22,
14,
3,4,18,36,
14,
3,
14,
14,
14,22,
3,8,14,
14,
6,14,
14,
14,
13,
3,4,
3,4,36,
49,19,
25,
19,25,
3,4,
3,4,
25,
6,25,
3,4,18,36,22,
3,4,18,7,23,
3,4,18,7,23,
3,4,
3,4,18,7,23,
3,4,18,23,
3,4,18,7,23,
3,4,18,23,
3,4,18,23,
3,4,18,23,
3,4,18,7,23,
25,
25,
24,
43,
3,24,
25,40,43,63,
25,40,
25,
42,
25,40,43,63,
63,33,39,41,66,
63,33,39,
63,39,
63,41,66,39,
64,25,40,42,43,62,63,39,61,
64,25,40,42,43,63,39,61,
63,
63,
63,41,39,
23,
18,12,
23,
18,12,
23,
23,
23,
25,
25,13,
32,13,27,28,49,
34,
34,
25,
34,
32,13,27,28,49,
34,43,
32,13,27,28,49,
66,
3,36,
16,
34,36,
25,16,
34,16,
33,16,
14,
34,16,
16,36,
25,53,66,
25,43,
43,
38,
38,
25,40,
25,40,
25,
64,25,40,43,63,
66,
38,
66,
43,
25,
43,40,
25,
34,
34,
34,
25,43,
34,
25,43,40,63,
64,25,40,43,63,
64,25,40,43,63,
64,25,40,43,63,
34,40,
64,25,40,
64,25,40,43,63,
25,40,
64,25,40,43,63,
25,43,40,
25,53,66,
33,
53,
43,53,
53,
53,
25,53,
43,
33,
53,66,
33,39,41,34,66,65,
53,
33,39,41,34,66,65,
33,39,41,34,66,65,
39,
25,
34,37,
53,
53,51,
34,
34,37,
34,
34,37,
34,37,
53,51,
34,31,
48,
34,
35,
13,48,
11,48,34,
35,
35,
13,
3,24,36,
3,24,36,
3,24,36,
25,
25,
3,4,24,36,
3,24,36,
25,
3,24,36,
25,
43,48,42,45,64,
13,38,
38,
38,
38,40,
25,40,
13,38,
34,38,39,
33,38,40,
13,38,40,
45,
13,
14,8,
11,14,
13,
11,14,
32,13,28,
13,48,45,28,
14,
33,39,41,34,66,
33,39,41,34,66,
33,39,41,34,66,65,
63,65,41,66,39,
25,
39,
63,39,41,
39,
41,34,39,
33,39,41,63,
64,43,63,
63,
63,
63,
64,43,63,
63,
64,25,40,42,43,62,63,39,61,
64,43,63,
63,39,
63,
33,39,41,34,
39,41,34,66,
53,
53,
33,39,41,34,
33,39,41,34,
33,39,41,34,
53,
33,39,41,34,66,
33,39,41,34,
63,
64,25,40,42,43,62,63,39,
63,
63,
64,43,63,
64,43,63,
63,
63,
64,43,63,
63,
39,41,63,
63,
39,25,43,40,42,63,61,
65,66,
43,
63,39,41,66,
64,25,40,42,43,63,39,61,
63,
63,
64,25,40,42,43,63,39,61,
33,
25,48,
25,
45,
45,
32,13,45,48,
45,49,
45,47,51,54,
45,49,51,
25,
53,37,
37,45,48,51,52,
51,
6,
51,
13,
37,
29,
45,
45,
46,
33,
44,46,
33,
50,33,
45,
50,33,
46,13,27,
50,33,
36,
19,25,
19,25,
19,24,61,
25,16,
19,
61,
43,
19,24,
35,38,51,45,
45,48,52,
29,31,
29,
14,
31,
34,36,16,
16,
34,16,
32,13,27,28,49,
34,
34,16,
34,36,
34,
27,49,
34,6,
16,
25,63,
6,
6,
6,
5,6,59,
36,22,50,54,19,
50,
6,
16,
26,29,
26,
13,31,
14,
13,12,
13,
29,
51,53,
25,40,43,
25,40,
40,
43,
43,
25,43,40,
42,34,
52,
34,25,43,
25,43,40,
13,39,42,48,
40,
11,14,
13,
13,39,
13,40,
14,57,
40,
48,26,
33,39,40,42,
43,
19,
43,
19,
25,
43,61,
19,57,
25,19,
19,61,
19,61,
61,
42,
43,
33,
43,
25,19,
42,19,
19,
25,
19,
66,38,
41,34,30,29,
34,
38,
25,40,
25,43,40,
25,43,40,
25,
38,40,
38,
34,40,
25,40,
34,
25,40,
34,
25,
25,40,
25,40,
25,43,40,
34,
25,63,
64,25,40,43,
25,40,43,63,
25,43,
64,25,43,
64,25,40,43,63,
25,43,40,63,
64,25,40,43,63,
64,43,
64,43,
64,25,40,43,63,
25,40,43,
43,34,59,61,
25,40,43,
25,43,59,
43,25,59,
25,40,43,63,
43,25,59,
25,43,40,63,
64,25,40,43,63,
64,43,
64,43,63,
64,25,40,43,63,
64,43,63,
6,
43,
64,25,40,43,63,
64,25,40,43,63,
64,43,63,
64,25,40,43,63,
43,41,61,
25,39,43,40,42,63,61,
43,
53,
53,
43,39,41,34,61,
43,63,39,41,61,
53,66,
25,39,43,40,42,63,61,
43,
43,
63,
63,
63,
43,
64,43,63,
64,25,40,42,43,62,63,39,61,
64,25,40,42,43,62,63,39,61,
64,43,63,
64,25,40,42,43,62,63,39,61,
63,33,39,
63,33,39,41,66,
63,41,66,39,
63,39,
63,66,41,39,
41,39,63,
63,
63,41,66,39,
63,41,66,39,
63,41,66,39,
64,43,63,
64,43,63,
64,25,40,42,43,62,63,39,
64,43,63,
64,43,63,
64,43,63,
64,43,63,
64,43,63,
64,43,63,
63,
53,
64,25,63,
25,
33,39,41,34,66,65,
34,66,
25,63,
33,39,41,34,66,
33,39,41,34,66,65,
53,
65,41,66,34,39,
34,66,65,
34,41,66,39,
64,43,62,63,
63,41,66,39,
65,41,66,34,39,
41,66,34,39,
39,41,34,66,65,
64,25,63,
53,
64,25,40,43,
