0,1
0,3
0,4
0,9
0,11
0,19
1,0
1,2
1,10
1,12
2,1
3,0
3,15
3,18
4,0
9,0
10,1
10,13
11,0
12,1
13,10
15,3
18,3
19,0
20,21
20,23
20,24
20,29
20,31
21,20
21,22
21,30
21,32
22,21
22,34
23,20
23,35
23,38
24,20
29,20
30,21
30,33
31,20
32,21
33,30
34,22
35,23
38,23
40,41
40,43
40,44
40,49
40,51
40,59
41,40
41,42
41,50
41,52
42,41
42,54
43,40
43,58
44,40
49,40
50,41
50,53
51,40
52,41
53,50
54,42
58,43
59,40
60,61
60,63
60,64
60,69
60,71
60,79
61,60
61,62
61,70
61,72
62,61
63,60
63,75
64,60
69,60
70,61
70,73
71,60
72,61
73,70
75,63
79,60
80,81
80,83
80,84
80,89
80,99
81,80
81,92
83,80
83,98
84,80
89,80
92,81
98,83
99,80
100,101
100,104
100,109
100,111
100,119
101,100
101,102
101,110
101,112
102,101
102,105
102,106
102,114
104,100
105,102
106,102
106,108
108,106
109,100
110,101
111,100
112,101
114,102
119,100
120,121
120,123
120,124
120,129
120,131
120,139
121,120
123,120
123,135
123,138
124,120
129,120
131,120
135,123
138,123
139,120
140,143
140,144
140,149
140,159
143,140
143,155
143,158
144,140
149,140
155,143
158,143
159,140
160,161
160,163
160,164
160,169
160,171
160,179
161,160
161,162
161,170
161,172
162,161
163,160
163,175
164,160
169,160
170,161
170,173
171,160
172,161
173,170
175,163
179,160
180,181
180,183
180,184
180,189
180,191
180,199
181,180
183,180
183,195
184,180
189,180
191,180
195,183
199,180
200,201
200,203
200,209
200,211
200,219
201,200
201,202
201,210
201,212
202,201
203,200
203,215
203,218
209,200
210,201
211,200
212,201
215,203
218,203
219,200
220,221
220,223
220,224
220,229
220,231
220,239
221,220
221,222
221,232
222,221
222,234
223,220
223,238
224,220
229,220
231,220
232,221
234,222
238,223
239,220
240,241
240,243
240,244
240,249
240,251
240,259
241,240
241,242
241,250
242,241
242,245
242,246
242,254
243,240
243,255
244,240
245,242
246,242
246,248
248,246
249,240
250,241
250,253
251,240
253,250
254,242
255,243
259,240
260,261
260,263
260,264
260,269
260,271
260,279
261,260
261,262
261,272
262,261
262,266
263,260
263,275
263,278
264,260
266,262
269,260
271,260
272,261
275,263
278,263
279,260
280,281
280,283
280,284
280,289
280,291
280,299
281,280
281,282
281,290
281,292
282,281
282,294
283,280
283,298
284,280
289,280
290,281
290,293
291,280
292,281
293,290
294,282
298,283
299,280
300,301
300,303
300,304
300,309
300,311
301,300
301,302
301,310
302,301
302,305
302,306
302,314
303,300
303,315
303,318
304,300
305,302
306,302
309,300
310,301
310,313
311,300
313,310
314,302
315,303
318,303
320,323
320,324
320,329
320,331
320,339
323,320
323,335
324,320
329,320
331,320
335,323
339,320
340,343
340,344
340,349
340,351
340,359
343,340
343,355
343,358
344,340
349,340
351,340
355,343
358,343
359,340
360,363
360,364
360,369
360,371
360,379
363,360
363,375
363,378
364,360
369,360
371,360
375,363
378,363
379,360
380,381
380,383
380,389
380,391
380,399
381,380
381,390
381,392
383,380
383,395
383,398
389,380
390,381
391,380
392,381
395,383
398,383
399,380
400,401
400,403
400,404
400,409
400,411
400,419
401,400
401,402
401,410
401,412
402,401
402,405
402,406
403,400
403,415
403,418
404,400
405,402
406,402
406,416
409,400
410,401
411,400
412,401
415,403
416,406
418,403
419,400
420,421
420,423
420,424
420,429
420,431
420,439
421,420
421,422
421,430
421,432
422,421
422,425
422,434
423,420
423,435
424,420
425,422
429,420
430,421
431,420
432,421
434,422
435,423
439,420
440,441
440,443
440,444
440,449
440,451
440,459
441,440
441,442
441,450
441,452
442,441
443,440
443,455
443,458
444,440
449,440
450,441
451,440
452,441
455,443
458,443
459,440
460,461
460,463
460,464
460,469
460,471
460,479
461,460
461,462
462,461
463,460
463,475
463,478
464,460
469,460
471,460
475,463
478,463
479,460
480,481
480,483
480,484
480,489
480,491
480,499
481,480
481,482
481,492
482,481
482,494
483,480
483,495
483,498
484,480
489,480
491,480
492,481
494,482
495,483
498,483
499,480
500,501
500,503
500,504
500,509
500,511
500,519
501,500
501,502
501,512
502,501
503,500
503,515
503,518
504,500
509,500
511,500
512,501
515,503
518,503
519,500
520,521
520,523
520,524
520,529
520,531
520,539
521,520
521,522
521,530
521,532
522,521
523,520
523,535
524,520
529,520
530,521
530,533
531,520
532,521
533,530
535,523
539,520
540,541
540,543
540,544
540,549
540,551
540,559
541,540
541,542
541,552
542,541
542,546
543,540
543,558
544,540
546,542
549,540
551,540
552,541
558,543
559,540
560,561
560,563
560,564
560,569
560,571
561,560
561,562
561,570
561,572
562,561
563,560
563,575
563,578
564,560
569,560
570,561
571,560
572,561
575,563
578,563
580,581
580,583
580,584
580,589
580,591
580,599
581,580
581,582
581,590
581,592
582,581
583,580
583,595
584,580
589,580
590,581
591,580
592,581
595,583
599,580
600,601
601,600
601,602
601,610
601,612
602,601
602,605
602,606
602,614
605,602
605,607
606,602
607,605
610,601
610,613
612,601
613,610
614,602
621,622
621,632
622,621
622,625
622,626
622,634
625,622
625,627
626,622
626,628
626,636
627,625
628,626
632,621
634,622
636,626
640,641
640,644
640,649
640,651
640,659
641,640
641,642
641,650
641,652
642,641
642,645
642,646
642,654
644,640
645,642
645,647
646,642
646,648
647,645
648,646
648,657
649,640
650,641
650,653
651,640
652,641
653,650
654,642
657,648
659,640
660,661
660,669
660,671
660,679
661,660
661,662
661,670
661,672
662,661
662,665
662,666
662,674
665,662
666,662
666,668
666,676
668,666
668,677
669,660
670,661
670,673
671,660
672,661
673,670
674,662
676,666
677,668
679,660
680,681
680,684
680,689
680,691
680,699
681,680
681,682
681,690
682,681
682,686
682,694
684,680
686,682
689,680
690,681
690,693
691,680
693,690
694,682
699,680
700,701
700,703
700,704
700,709
700,711
701,700
701,702
701,710
701,712
702,701
702,705
702,706
702,714
703,700
703,718
704,700
705,702
706,702
706,708
708,706
709,700
710,701
710,713
711,700
712,701
713,710
714,702
718,703
720,721
720,724
720,729
720,739
721,720
721,722
721,730
721,732
722,721
722,725
722,726
722,734
724,720
725,722
725,727
726,722
726,728
726,736
727,725
728,726
728,737
729,720
730,721
730,733
732,721
733,730
734,722
736,726
737,728
739,720
740,741
740,744
740,749
740,751
740,759
741,740
741,742
741,750
741,752
742,741
742,745
742,746
742,754
744,740
745,742
745,747
746,742
747,745
749,740
750,741
750,753
751,740
752,741
753,750
754,742
759,740
760,761
760,764
760,769
760,779
761,760
761,770
761,772
764,760
769,760
770,761
770,773
772,761
773,770
779,760
780,781
780,783
780,791
780,799
781,780
781,782
781,792
782,781
783,780
783,798
791,780
792,781
798,783
799,780
800,801
800,803
800,804
800,809
800,811
800,819
801,800
801,802
801,810
801,812
802,801
802,805
802,806
802,814
803,800
804,800
805,802
806,802
806,816
809,800
810,801
810,813
811,800
812,801
813,810
814,802
816,806
819,800
820,821
820,824
820,829
820,831
820,839
821,820
821,822
821,830
821,832
822,821
822,825
822,826
822,834
824,820
825,822
825,827
826,822
826,828
827,825
828,826
828,837
829,820
830,821
830,833
831,820
832,821
833,830
834,822
837,828
839,820
840,841
840,843
840,844
840,849
841,840
841,842
841,850
841,852
842,841
842,845
842,854
843,840
844,840
845,842
845,847
847,845
849,840
850,841
850,853
852,841
853,850
854,842
860,861
860,863
860,864
860,871
860,879
861,860
861,862
861,870
861,872
862,861
862,865
863,860
863,875
864,860
865,862
865,867
867,865
870,861
870,873
871,860
872,861
873,870
875,863
879,860
880,881
880,883
880,884
880,889
880,891
880,899
881,880
881,882
881,890
881,892
882,881
882,885
882,886
882,894
883,880
883,895
883,898
884,880
885,882
886,882
889,880
890,881
890,893
891,880
892,881
893,890
894,882
895,883
898,883
899,880
900,901
900,903
900,904
900,909
900,911
901,900
901,902
901,910
901,912
902,901
902,905
902,906
902,914
903,900
903,915
903,918
904,900
905,902
906,902
906,916
909,900
910,901
911,900
912,901
914,902
915,903
916,906
918,903
920,921
920,923
920,924
920,929
920,931
920,939
921,920
921,922
921,930
921,932
922,921
922,925
922,926
922,934
923,920
923,935
923,938
924,920
925,922
926,922
929,920
930,921
931,920
932,921
934,922
935,923
938,923
939,920
940,941
940,943
940,944
940,951
941,940
941,942
941,952
942,941
942,945
942,946
942,954
943,940
943,958
944,940
945,942
946,942
946,956
951,940
952,941
954,942
956,946
958,943
960,961
960,963
960,964
960,969
960,971
960,979
961,960
961,970
961,972
963,960
963,975
964,960
969,960
970,961
970,973
971,960
972,961
973,970
975,963
979,960
980,981
980,983
980,984
980,989
980,991
980,999
981,980
981,982
981,990
981,992
982,981
982,985
982,986
982,994
983,980
983,998
984,980
985,982
986,982
986,988
986,996
988,986
988,997
989,980
990,981
990,993
991,980
992,981
993,990
994,982
996,986
997,988
998,983
999,980
1000,1001
1000,1004
1000,1009
1000,1011
1001,1000
1001,1002
1001,1010
1001,1012
1002,1001
1002,1005
1002,1006
1002,1014
1004,1000
1005,1002
1006,1002
1006,1008
1006,1016
1008,1006
1009,1000
1010,1001
1010,1013
1011,1000
1012,1001
1013,1010
1014,1002
1016,1006
1020,1021
1020,1023
1020,1024
1020,1029
1020,1039
1021,1020
1021,1022
1021,1030
1021,1032
1022,1021
1022,1025
1022,1026
1022,1034
1023,1020
1024,1020
1025,1022
1025,1027
1026,1022
1026,1028
1026,1036
1027,1025
1028,1026
1029,1020
1030,1021
1030,1033
1032,1021
1033,1030
1034,1022
1036,1026
1039,1020
1040,1041
1040,1043
1040,1044
1040,1049
1040,1051
1040,1059
1041,1040
1041,1042
1041,1050
1041,1052
1042,1041
1042,1045
1042,1046
1042,1054
1043,1040
1044,1040
1045,1042
1045,1047
1046,1042
1046,1048
1047,1045
1048,1046
1049,1040
1050,1041
1050,1053
1051,1040
1052,1041
1053,1050
1054,1042
1059,1040
1060,1061
1060,1071
1060,1079
1061,1060
1061,1062
1061,1070
1061,1072
1062,1061
1062,1065
1062,1066
1062,1074
1065,1062
1066,1062
1070,1061
1071,1060
1072,1061
1074,1062
1079,1060
1080,1081
1081,1080
1081,1082
1081,1090
1081,1092
1082,1081
1082,1085
1082,1086
1082,1094
1085,1082
1085,1087
1086,1082
1087,1085
1090,1081
1090,1093
1092,1081
1093,1090
1094,1082
1100,1101
1100,1104
1100,1109
1100,1111
1100,1119
1101,1100
1101,1102
1101,1110
1101,1112
1102,1101
1102,1105
1102,1114
1104,1100
1105,1102
1105,1107
1107,1105
1109,1100
1110,1101
1110,1113
1111,1100
1112,1101
1113,1110
1114,1102
1119,1100
1120,1121
1121,1120
1121,1122
1121,1130
1121,1132
1122,1121
1122,1126
1122,1134
1126,1122
1126,1128
1126,1136
1128,1126
1128,1137
1130,1121
1132,1121
1134,1122
1136,1126
1137,1128
1140,1141
1140,1143
1140,1144
1140,1149
1140,1151
1140,1159
1141,1140
1141,1142
1141,1150
1141,1152
1142,1141
1142,1145
1142,1146
1142,1154
1143,1140
1143,1155
1143,1158
1144,1140
1145,1142
1145,1147
1146,1142
1146,1156
1147,1145
1149,1140
1150,1141
1150,1153
1151,1140
1152,1141
1153,1150
1154,1142
1155,1143
1156,1146
1158,1143
1159,1140
1160,1161
1160,1163
1160,1169
1160,1171
1160,1179
1161,1160
1161,1162
1161,1170
1161,1172
1162,1161
1162,1165
1162,1166
1163,1160
1163,1178
1165,1162
1166,1162
1166,1176
1169,1160
1170,1161
1170,1173
1171,1160
1172,1161
1173,1170
1176,1166
1178,1163
1179,1160
1180,1181
1180,1183
1180,1189
1180,1191
1180,1199
1181,1180
1181,1182
1181,1190
1181,1192
1182,1181
1183,1180
1189,1180
1190,1181
1190,1193
1191,1180
1192,1181
1193,1190
1199,1180
1200,1201
1200,1204
1200,1209
1200,1211
1201,1200
1201,1202
1202,1201
1202,1205
1202,1206
1202,1214
1204,1200
1205,1202
1206,1202
1209,1200
1211,1200
1214,1202
1221,1222
1222,1221
1222,1225
1222,1226
1222,1234
1225,1222
1225,1227
1226,1222
1226,1228
1227,1225
1228,1226
1234,1222
1240,1241
1240,1243
1240,1244
1240,1249
1240,1251
1240,1259
1241,1240
1241,1242
1241,1250
1241,1252
1242,1241
1242,1245
1242,1246
1242,1254
1243,1240
1243,1258
1244,1240
1245,1242
1246,1242
1246,1248
1246,1256
1248,1246
1249,1240
1250,1241
1250,1253
1251,1240
1252,1241
1253,1250
1254,1242
1256,1246
1258,1243
1259,1240
1260,1261
1260,1263
1260,1269
1260,1271
1260,1279
1261,1260
1261,1262
1261,1270
1262,1261
1262,1265
1262,1266
1262,1274
1263,1260
1265,1262
1265,1267
1266,1262
1266,1268
1266,1276
1267,1265
1268,1266
1269,1260
1270,1261
1271,1260
1274,1262
1276,1266
1279,1260
1281,1282
1281,1290
1281,1292
1282,1281
1282,1285
1282,1286
1282,1294
1285,1282
1285,1287
1286,1282
1286,1288
1286,1296
1287,1285
1288,1286
1290,1281
1292,1281
1294,1282
1296,1286
1300,1301
1300,1309
1300,1319
1301,1300
1301,1302
1301,1312
1302,1301
1302,1305
1302,1306
1305,1302
1305,1307
1306,1302
1306,1308
1306,1316
1307,1305
1308,1306
1308,1317
1309,1300
1312,1301
1316,1306
1317,1308
1319,1300
1320,1321
1320,1331
1320,1339
1321,1320
1321,1322
1321,1330
1322,1321
1322,1325
1322,1326
1322,1334
1325,1322
1326,1322
1326,1328
1328,1326
1330,1321
1331,1320
1334,1322
1339,1320
1340,1341
1340,1343
1340,1351
1341,1340
1341,1342
1341,1350
1341,1352
1342,1341
1342,1345
1342,1346
1342,1354
1343,1340
1345,1342
1346,1342
1346,1348
1348,1346
1350,1341
1351,1340
1352,1341
1354,1342
1361,1362
1362,1361
1362,1365
1362,1366
1365,1362
1365,1367
1366,1362
1366,1368
1366,1376
1367,1365
1368,1366
1368,1377
1376,1366
1377,1368
1380,1381
1380,1383
1380,1389
1381,1380
1381,1382
1381,1392
1382,1381
1382,1385
1382,1386
1382,1394
1383,1380
1385,1382
1386,1382
1386,1388
1386,1396
1388,1386
1388,1397
1389,1380
1392,1381
1394,1382
1396,1386
1397,1388
1400,1401
1401,1400
1401,1402
1401,1410
1401,1412
1402,1401
1402,1405
1402,1406
1402,1414
1405,1402
1406,1402
1410,1401
1412,1401
1414,1402
1421,1422
1421,1430
1421,1432
1422,1421
1422,1426
1422,1434
1426,1422
1426,1428
1426,1436
1428,1426
1428,1437
1430,1421
1430,1433
1432,1421
1433,1430
1434,1422
1436,1426
1437,1428
1441,1442
1442,1441
1442,1445
1442,1446
1442,1454
1445,1442
1445,1447
1446,1442
1446,1448
1446,1456
1447,1445
1448,1446
1448,1457
1454,1442
1456,1446
1457,1448
1460,1461
1460,1464
1460,1469
1460,1471
1460,1479
1461,1460
1461,1462
1461,1470
1461,1472
1462,1461
1462,1465
1462,1466
1462,1474
1464,1460
1465,1462
1465,1467
1466,1462
1466,1468
1466,1476
1467,1465
1468,1466
1469,1460
1470,1461
1471,1460
1472,1461
1474,1462
1476,1466
1479,1460
1480,1481
1480,1483
1480,1484
1480,1489
1480,1491
1481,1480
1481,1482
1481,1492
1482,1481
1482,1486
1482,1494
1483,1480
1484,1480
1486,1482
1486,1496
1489,1480
1491,1480
1492,1481
1494,1482
1496,1486
1501,1502
1502,1501
1502,1505
1502,1506
1502,1514
1505,1502
1505,1507
1506,1502
1506,1508
1506,1516
1507,1505
1508,1506
1508,1517
1514,1502
1516,1506
1517,1508
1520,1521
1520,1523
1520,1531
1521,1520
1521,1522
1521,1530
1521,1532
1522,1521
1522,1525
1522,1526
1523,1520
1525,1522
1526,1522
1526,1528
1526,1536
1528,1526
1528,1537
1530,1521
1531,1520
1532,1521
1536,1526
1537,1528
1540,1541
1541,1540
1541,1542
1541,1550
1542,1541
1542,1545
1542,1546
1542,1554
1545,1542
1545,1547
1546,1542
1546,1548
1546,1556
1547,1545
1548,1546
1550,1541
1550,1553
1553,1550
1554,1542
1556,1546
1560,1561
1560,1563
1560,1571
1561,1560
1561,1562
1561,1570
1561,1572
1562,1561
1562,1565
1562,1566
1562,1574
1563,1560
1565,1562
1565,1567
1566,1562
1566,1568
1566,1576
1567,1565
1568,1566
1570,1561
1571,1560
1572,1561
1574,1562
1576,1566
1582,1585
1582,1586
1582,1594
1585,1582
1586,1582
1586,1588
1586,1596
1588,1586
1588,1597
1594,1582
1596,1586
1597,1588
1601,1602
1601,1610
1602,1601
1602,1606
1602,1614
1606,1602
1606,1608
1606,1616
1608,1606
1608,1617
1610,1601
1614,1602
1616,1606
1617,1608
1620,1621
1620,1631
1620,1639
1621,1620
1621,1622
1621,1630
1621,1632
1622,1621
1622,1625
1622,1626
1622,1634
1625,1622
1625,1627
1626,1622
1626,1636
1627,1625
1630,1621
1631,1620
1632,1621
1634,1622
1636,1626
1639,1620
1640,1641
1640,1649
1640,1651
1640,1659
1641,1640
1641,1642
1642,1641
1642,1645
1642,1646
1642,1654
1645,1642
1645,1647
1646,1642
1646,1648
1646,1656
1647,1645
1648,1646
1648,1657
1649,1640
1651,1640
1654,1642
1656,1646
1657,1648
1659,1640
1660,1661
1660,1664
1660,1671
1661,1660
1661,1662
1661,1670
1661,1672
1662,1661
1662,1665
1662,1666
1662,1674
1664,1660
1665,1662
1665,1667
1666,1662
1666,1668
1666,1676
1667,1665
1668,1666
1670,1661
1670,1673
1671,1660
1672,1661
1673,1670
1674,1662
1676,1666
1682,1685
1682,1686
1682,1694
1685,1682
1685,1687
1686,1682
1686,1696
1687,1685
1694,1682
1696,1686
1700,1701
1701,1700
1701,1702
1701,1712
1702,1701
1702,1705
1702,1706
1702,1714
1705,1702
1705,1707
1706,1702
1707,1705
1712,1701
1714,1702
1721,1722
1721,1730
1721,1732
1722,1721
1722,1725
1722,1726
1722,1734
1725,1722
1725,1727
1726,1722
1726,1728
1726,1736
1727,1725
1728,1726
1728,1737
1730,1721
1730,1733
1732,1721
1733,1730
1734,1722
1736,1726
1737,1728
1740,1741
1740,1743
1741,1740
1741,1742
1741,1752
1742,1741
1742,1745
1742,1746
1742,1754
1743,1740
1745,1742
1745,1747
1746,1742
1746,1748
1746,1756
1747,1745
1748,1746
1752,1741
1754,1742
1756,1746
1760,1761
1760,1764
1760,1769
1760,1771
1760,1779
1761,1760
1761,1762
1761,1772
1762,1761
1762,1765
1762,1766
1762,1774
1764,1760
1765,1762
1765,1767
1766,1762
1766,1768
1766,1776
1767,1765
1768,1766
1768,1777
1769,1760
1771,1760
1772,1761
1774,1762
1776,1766
1777,1768
1779,1760
1780,1781
1780,1783
1780,1791
1780,1799
1781,1780
1781,1782
1781,1790
1781,1792
1782,1781
1782,1785
1782,1794
1783,1780
1785,1782
1785,1787
1787,1785
1790,1781
1790,1793
1791,1780
1792,1781
1793,1790
1794,1782
1799,1780
1803,1815
1803,1818
1815,1803
1818,1803
1820,1823
1820,1831
1820,1839
1823,1820
1823,1835
1823,1838
1831,1820
1835,1823
1838,1823
1839,1820
1840,1843
1840,1844
1840,1849
1840,1851
1840,1859
1843,1840
1843,1858
1844,1840
1849,1840
1851,1840
1858,1843
1859,1840
1860,1861
1860,1863
1860,1864
1860,1869
1860,1871
1861,1860
1863,1860
1863,1875
1863,1878
1864,1860
1869,1860
1871,1860
1875,1863
1878,1863
1880,1881
1880,1883
1880,1884
1880,1889
1880,1891
1880,1899
1881,1880
1883,1880
1883,1895
1883,1898
1884,1880
1889,1880
1891,1880
1895,1883
1898,1883
1899,1880
1900,1901
1900,1903
1900,1909
1900,1919
1901,1900
1901,1902
1901,1910
1902,1901
1903,1900
1903,1915
1903,1918
1909,1900
1910,1901
1915,1903
1918,1903
1919,1900
1920,1921
1920,1923
1920,1924
1920,1929
1920,1931
1920,1939
1921,1920
1923,1920
1923,1935
1923,1938
1924,1920
1929,1920
1931,1920
1935,1923
1938,1923
1939,1920
1940,1941
1940,1943
1940,1944
1940,1951
1940,1959
1941,1940
1941,1942
1941,1950
1941,1952
1942,1941
1943,1940
1943,1955
1943,1958
1944,1940
1950,1941
1951,1940
1952,1941
1955,1943
1958,1943
1959,1940
1960,1961
1960,1963
1960,1964
1960,1969
1960,1979
1961,1960
1963,1960
1963,1975
1963,1978
1964,1960
1969,1960
1975,1963
1978,1963
1979,1960
1983,1995
1983,1998
1995,1983
1998,1983
2000,2001
2000,2003
2000,2004
2000,2009
2000,2011
2000,2019
2001,2000
2001,2010
2001,2012
2003,2000
2003,2018
2004,2000
2009,2000
2010,2001
2010,2013
2011,2000
2012,2001
2013,2010
2018,2003
2019,2000
2023,2035
2023,2038
2035,2023
2038,2023
2040,2043
2040,2044
2040,2049
2040,2051
2043,2040
2043,2055
2043,2058
2044,2040
2049,2040
2051,2040
2055,2043
2058,2043
2060,2061
2060,2063
2060,2064
2060,2069
2060,2079
2061,2060
2061,2070
2061,2072
2063,2060
2063,2075
2063,2078
2064,2060
2069,2060
2070,2061
2072,2061
2075,2063
2078,2063
2079,2060
2080,2081
2080,2083
2080,2084
2080,2089
2080,2091
2080,2099
2081,2080
2081,2090
2081,2092
2083,2080
2083,2095
2083,2098
2084,2080
2089,2080
2090,2081
2090,2093
2091,2080
2092,2081
2093,2090
2095,2083
2098,2083
2099,2080
2100,2103
2100,2104
2100,2109
2100,2111
2100,2119
2103,2100
2103,2115
2103,2118
2104,2100
2109,2100
2111,2100
2115,2103
2118,2103
2119,2100
2120,2121
2120,2123
2120,2124
2120,2131
2120,2139
2121,2120
2123,2120
2123,2135
2123,2138
2124,2120
2131,2120
2135,2123
2138,2123
2139,2120
2140,2141
2140,2143
2140,2144
2140,2149
2140,2151
2140,2159
2141,2140
2141,2152
2143,2140
2143,2155
2143,2158
2144,2140
2149,2140
2151,2140
2152,2141
2155,2143
2158,2143
2159,2140
2160,2161
2160,2163
2160,2164
2160,2169
2160,2171
2160,2179
2161,2160
2161,2162
2161,2170
2161,2172
2162,2161
2162,2166
2163,2160
2163,2175
2163,2178
2164,2160
2166,2162
2169,2160
2170,2161
2170,2173
2171,2160
2172,2161
2173,2170
2175,2163
2178,2163
2179,2160
2180,2183
2180,2184
2180,2189
2180,2191
2183,2180
2183,2195
2183,2198
2184,2180
2189,2180
2191,2180
2195,2183
2198,2183
2200,2201
2200,2203
2200,2204
2201,2200
2203,2200
2203,2215
2203,2218
2204,2200
2215,2203
2218,2203
2220,2221
2220,2223
2220,2231
2220,2239
2221,2220
2221,2222
2222,2221
2223,2220
2223,2235
2223,2238
2231,2220
2235,2223
2238,2223
2239,2220
2240,2241
2240,2243
2240,2244
2240,2249
2240,2259
2241,2240
2241,2242
2241,2250
2241,2252
2242,2241
2242,2245
2242,2246
2242,2254
2243,2240
2243,2255
2243,2258
2244,2240
2245,2242
2246,2242
2249,2240
2250,2241
2250,2253
2252,2241
2253,2250
2254,2242
2255,2243
2258,2243
2259,2240
2260,2261
2260,2263
2260,2269
2260,2271
2260,2279
2261,2260
2261,2272
2263,2260
2263,2275
2263,2278
2269,2260
2271,2260
2272,2261
2275,2263
2278,2263
2279,2260
2280,2281
2280,2283
2280,2284
2280,2291
2280,2299
2281,2280
2283,2280
2283,2295
2283,2298
2284,2280
2291,2280
2295,2283
2298,2283
2299,2280
2300,2303
2300,2304
2300,2309
2300,2311
2303,2300
2303,2315
2303,2318
2304,2300
2309,2300
2311,2300
2315,2303
2318,2303
2320,2323
2320,2329
2320,2339
2323,2320
2323,2335
2323,2338
2329,2320
2335,2323
2338,2323
2339,2320
2340,2343
2340,2344
2340,2349
2340,2351
2340,2359
2343,2340
2343,2355
2343,2358
2344,2340
2349,2340
2351,2340
2355,2343
2358,2343
2359,2340
2360,2363
2363,2360
2363,2375
2363,2378
2375,2363
2378,2363
2380,2381
2380,2383
2380,2384
2380,2391
2380,2399
2381,2380
2381,2382
2381,2390
2381,2392
2382,2381
2382,2394
2383,2380
2383,2395
2383,2398
2384,2380
2390,2381
2390,2393
2391,2380
2392,2381
2393,2390
2394,2382
2395,2383
2398,2383
2399,2380
2400,2404
2404,2400
2420,2421
2420,2423
2420,2424
2420,2429
2420,2431
2420,2439
2421,2420
2421,2432
2423,2420
2424,2420
2429,2420
2431,2420
2432,2421
2439,2420
2440,2441
2440,2443
2440,2444
2440,2449
2440,2451
2440,2459
2441,2440
2441,2450
2443,2440
2444,2440
2449,2440
2450,2441
2451,2440
2459,2440
2460,2461
2460,2463
2460,2464
2460,2469
2460,2471
2461,2460
2461,2462
2461,2472
2462,2461
2463,2460
2463,2475
2464,2460
2469,2460
2471,2460
2472,2461
2475,2463
2480,2483
2480,2484
2480,2499
2483,2480
2484,2480
2499,2480
2500,2501
2500,2503
2500,2504
2500,2511
2500,2519
2501,2500
2501,2502
2501,2510
2501,2512
2502,2501
2503,2500
2503,2518
2504,2500
2510,2501
2511,2500
2512,2501
2518,2503
2519,2500
2520,2521
2520,2524
2520,2529
2520,2531
2520,2539
2521,2520
2521,2530
2524,2520
2529,2520
2530,2521
2530,2533
2531,2520
2533,2530
2539,2520
2540,2541
2540,2544
2540,2551
2540,2559
2541,2540
2544,2540
2551,2540
2559,2540
2560,2563
2560,2564
2560,2579
2563,2560
2564,2560
2579,2560
2580,2584
2580,2589
2580,2591
2580,2599
2584,2580
2589,2580
2591,2580
2599,2580
2600,2601
2600,2603
2600,2604
2600,2609
2600,2611
2600,2619
2601,2600
2603,2600
2603,2615
2603,2618
2604,2600
2609,2600
2611,2600
2615,2603
2618,2603
2619,2600
2620,2624
2620,2631
2624,2620
2631,2620
2640,2641
2640,2643
2640,2644
2640,2649
2640,2659
2641,2640
2641,2642
2641,2652
2642,2641
2642,2645
2642,2654
2643,2640
2643,2655
2643,2658
2644,2640
2645,2642
2649,2640
2652,2641
2654,2642
2655,2643
2658,2643
2659,2640
2660,2661
2660,2663
2660,2664
2660,2669
2660,2671
2660,2679
2661,2660
2661,2662
2662,2661
2663,2660
2663,2675
2663,2678
2664,2660
2669,2660
2671,2660
2675,2663
2678,2663
2679,2660
2680,2681
2680,2683
2680,2684
2680,2699
2681,2680
2681,2690
2683,2680
2683,2698
2684,2680
2690,2681
2698,2683
2699,2680
2700,2701
2700,2703
2700,2704
2700,2711
2701,2700
2703,2700
2704,2700
2711,2700
2720,2721
2720,2723
2720,2724
2720,2729
2720,2731
2720,2739
2721,2720
2723,2720
2723,2735
2724,2720
2729,2720
2731,2720
2735,2723
2739,2720
2740,2741
2740,2744
2740,2749
2740,2751
2740,2759
2741,2740
2741,2742
2741,2752
2742,2741
2744,2740
2749,2740
2751,2740
2752,2741
2759,2740
2760,2761
2760,2764
2760,2769
2761,2760
2764,2760
2769,2760
2780,2784
2784,2780
2800,2803
2800,2804
2800,2811
2800,2819
2803,2800
2803,2815
2804,2800
2811,2800
2815,2803
2819,2800
2820,2821
2820,2824
2820,2829
2820,2839
2821,2820
2824,2820
2829,2820
2839,2820
2840,2841
2840,2843
2840,2844
2840,2849
2840,2851
2840,2859
2841,2840
2843,2840
2843,2855
2843,2858
2844,2840
2849,2840
2851,2840
2855,2843
2858,2843
2859,2840
2860,2861
2860,2863
2860,2864
2860,2869
2860,2871
2860,2879
2861,2860
2863,2860
2863,2875
2863,2878
2864,2860
2869,2860
2871,2860
2875,2863
2878,2863
2879,2860
2880,2881
2880,2883
2880,2884
2880,2889
2880,2891
2880,2899
2881,2880
2881,2882
2882,2881
2883,2880
2883,2898
2884,2880
2889,2880
2891,2880
2898,2883
2899,2880
2900,2901
2900,2903
2900,2904
2900,2909
2900,2911
2900,2919
2901,2900
2901,2902
2901,2910
2901,2912
2902,2901
2903,2900
2904,2900
2909,2900
2910,2901
2911,2900
2912,2901
2919,2900
2920,2921
2920,2924
2920,2929
2920,2931
2920,2939
2921,2920
2921,2930
2921,2932
2924,2920
2929,2920
2930,2921
2930,2933
2931,2920
2932,2921
2933,2930
2939,2920
2941,2942
2942,2941
2942,2945
2942,2946
2942,2954
2945,2942
2946,2942
2954,2942
2960,2961
2961,2960
2961,2962
2961,2970
2961,2972
2962,2961
2962,2965
2962,2966
2965,2962
2965,2967
2966,2962
2966,2968
2966,2976
2967,2965
2968,2966
2970,2961
2972,2961
2976,2966
2981,2982
2982,2981
2982,2985
2982,2986
2982,2994
2985,2982
2985,2987
2986,2982
2987,2985
2994,2982
3001,3002
3001,3012
3002,3001
3002,3005
3002,3006
3002,3014
3005,3002
3005,3007
3006,3002
3006,3016
3007,3005
3012,3001
3014,3002
3016,3006
3022,3025
3025,3022
3025,3027
3027,3025
3042,3045
3045,3042
3045,3047
3047,3045
3061,3062
3062,3061
3062,3065
3062,3066
3062,3074
3065,3062
3065,3067
3066,3062
3066,3068
3067,3065
3068,3066
3074,3062
3082,3085
3082,3086
3082,3094
3085,3082
3085,3087
3086,3082
3087,3085
3094,3082
3102,3105
3102,3106
3102,3114
3105,3102
3105,3107
3106,3102
3107,3105
3114,3102
3121,3122
3121,3132
3122,3121
3122,3125
3122,3134
3125,3122
3125,3127
3127,3125
3132,3121
3134,3122
3141,3142
3141,3152
3142,3141
3142,3145
3142,3154
3145,3142
3145,3147
3147,3145
3152,3141
3154,3142
3161,3162
3161,3172
3162,3161
3162,3165
3162,3166
3162,3174
3165,3162
3165,3167
3166,3162
3166,3168
3166,3176
3167,3165
3168,3166
3172,3161
3174,3162
3176,3166
3181,3182
3182,3181
3182,3185
3182,3186
3182,3194
3185,3182
3186,3182
3186,3188
3186,3196
3188,3186
3194,3182
3196,3186
3200,3201
3200,3204
3200,3209
3201,3200
3201,3202
3201,3212
3202,3201
3202,3205
3202,3206
3202,3214
3204,3200
3205,3202
3205,3207
3206,3202
3206,3208
3206,3216
3207,3205
3208,3206
3208,3217
3209,3200
3212,3201
3214,3202
3216,3206
3217,3208
3221,3222
3222,3221
3222,3225
3222,3226
3222,3234
3225,3222
3225,3227
3226,3222
3226,3228
3226,3236
3227,3225
3228,3226
3228,3237
3234,3222
3236,3226
3237,3228
3242,3245
3242,3246
3242,3254
3245,3242
3245,3247
3246,3242
3247,3245
3254,3242
3261,3262
3262,3261
3262,3265
3262,3274
3265,3262
3265,3267
3267,3265
3274,3262
3280,3281
3281,3280
3281,3282
3281,3290
3282,3281
3282,3285
3282,3294
3285,3282
3285,3287
3287,3285
3290,3281
3294,3282
3301,3302
3301,3312
3302,3301
3302,3305
3302,3306
3302,3314
3305,3302
3305,3307
3306,3302
3306,3308
3306,3316
3307,3305
3308,3306
3312,3301
3314,3302
3316,3306
3321,3322
3322,3321
3322,3325
3322,3326
3322,3334
3325,3322
3325,3327
3326,3322
3327,3325
3334,3322
3341,3342
3341,3352
3342,3341
3342,3345
3342,3346
3342,3354
3345,3342
3345,3347
3346,3342
3346,3348
3347,3345
3348,3346
3352,3341
3354,3342
3362,3365
3365,3362
3365,3367
3367,3365
3382,3385
3382,3394
3385,3382
3385,3387
3387,3385
3394,3382
3400,3401
3400,3403
3400,3404
3400,3409
3400,3419
3401,3400
3401,3402
3401,3410
3401,3412
3402,3401
3402,3405
3402,3406
3402,3414
3403,3400
3404,3400
3405,3402
3405,3407
3406,3402
3406,3408
3406,3416
3407,3405
3408,3406
3408,3417
3409,3400
3410,3401
3412,3401
3414,3402
3416,3406
3417,3408
3419,3400
3421,3422
3422,3421
3422,3425
3422,3426
3422,3434
3425,3422
3426,3422
3426,3428
3428,3426
3434,3422
3440,3441
3440,3443
3440,3449
3440,3451
3440,3459
3441,3440
3441,3442
3442,3441
3442,3445
3442,3446
3442,3454
3443,3440
3445,3442
3445,3447
3446,3442
3446,3448
3446,3456
3447,3445
3448,3446
3448,3457
3449,3440
3451,3440
3454,3442
3456,3446
3457,3448
3459,3440
3460,3461
3460,3469
3460,3479
3461,3460
3461,3462
3462,3461
3462,3465
3462,3466
3462,3474
3465,3462
3465,3467
3466,3462
3467,3465
3469,3460
3474,3462
3479,3460
3480,3481
3480,3489
3480,3491
3481,3480
3481,3482
3481,3490
3482,3481
3482,3485
3482,3486
3482,3494
3485,3482
3485,3487
3486,3482
3486,3488
3486,3496
3487,3485
3488,3486
3489,3480
3490,3481
3491,3480
3494,3482
3496,3486
3501,3502
3502,3501
3502,3505
3502,3506
3505,3502
3505,3507
3506,3502
3507,3505
3522,3525
3522,3534
3525,3522
3534,3522
3541,3542
3542,3541
3542,3545
3542,3546
3542,3554
3545,3542
3546,3542
3546,3548
3546,3556
3548,3546
3554,3542
3556,3546
3560,3561
3560,3563
3560,3564
3560,3571
3560,3579
3561,3560
3561,3562
3561,3570
3561,3572
3562,3561
3562,3565
3562,3566
3562,3574
3563,3560
3564,3560
3565,3562
3566,3562
3566,3568
3566,3576
3568,3566
3568,3577
3570,3561
3571,3560
3572,3561
3574,3562
3576,3566
3577,3568
3579,3560
3580,3581
3581,3580
3581,3582
3581,3592
3582,3581
3582,3585
3582,3586
3582,3594
3585,3582
3585,3587
3586,3582
3586,3588
3587,3585
3588,3586
3588,3597
3592,3581
3594,3582
3597,3588
3600,3601
3601,3600
3601,3602
3602,3601
3602,3605
3602,3606
3602,3614
3605,3602
3605,3607
3606,3602
3606,3608
3606,3616
3607,3605
3608,3606
3608,3617
3614,3602
3616,3606
3617,3608
3620,3621
3621,3620
3621,3622
3621,3630
3621,3632
3622,3621
3622,3625
3622,3626
3622,3634
3625,3622
3626,3622
3626,3628
3626,3636
3628,3626
3628,3637
3630,3621
3632,3621
3634,3622
3636,3626
3637,3628
3640,3641
3641,3640
3641,3642
3641,3650
3641,3652
3642,3641
3642,3645
3642,3646
3642,3654
3645,3642
3645,3647
3646,3642
3646,3648
3646,3656
3647,3645
3648,3646
3648,3657
3650,3641
3652,3641
3654,3642
3656,3646
3657,3648
3660,3661
3661,3660
3661,3662
3661,3672
3662,3661
3662,3665
3662,3666
3662,3674
3665,3662
3665,3667
3666,3662
3666,3668
3666,3676
3667,3665
3668,3666
3668,3677
3672,3661
3674,3662
3676,3666
3677,3668
3681,3682
3682,3681
3682,3685
3682,3686
3685,3682
3686,3682
3686,3688
3686,3696
3688,3686
3688,3697
3696,3686
3697,3688
3701,3702
3701,3710
3701,3712
3702,3701
3702,3706
3702,3714
3706,3702
3706,3708
3706,3716
3708,3706
3708,3717
3710,3701
3712,3701
3714,3702
3716,3706
3717,3708
3721,3722
3721,3730
3721,3732
3722,3721
3722,3725
3722,3726
3725,3722
3725,3727
3726,3722
3726,3728
3726,3736
3727,3725
3728,3726
3728,3737
3730,3721
3732,3721
3736,3726
3737,3728
3742,3746
3746,3742
3746,3748
3746,3756
3748,3746
3756,3746
3762,3765
3762,3766
3762,3774
3765,3762
3765,3767
3766,3762
3766,3768
3766,3776
3767,3765
3768,3766
3768,3777
3774,3762
3776,3766
3777,3768
3782,3785
3782,3786
3782,3794
3785,3782
3786,3782
3786,3788
3786,3796
3788,3786
3788,3797
3794,3782
3796,3786
3797,3788
3801,3802
3801,3812
3802,3801
3802,3805
3802,3806
3802,3814
3805,3802
3805,3807
3806,3802
3806,3808
3806,3816
3807,3805
3808,3806
3812,3801
3814,3802
3816,3806
3821,3822
3821,3830
3821,3832
3822,3821
3822,3825
3822,3826
3822,3834
3825,3822
3826,3822
3826,3828
3826,3836
3828,3826
3830,3821
3832,3821
3834,3822
3836,3826
3841,3842
3842,3841
3842,3845
3842,3846
3842,3854
3845,3842
3846,3842
3846,3848
3846,3856
3848,3846
3848,3857
3854,3842
3856,3846
3857,3848
3861,3862
3861,3870
3861,3872
3862,3861
3862,3865
3862,3866
3862,3874
3865,3862
3865,3867
3866,3862
3866,3868
3866,3876
3867,3865
3868,3866
3868,3877
3870,3861
3872,3861
3874,3862
3876,3866
3877,3868
3881,3882
3881,3892
3882,3881
3882,3885
3882,3886
3882,3894
3885,3882
3886,3882
3886,3888
3886,3896
3888,3886
3888,3897
3892,3881
3894,3882
3896,3886
3897,3888
3901,3902
3902,3901
3902,3905
3902,3906
3902,3914
3905,3902
3906,3902
3906,3908
3906,3916
3908,3906
3908,3917
3914,3902
3916,3906
3917,3908
3920,3921
3921,3920
3921,3922
3921,3930
3921,3932
3922,3921
3922,3925
3922,3926
3925,3922
3926,3922
3926,3928
3926,3936
3928,3926
3930,3921
3932,3921
3936,3926
3940,3941
3941,3940
3941,3942
3941,3950
3942,3941
3942,3946
3942,3954
3946,3942
3946,3948
3946,3956
3948,3946
3948,3957
3950,3941
3954,3942
3956,3946
3957,3948
3962,3966
3966,3962
3966,3968
3966,3976
3968,3966
3968,3977
3976,3966
3977,3968
3980,3981
3980,3983
3980,3984
3980,3989
3980,3999
3981,3980
3981,3982
3981,3990
3981,3992
3982,3981
3982,3985
3982,3986
3982,3994
3983,3980
3984,3980
3985,3982
3986,3982
3986,3988
3986,3996
3988,3986
3988,3997
3989,3980
3990,3981
3990,3993
3992,3981
3993,3990
3994,3982
3996,3986
3997,3988
3999,3980
4000,4001
4000,4009
4000,4011
4000,4019
4001,4000
4001,4002
4001,4010
4001,4012
4002,4001
4002,4005
4002,4006
4002,4014
4005,4002
4005,4007
4006,4002
4006,4008
4006,4016
4007,4005
4008,4006
4009,4000
4010,4001
4011,4000
4012,4001
4014,4002
4016,4006
4019,4000
4021,4022
4021,4030
4021,4032
4022,4021
4022,4025
4022,4026
4022,4034
4025,4022
4025,4027
4026,4022
4026,4028
4026,4036
4027,4025
4028,4026
4028,4037
4030,4021
4030,4033
4032,4021
4033,4030
4034,4022
4036,4026
4037,4028
4040,4041
4041,4040
4041,4042
4041,4050
4042,4041
4042,4045
4042,4046
4042,4054
4045,4042
4045,4047
4046,4042
4046,4048
4046,4056
4047,4045
4048,4046
4050,4041
4054,4042
4056,4046
4062,4066
4066,4062
4066,4068
4066,4076
4068,4066
4076,4066
4081,4082
4082,4081
4082,4085
4082,4086
4082,4094
4085,4082
4086,4082
4086,4088
4086,4096
4088,4086
4088,4097
4094,4082
4096,4086
4097,4088
4101,4102
4102,4101
4102,4105
4102,4106
4102,4114
4105,4102
4105,4107
4106,4102
4106,4108
4106,4116
4107,4105
4108,4106
4108,4117
4114,4102
4116,4106
4117,4108
4121,4122
4121,4132
4122,4121
4122,4125
4122,4126
4122,4134
4125,4122
4125,4127
4126,4122
4126,4128
4126,4136
4127,4125
4128,4126
4128,4137
4132,4121
4134,4122
4136,4126
4137,4128
4142,4145
4145,4142
4145,4147
4147,4145
4165,4167
4167,4165
4182,4185
4185,4182
4185,4187
4187,4185
4205,4207
4207,4205
4222,4225
4222,4226
4225,4222
4225,4227
4226,4222
4226,4236
4227,4225
4236,4226
4241,4242
4242,4241
4242,4245
4242,4246
4242,4254
4245,4242
4245,4247
4246,4242
4247,4245
4254,4242
4261,4262
4261,4270
4261,4272
4262,4261
4262,4265
4262,4266
4265,4262
4265,4267
4266,4262
4267,4265
4270,4261
4272,4261
4282,4285
4285,4282
4285,4287
4287,4285
4305,4307
4307,4305
4325,4327
4327,4325
4341,4342
4342,4341
4342,4345
4342,4346
4342,4354
4345,4342
4345,4347
4346,4342
4347,4345
4354,4342
4362,4365
4365,4362
4365,4367
4367,4365
4380,4381
4381,4380
4381,4382
4381,4390
4381,4392
4382,4381
4382,4385
4382,4386
4382,4394
4385,4382
4385,4387
4386,4382
4386,4388
4387,4385
4388,4386
4390,4381
4392,4381
4394,4382
4401,4402
4402,4401
4402,4405
4402,4414
4405,4402
4405,4407
4407,4405
4414,4402
4425,4427
4427,4425
4441,4442
4441,4452
4442,4441
4442,4445
4442,4446
4442,4454
4445,4442
4445,4447
4446,4442
4446,4456
4447,4445
4452,4441
4454,4442
4456,4446
4461,4462
4462,4461
4462,4465
4462,4466
4462,4474
4465,4462
4465,4467
4466,4462
4466,4468
4466,4476
4467,4465
4468,4466
4474,4462
4476,4466
4485,4487
4487,4485
4505,4507
4507,4505
4522,4525
4522,4526
4522,4534
4525,4522
4525,4527
4526,4522
4527,4525
4534,4522
4545,4547
4547,4545
4562,4565
4565,4562
4565,4567
4567,4565
4582,4585
4582,4586
4582,4594
4585,4582
4585,4587
4586,4582
4586,4596
4587,4585
4594,4582
4596,4586
4601,4602
4602,4601
4602,4605
4602,4606
4605,4602
4605,4607
4606,4602
4607,4605
4622,4625
4625,4622
4625,4627
4627,4625
4645,4647
4647,4645
4662,4665
4665,4662
4665,4667
4667,4665
4680,4681
4681,4680
4681,4682
4682,4681
4682,4685
4682,4694
4685,4682
4685,4687
4687,4685
4694,4682
4706,4708
4708,4706
4708,4717
4717,4708
4726,4728
4726,4736
4728,4726
4728,4737
4736,4726
4737,4728
4741,4742
4742,4741
4742,4746
4746,4742
4746,4748
4746,4756
4748,4746
4748,4757
4756,4746
4757,4748
4762,4765
4762,4766
4765,4762
4766,4762
4766,4768
4766,4776
4768,4766
4768,4777
4776,4766
4777,4768
4786,4788
4786,4796
4788,4786
4788,4797
4796,4786
4797,4788
4802,4806
4806,4802
4806,4808
4806,4816
4808,4806
4808,4817
4816,4806
4817,4808
4822,4825
4822,4826
4822,4834
4825,4822
4826,4822
4826,4828
4828,4826
4828,4837
4834,4822
4837,4828
4846,4848
4846,4856
4848,4846
4848,4857
4856,4846
4857,4848
4868,4877
4877,4868
4882,4886
4886,4882
4886,4888
4886,4896
4888,4886
4888,4897
4896,4886
4897,4888
4902,4905
4902,4906
4905,4902
4906,4902
4906,4908
4906,4916
4908,4906
4908,4917
4916,4906
4917,4908
4921,4922
4921,4930
4922,4921
4922,4926
4922,4934
4926,4922
4926,4928
4926,4936
4928,4926
4928,4937
4930,4921
4934,4922
4936,4926
4937,4928
4942,4945
4942,4946
4942,4954
4945,4942
4946,4942
4946,4948
4946,4956
4948,4946
4954,4942
4956,4946
4966,4968
4968,4966
4968,4977
4977,4968
4981,4982
4981,4990
4982,4981
4982,4985
4982,4986
4982,4994
4985,4982
4985,4987
4986,4982
4986,4988
4986,4996
4987,4985
4988,4986
4988,4997
4990,4981
4994,4982
4996,4986
4997,4988
5001,5002
5001,5010
5001,5012
5002,5001
5002,5005
5002,5006
5002,5014
5005,5002
5005,5007
5006,5002
5006,5008
5006,5016
5007,5005
5008,5006
5008,5017
5010,5001
5012,5001
5014,5002
5016,5006
5017,5008
5026,5028
5026,5036
5028,5026
5036,5026
5046,5048
5046,5056
5048,5046
5048,5057
5056,5046
5057,5048
5061,5062
5062,5061
5062,5065
5062,5066
5065,5062
5066,5062
5066,5068
5066,5076
5068,5066
5068,5077
5076,5066
5077,5068
5086,5088
5088,5086
5088,5097
5097,5088
5101,5102
5102,5101
5102,5105
5102,5106
5105,5102
5106,5102
5106,5108
5106,5116
5108,5106
5108,5117
5116,5106
5117,5108
5122,5126
5126,5122
5126,5128
5128,5126
5128,5137
5137,5128
5140,5141
5141,5140
5141,5142
5141,5150
5142,5141
5142,5146
5142,5154
5146,5142
5146,5148
5146,5156
5148,5146
5148,5157
5150,5141
5154,5142
5156,5146
5157,5148
5162,5166
5166,5162
5166,5168
5168,5166
5168,5177
5177,5168
5182,5186
5186,5182
5186,5188
5186,5196
5188,5186
5188,5197
5196,5186
5197,5188
5206,5208
5206,5216
5208,5206
5208,5217
5216,5206
5217,5208
5226,5228
5228,5226
5248,5257
5257,5248
5266,5268
5268,5266
5268,5277
5277,5268
5286,5288
5286,5296
5288,5286
5288,5297
5296,5286
5297,5288
5300,5301
5300,5303
5300,5304
5300,5309
5300,5311
5300,5319
5301,5300
5303,5300
5303,5315
5304,5300
5309,5300
5311,5300
5315,5303
5319,5300
5320,5321
5320,5323
5320,5324
5320,5329
5320,5331
5320,5339
5321,5320
5321,5322
5321,5330
5321,5332
5322,5321
5322,5325
5322,5326
5323,5320
5323,5335
5324,5320
5325,5322
5326,5322
5329,5320
5330,5321
5331,5320
5332,5321
5335,5323
5339,5320
5340,5344
5340,5349
5344,5340
5349,5340
5360,5361
5360,5363
5360,5369
5360,5371
5360,5379
5361,5360
5363,5360
5369,5360
5371,5360
5379,5360
5380,5381
5380,5383
5380,5384
5380,5389
5380,5391
5380,5399
5381,5380
5381,5390
5381,5392
5383,5380
5383,5395
5383,5398
5384,5380
5389,5380
5390,5381
5391,5380
5392,5381
5395,5383
5398,5383
5399,5380
5400,5401
5400,5403
5400,5404
5400,5409
5400,5411
5401,5400
5401,5402
5401,5412
5402,5401
5402,5405
5402,5406
5403,5400
5403,5415
5403,5418
5404,5400
5405,5402
5406,5402
5409,5400
5411,5400
5412,5401
5415,5403
5418,5403
5420,5421
5420,5423
5420,5424
5420,5429
5420,5431
5420,5439
5421,5420
5421,5430
5423,5420
5424,5420
5429,5420
5430,5421
5431,5420
5439,5420
5440,5443
5440,5444
5440,5449
5440,5459
5443,5440
5443,5455
5444,5440
5449,5440
5455,5443
5459,5440
5460,5461
5460,5463
5460,5464
5460,5469
5460,5471
5460,5479
5461,5460
5461,5462
5461,5470
5461,5472
5462,5461
5463,5460
5463,5478
5464,5460
5469,5460
5470,5461
5471,5460
5472,5461
5478,5463
5479,5460
5480,5484
5480,5489
5480,5491
5480,5499
5484,5480
5489,5480
5491,5480
5499,5480
5500,5501
5500,5504
5500,5509
5500,5511
5500,5519
5501,5500
5501,5510
5501,5512
5504,5500
5509,5500
5510,5501
5511,5500
5512,5501
5519,5500
5520,5529
5529,5520
5540,5541
5540,5543
5540,5544
5540,5549
5540,5551
5540,5559
5541,5540
5541,5542
5541,5550
5541,5552
5542,5541
5542,5546
5543,5540
5543,5555
5543,5558
5544,5540
5546,5542
5549,5540
5550,5541
5551,5540
5552,5541
5555,5543
5558,5543
5559,5540
5560,5561
5560,5563
5560,5564
5560,5569
5560,5571
5560,5579
5561,5560
5563,5560
5563,5575
5564,5560
5569,5560
5571,5560
5575,5563
5579,5560
5580,5581
5580,5583
5580,5584
5580,5589
5580,5591
5580,5599
5581,5580
5581,5582
5581,5590
5582,5581
5582,5585
5583,5580
5584,5580
5585,5582
5589,5580
5590,5581
5591,5580
5599,5580
5600,5601
5600,5603
5600,5604
5600,5609
5600,5611
5600,5619
5601,5600
5603,5600
5603,5615
5604,5600
5609,5600
5611,5600
5615,5603
5619,5600
5620,5621
5620,5623
5620,5624
5620,5629
5620,5631
5620,5639
5621,5620
5621,5622
5621,5630
5622,5621
5622,5625
5622,5626
5623,5620
5623,5635
5624,5620
5625,5622
5626,5622
5629,5620
5630,5621
5631,5620
5635,5623
5639,5620
5640,5649
5649,5640
5660,5661
5660,5663
5660,5664
5660,5669
5660,5671
5660,5679
5661,5660
5663,5660
5663,5675
5663,5678
5664,5660
5669,5660
5671,5660
5675,5663
5678,5663
5679,5660
5680,5681
5680,5683
5680,5684
5680,5689
5680,5691
5680,5699
5681,5680
5683,5680
5684,5680
5689,5680
5691,5680
5699,5680
5700,5701
5700,5703
5700,5704
5700,5709
5700,5711
5700,5719
5701,5700
5701,5702
5702,5701
5703,5700
5703,5715
5703,5718
5704,5700
5709,5700
5711,5700
5715,5703
5718,5703
5719,5700
5720,5721
5720,5723
5720,5729
5721,5720
5723,5720
5729,5720
5740,5749
5749,5740
5760,5761
5760,5763
5760,5764
5760,5769
5760,5771
5760,5779
5761,5760
5761,5772
5763,5760
5764,5760
5769,5760
5771,5760
5772,5761
5779,5760
5780,5784
5780,5789
5780,5791
5780,5799
5784,5780
5789,5780
5791,5780
5799,5780
5800,5801
5800,5803
5800,5804
5800,5809
5800,5811
5800,5819
5801,5800
5803,5800
5804,5800
5809,5800
5811,5800
5819,5800
5820,5823
5820,5824
5820,5829
5820,5831
5820,5839
5823,5820
5824,5820
5829,5820
5831,5820
5839,5820
5840,5841
5840,5843
5840,5844
5840,5849
5840,5851
5840,5859
5841,5840
5841,5842
5841,5850
5841,5852
5842,5841
5842,5845
5843,5840
5843,5855
5843,5858
5844,5840
5845,5842
5849,5840
5850,5841
5850,5853
5851,5840
5852,5841
5853,5850
5855,5843
5858,5843
5859,5840
5860,5861
5860,5864
5860,5869
5860,5871
5860,5879
5861,5860
5864,5860
5869,5860
5871,5860
5879,5860
5880,5881
5880,5883
5880,5889
5880,5891
5881,5880
5881,5882
5881,5890
5882,5881
5882,5885
5882,5886
5883,5880
5885,5882
5886,5882
5889,5880
5890,5881
5890,5893
5891,5880
5893,5890
5900,5901
5900,5903
5900,5904
5901,5900
5901,5902
5901,5910
5901,5912
5902,5901
5902,5905
5902,5906
5902,5914
5903,5900
5904,5900
5905,5902
5906,5902
5906,5908
5906,5916
5908,5906
5910,5901
5910,5913
5912,5901
5913,5910
5914,5902
5916,5906
5920,5921
5920,5924
5920,5929
5920,5931
5920,5939
5921,5920
5921,5922
5921,5930
5921,5932
5922,5921
5924,5920
5929,5920
5930,5921
5930,5933
5931,5920
5932,5921
5933,5930
5939,5920
5940,5941
5940,5944
5940,5949
5940,5951
5940,5959
5941,5940
5941,5950
5941,5952
5944,5940
5949,5940
5950,5941
5950,5953
5951,5940
5952,5941
5953,5950
5959,5940
5961,5962
5961,5970
5961,5972
5962,5961
5970,5961
5970,5973
5972,5961
5973,5970
5980,5981
5980,5983
5980,5989
5980,5991
5981,5980
5981,5990
5981,5992
5983,5980
5989,5980
5990,5981
5990,5993
5991,5980
5992,5981
5993,5990
6000,6001
6000,6003
6000,6009
6000,6011
6001,6000
6001,6010
6001,6012
6003,6000
6009,6000
6010,6001
6010,6013
6011,6000
6012,6001
6013,6010
6030,6033
6033,6030
6041,6050
6050,6041
6050,6053
6053,6050
6060,6061
6060,6064
6060,6071
6060,6079
6061,6060
6061,6070
6061,6072
6064,6060
6070,6061
6070,6073
6071,6060
6072,6061
6073,6070
6079,6060
6080,6081
6080,6083
6080,6084
6080,6091
6080,6099
6081,6080
6081,6082
6081,6090
6081,6092
6082,6081
6082,6085
6082,6086
6082,6094
6083,6080
6084,6080
6085,6082
6086,6082
6090,6081
6090,6093
6091,6080
6092,6081
6093,6090
6094,6082
6099,6080
6100,6101
6100,6103
6100,6104
6100,6109
6100,6119
6101,6100
6101,6110
6101,6112
6103,6100
6104,6100
6109,6100
6110,6101
6110,6113
6112,6101
6113,6110
6119,6100
6120,6121
6121,6120
6121,6122
6121,6130
6121,6132
6122,6121
6130,6121
6130,6133
6132,6121
6133,6130
6140,6141
6141,6140
6141,6142
6141,6150
6141,6152
6142,6141
6142,6146
6142,6154
6146,6142
6150,6141
6150,6153
6152,6141
6153,6150
6154,6142
6160,6161
6160,6163
6160,6164
6160,6169
6160,6171
6160,6179
6161,6160
6161,6162
6161,6170
6161,6172
6162,6161
6162,6165
6162,6174
6163,6160
6164,6160
6165,6162
6165,6167
6167,6165
6169,6160
6170,6161
6170,6173
6171,6160
6172,6161
6173,6170
6174,6162
6179,6160
6180,6181
6180,6183
6180,6189
6181,6180
6181,6182
6181,6190
6181,6192
6182,6181
6182,6186
6183,6180
6183,6198
6186,6182
6189,6180
6190,6181
6190,6193
6192,6181
6193,6190
6198,6183
6201,6210
6210,6201
6210,6213
6213,6210
6220,6221
6221,6220
6221,6230
6230,6221
6230,6233
6233,6230
6240,6241
6241,6240
6241,6242
6241,6250
6242,6241
6242,6245
6242,6246
6245,6242
6246,6242
6250,6241
6250,6253
6253,6250
6260,6261
6261,6260
6261,6262
6261,6270
6261,6272
6262,6261
6262,6265
6262,6266
6262,6274
6265,6262
6266,6262
6270,6261
6270,6273
6272,6261
6273,6270
6274,6262
6280,6281
6280,6283
6280,6284
6280,6289
6280,6291
6280,6299
6281,6280
6281,6282
6281,6290
6281,6292
6282,6281
6283,6280
6283,6298
6284,6280
6289,6280
6290,6281
6290,6293
6291,6280
6292,6281
6293,6290
6298,6283
6299,6280
6301,6302
6301,6310
6302,6301
6310,6301
6310,6313
6313,6310
6320,6321
6321,6320
6321,6322
6321,6330
6322,6321
6322,6325
6322,6326
6322,6334
6325,6322
6326,6322
6330,6321
6330,6333
6333,6330
6334,6322
6340,6341
6341,6340
6341,6342
6341,6350
6342,6341
6342,6345
6342,6346
6342,6354
6345,6342
6346,6342
6346,6356
6350,6341
6350,6353
6353,6350
6354,6342
6356,6346
6361,6370
6370,6361
6370,6373
6373,6370
6380,6381
6381,6380
6381,6382
6381,6390
6382,6381
6390,6381
6390,6393
6393,6390
6400,6401
6400,6403
6400,6404
6400,6411
6401,6400
6401,6402
6401,6410
6401,6412
6402,6401
6403,6400
6403,6418
6404,6400
6410,6401
6410,6413
6411,6400
6412,6401
6413,6410
6418,6403
6420,6421
6421,6420
6421,6430
6421,6432
6430,6421
6430,6433
6432,6421
6433,6430
6440,6441
6441,6440
6441,6450
6441,6452
6450,6441
6450,6453
6452,6441
6453,6450
6461,6462
6461,6470
6462,6461
6470,6461
6470,6473
6473,6470
6480,6484
6480,6491
6480,6499
6484,6480
6491,6480
6499,6480
6500,6501
6500,6503
6500,6504
6500,6511
6500,6519
6501,6500
6503,6500
6503,6515
6503,6518
6504,6500
6511,6500
6515,6503
6518,6503
6519,6500
6520,6521
6520,6523
6520,6531
6521,6520
6521,6522
6522,6521
6523,6520
6531,6520
6540,6543
6540,6551
6543,6540
6551,6540
6560,6561
6560,6563
6560,6564
6560,6569
6560,6571
6560,6579
6561,6560
6561,6572
6563,6560
6563,6575
6564,6560
6569,6560
6571,6560
6572,6561
6575,6563
6579,6560
6580,6581
6580,6583
6580,6584
6580,6589
6580,6591
6581,6580
6581,6582
6581,6590
6581,6592
6582,6581
6582,6594
6583,6580
6583,6598
6584,6580
6589,6580
6590,6581
6591,6580
6592,6581
6594,6582
6598,6583
6600,6611
6611,6600
6620,6621
6620,6623
6620,6624
6620,6629
6620,6631
6621,6620
6621,6622
6621,6630
6621,6632
6622,6621
6623,6620
6624,6620
6629,6620
6630,6621
6631,6620
6632,6621
6640,6644
6640,6651
6640,6659
6644,6640
6651,6640
6659,6640
6660,6661
6660,6663
6660,6664
6660,6669
6660,6671
6660,6679
6661,6660
6661,6662
6661,6670
6661,6672
6662,6661
6662,6665
6662,6674
6663,6660
6663,6678
6664,6660
6665,6662
6669,6660
6670,6661
6671,6660
6672,6661
6674,6662
6678,6663
6679,6660
6680,6683
6680,6689
6680,6691
6680,6699
6683,6680
6683,6695
6683,6698
6689,6680
6691,6680
6695,6683
6698,6683
6699,6680
6700,6701
6700,6703
6700,6709
6700,6711
6700,6719
6701,6700
6701,6710
6703,6700
6703,6718
6709,6700
6710,6701
6711,6700
6718,6703
6719,6700
6720,6721
6720,6723
6720,6724
6720,6729
6720,6731
6721,6720
6721,6722
6721,6730
6722,6721
6723,6720
6724,6720
6729,6720
6730,6721
6731,6720
6740,6741
6740,6743
6740,6744
6740,6749
6740,6751
6741,6740
6741,6742
6741,6750
6741,6752
6742,6741
6743,6740
6743,6758
6744,6740
6749,6740
6750,6741
6751,6740
6752,6741
6758,6743
6760,6761
6760,6763
6760,6764
6760,6769
6760,6771
6760,6779
6761,6760
6761,6762
6761,6770
6762,6761
6763,6760
6763,6775
6763,6778
6764,6760
6769,6760
6770,6761
6771,6760
6775,6763
6778,6763
6779,6760
6780,6783
6780,6789
6780,6791
6783,6780
6789,6780
6791,6780
6800,6803
6800,6804
6800,6811
6803,6800
6804,6800
6811,6800
6820,6821
6820,6823
6820,6824
6820,6831
6820,6839
6821,6820
6821,6822
6821,6830
6821,6832
6822,6821
6823,6820
6824,6820
6830,6821
6831,6820
6832,6821
6839,6820
6840,6841
6840,6843
6840,6844
6840,6849
6840,6851
6841,6840
6841,6842
6842,6841
6843,6840
6843,6858
6844,6840
6849,6840
6851,6840
6858,6843
6860,6871
6871,6860
6880,6881
6880,6883
6880,6889
6880,6891
6880,6899
6881,6880
6881,6882
6882,6881
6882,6886
6882,6894
6883,6880
6883,6895
6883,6898
6886,6882
6889,6880
6891,6880
6894,6882
6895,6883
6898,6883
6899,6880
6900,6911
6911,6900
6920,6923
6920,6924
6920,6931
6920,6939
6923,6920
6924,6920
6931,6920
6939,6920
6940,6944
6940,6949
6940,6951
6940,6959
6944,6940
6949,6940
6951,6940
6959,6940
6960,6961
6960,6964
6960,6969
6960,6971
6960,6979
6961,6960
6961,6962
6961,6970
6961,6972
6962,6961
6962,6966
6962,6974
6964,6960
6966,6962
6969,6960
6970,6961
6971,6960
6972,6961
6974,6962
6979,6960
6980,6983
6980,6984
6980,6991
6980,6999
6983,6980
6984,6980
6991,6980
6999,6980
7000,7001
7000,7003
7000,7011
7001,7000
7003,7000
7011,7000
7020,7023
7020,7024
7020,7029
7020,7031
7020,7039
7023,7020
7023,7035
7023,7038
7024,7020
7029,7020
7031,7020
7035,7023
7038,7023
7039,7020
7040,7041
7040,7043
7040,7044
7040,7049
7040,7051
7041,7040
7041,7052
7043,7040
7044,7040
7049,7040
7051,7040
7052,7041
7061,7062
7061,7072
7062,7061
7072,7061
7081,7082
7081,7090
7081,7092
7082,7081
7082,7085
7082,7086
7085,7082
7085,7087
7086,7082
7086,7096
7087,7085
7090,7081
7092,7081
7096,7086
7100,7101
7101,7100
7101,7110
7101,7112
7110,7101
7112,7101
7120,7121
7120,7123
7120,7124
7120,7129
7120,7131
7120,7139
7121,7120
7121,7122
7121,7130
7121,7132
7122,7121
7122,7125
7122,7126
7122,7134
7123,7120
7123,7135
7123,7138
7124,7120
7125,7122
7125,7127
7126,7122
7126,7136
7127,7125
7129,7120
7130,7121
7130,7133
7131,7120
7132,7121
7133,7130
7134,7122
7135,7123
7136,7126
7138,7123
7139,7120
7140,7141
7140,7144
7140,7149
7140,7159
7141,7140
7141,7150
7141,7152
7144,7140
7149,7140
7150,7141
7152,7141
7159,7140
7161,7162
7161,7170
7161,7172
7162,7161
7170,7161
7172,7161
7181,7192
7192,7181
7200,7201
7200,7203
7200,7204
7200,7209
7200,7211
7201,7200
7201,7202
7201,7210
7201,7212
7202,7201
7203,7200
7204,7200
7209,7200
7210,7201
7210,7213
7211,7200
7212,7201
7213,7210
7220,7221
7220,7223
7220,7224
7220,7229
7220,7231
7220,7239
7221,7220
7221,7222
7221,7230
7221,7232
7222,7221
7222,7225
7222,7226
7222,7234
7223,7220
7223,7235
7224,7220
7225,7222
7225,7227
7226,7222
7226,7228
7227,7225
7228,7226
7229,7220
7230,7221
7230,7233
7231,7220
7232,7221
7233,7230
7234,7222
7235,7223
7239,7220
7241,7252
7252,7241
7260,7261
7260,7263
7260,7269
7260,7271
7261,7260
7261,7270
7261,7272
7263,7260
7263,7275
7269,7260
7270,7261
7271,7260
7272,7261
7275,7263
7281,7290
7281,7292
7290,7281
7292,7281
7300,7301
7301,7300
7301,7302
7301,7310
7301,7312
7302,7301
7302,7305
7302,7306
7302,7314
7305,7302
7305,7307
7306,7302
7306,7316
7307,7305
7310,7301
7312,7301
7314,7302
7316,7306
7320,7321
7321,7320
7321,7322
7321,7330
7321,7332
7322,7321
7330,7321
7332,7321
7340,7341
7340,7351
7341,7340
7341,7342
7341,7350
7341,7352
7342,7341
7350,7341
7350,7353
7351,7340
7352,7341
7353,7350
7361,7370
7361,7372
7370,7361
7372,7361
7380,7381
7381,7380
7381,7382
7381,7390
7381,7392
7382,7381
7382,7385
7382,7386
7385,7382
7386,7382
7390,7381
7390,7393
7392,7381
7393,7390
7400,7401
7400,7403
7400,7404
7400,7409
7400,7411
7400,7419
7401,7400
7401,7410
7401,7412
7403,7400
7403,7418
7404,7400
7409,7400
7410,7401
7411,7400
7412,7401
7418,7403
7419,7400
7420,7421
7420,7424
7420,7429
7420,7439
7421,7420
7421,7422
7421,7432
7422,7421
7424,7420
7429,7420
7432,7421
7439,7420
7440,7441
7440,7443
7440,7444
7440,7449
7440,7451
7440,7459
7441,7440
7441,7442
7441,7450
7441,7452
7442,7441
7442,7445
7442,7446
7442,7454
7443,7440
7444,7440
7445,7442
7446,7442
7446,7456
7449,7440
7450,7441
7451,7440
7452,7441
7454,7442
7456,7446
7459,7440
7460,7461
7460,7463
7460,7464
7460,7479
7461,7460
7461,7462
7461,7470
7461,7472
7462,7461
7463,7460
7464,7460
7470,7461
7472,7461
7479,7460
7481,7492
7492,7481
7500,7501
7500,7509
7500,7511
7500,7519
7501,7500
7501,7502
7501,7510
7501,7512
7502,7501
7509,7500
7510,7501
7511,7500
7512,7501
7519,7500
7521,7522
7521,7532
7522,7521
7522,7526
7522,7534
7526,7522
7532,7521
7534,7522
7540,7541
7541,7540
7541,7542
7541,7550
7541,7552
7542,7541
7550,7541
7552,7541
7561,7570
7561,7572
7570,7561
7572,7561
7580,7581
7581,7580
7581,7582
7581,7590
7581,7592
7582,7581
7582,7585
7582,7594
7585,7582
7585,7587
7587,7585
7590,7581
7592,7581
7594,7582
7600,7601
7601,7600
7601,7602
7601,7610
7601,7612
7602,7601
7602,7605
7605,7602
7610,7601
7612,7601
7621,7630
7630,7621
7630,7633
7633,7630
7650,7653
7653,7650
7670,7673
7673,7670
7690,7693
7693,7690
7700,7701
7701,7700
7701,7710
7701,7712
7710,7701
7710,7713
7712,7701
7713,7710
7721,7730
7730,7721
7730,7733
7733,7730
7741,7750
7750,7741
7750,7753
7753,7750
7760,7761
7761,7760
7761,7762
7761,7770
7762,7761
7770,7761
7770,7773
7773,7770
7780,7781
7781,7780
7781,7790
7781,7792
7790,7781
7790,7793
7792,7781
7793,7790
7810,7813
7813,7810
7820,7821
7821,7820
7821,7830
7830,7821
7830,7833
7833,7830
7840,7841
7841,7840
7841,7842
7841,7850
7842,7841
7842,7854
7850,7841
7850,7853
7853,7850
7854,7842
7860,7861
7861,7860
7861,7870
7861,7872
7870,7861
7870,7873
7872,7861
7873,7870
7890,7893
7893,7890
7901,7910
7910,7901
7910,7913
7913,7910
7920,7921
7921,7920
7921,7922
7921,7930
7921,7932
7922,7921
7922,7934
7930,7921
7930,7933
7932,7921
7933,7930
7934,7922
7950,7953
7953,7950
7970,7973
7973,7970
7980,7981
7980,7983
7980,7984
7980,7999
7981,7980
7981,7982
7981,7990
7982,7981
7982,7986
7983,7980
7984,7980
7986,7982
7990,7981
7990,7993
7993,7990
7999,7980
8010,8013
8013,8010
8021,8022
8021,8030
8022,8021
8030,8021
8030,8033
8033,8030
8041,8050
8050,8041
8050,8053
8053,8050
8061,8070
8070,8061
8070,8073
8073,8070
8081,8090
8090,8081
8090,8093
8093,8090
8110,8113
8113,8110
8120,8121
8121,8120
8121,8130
8121,8132
8130,8121
8130,8133
8132,8121
8133,8130
8140,8141
8140,8144
8140,8159
8141,8140
8141,8142
8141,8150
8141,8152
8142,8141
8144,8140
8150,8141
8150,8153
8152,8141
8153,8150
8159,8140
8162,8174
8174,8162
8181,8182
8181,8190
8181,8192
8182,8181
8182,8185
8182,8186
8182,8194
8185,8182
8186,8182
8190,8181
8192,8181
8194,8182
8202,8205
8202,8214
8205,8202
8214,8202
8220,8221
8221,8220
8221,8222
8222,8221
8222,8225
8222,8226
8222,8234
8225,8222
8225,8227
8226,8222
8226,8236
8227,8225
8234,8222
8236,8226
8242,8245
8242,8246
8242,8254
8245,8242
8246,8242
8254,8242
8261,8262
8262,8261
8262,8274
8274,8262
8282,8286
8282,8294
8286,8282
8286,8296
8294,8282
8296,8286
8302,8305
8302,8314
8305,8302
8314,8302
8322,8334
8334,8322
8340,8341
8341,8340
8341,8342
8342,8341
8342,8346
8342,8354
8346,8342
8346,8356
8354,8342
8356,8346
8362,8365
8362,8366
8362,8374
8365,8362
8366,8362
8374,8362
8381,8382
8382,8381
8382,8385
8382,8386
8382,8394
8385,8382
8385,8387
8386,8382
8386,8396
8387,8385
8394,8382
8396,8386
8401,8402
8402,8401
8402,8405
8402,8406
8402,8414
8405,8402
8405,8407
8406,8402
8407,8405
8414,8402
8421,8422
8422,8421
8422,8425
8422,8426
8422,8434
8425,8422
8426,8422
8434,8422
8441,8442
8442,8441
8442,8454
8454,8442
8460,8461
8461,8460
8461,8462
8461,8472
8462,8461
8462,8466
8462,8474
8466,8462
8466,8468
8466,8476
8468,8466
8472,8461
8474,8462
8476,8466
8482,8485
8482,8494
8485,8482
8485,8487
8487,8485
8494,8482
8501,8502
8502,8501
8502,8505
8502,8506
8502,8514
8505,8502
8505,8507
8506,8502
8506,8508
8506,8516
8507,8505
8508,8506
8508,8517
8514,8502
8516,8506
8517,8508
8520,8521
8521,8520
8521,8522
8522,8521
8522,8525
8522,8526
8522,8534
8525,8522
8526,8522
8534,8522
8541,8542
8542,8541
8542,8545
8542,8546
8542,8554
8545,8542
8545,8547
8546,8542
8546,8556
8547,8545
8554,8542
8556,8546
8562,8574
8574,8562
8581,8582
8582,8581
8582,8585
8582,8586
8582,8594
8585,8582
8586,8582
8586,8588
8586,8596
8588,8586
8594,8582
8596,8586
8602,8606
8602,8614
8606,8602
8614,8602
8622,8625
8622,8634
8625,8622
8634,8622
8640,8641
8641,8640
8641,8642
8641,8650
8641,8652
8642,8641
8642,8645
8642,8654
8645,8642
8645,8647
8647,8645
8650,8641
8652,8641
8654,8642
8660,8661
8660,8664
8660,8671
8660,8679
8661,8660
8661,8662
8661,8670
8661,8672
8662,8661
8662,8665
8662,8666
8662,8674
8664,8660
8665,8662
8665,8667
8666,8662
8666,8676
8667,8665
8670,8661
8671,8660
8672,8661
8674,8662
8676,8666
8679,8660
8680,8681
8681,8680
8681,8682
8682,8681
8682,8686
8682,8694
8686,8682
8694,8682
8700,8701
8700,8709
8700,8719
8701,8700
8701,8702
8701,8712
8702,8701
8702,8706
8702,8714
8706,8702
8706,8716
8709,8700
8712,8701
8714,8702
8716,8706
8719,8700
8720,8721
8720,8723
8720,8724
8720,8729
8721,8720
8723,8720
8723,8735
8723,8738
8724,8720
8729,8720
8735,8723
8738,8723
8740,8741
8740,8743
8740,8744
8740,8749
8740,8751
8740,8759
8741,8740
8743,8740
8743,8755
8743,8758
8744,8740
8749,8740
8751,8740
8755,8743
8758,8743
8759,8740
8760,8761
8760,8763
8760,8764
8760,8769
8760,8779
8761,8760
8763,8760
8763,8775
8763,8778
8764,8760
8769,8760
8775,8763
8778,8763
8779,8760
8780,8783
8783,8780
8783,8795
8783,8798
8795,8783
8798,8783
8803,8815
8803,8818
8815,8803
8818,8803
8820,8821
8820,8823
8820,8831
8820,8839
8821,8820
8823,8820
8823,8835
8831,8820
8835,8823
8839,8820
8840,8843
8840,8844
8840,8851
8840,8859
8843,8840
8843,8855
8843,8858
8844,8840
8851,8840
8855,8843
8858,8843
8859,8840
8860,8863
8860,8864
8860,8871
8860,8879
8863,8860
8863,8875
8863,8878
8864,8860
8871,8860
8875,8863
8878,8863
8879,8860
8880,8883
8883,8880
8883,8895
8895,8883
8900,8903
8900,8909
8900,8911
8900,8919
8903,8900
8903,8915
8903,8918
8909,8900
8911,8900
8915,8903
8918,8903
8919,8900
8920,8923
8923,8920
8923,8935
8923,8938
8935,8923
8938,8923
8940,8941
8940,8943
8940,8944
8940,8951
8941,8940
8943,8940
8943,8955
8944,8940
8951,8940
8955,8943
8960,8963
8960,8964
8960,8979
8963,8960
8963,8975
8963,8978
8964,8960
8975,8963
8978,8963
8979,8960
8980,8983
8983,8980
8983,8995
8983,8998
8995,8983
8998,8983
9003,9015
9015,9003
9020,9023
9020,9024
9020,9029
9020,9031
9020,9039
9023,9020
9023,9035
9023,9038
9024,9020
9029,9020
9031,9020
9035,9023
9038,9023
9039,9020
9040,9043
9040,9049
9040,9051
9043,9040
9043,9055
9043,9058
9049,9040
9051,9040
9055,9043
9058,9043
9060,9063
9060,9064
9060,9069
9063,9060
9063,9075
9063,9078
9064,9060
9069,9060
9075,9063
9078,9063
9080,9083
9083,9080
9083,9095
9083,9098
9095,9083
9098,9083
9100,9103
9100,9119
9103,9100
9103,9115
9103,9118
9115,9103
9118,9103
9119,9100
9123,9135
9135,9123
9140,9143
9140,9144
9140,9149
9140,9159
9143,9140
9143,9155
9143,9158
9144,9140
9149,9140
9155,9143
9158,9143
9159,9140
9160,9163
9160,9164
9160,9171
9160,9179
9163,9160
9163,9175
9164,9160
9171,9160
9175,9163
9179,9160
9180,9181
9180,9183
9180,9184
9180,9189
9180,9191
9181,9180
9183,9180
9183,9195
9184,9180
9189,9180
9191,9180
9195,9183
9203,9215
9203,9218
9215,9203
9218,9203
9223,9235
9235,9223
9243,9255
9243,9258
9255,9243
9258,9243
9263,9275
9263,9278
9275,9263
9278,9263
9280,9281
9280,9283
9280,9284
9280,9291
9281,9280
9283,9280
9283,9295
9283,9298
9284,9280
9291,9280
9295,9283
9298,9283
9300,9303
9303,9300
9303,9315
9315,9303
9326,9328
9326,9336
9328,9326
9336,9326
9346,9356
9356,9346
9366,9368
9366,9376
9368,9366
9376,9366
9382,9385
9382,9386
9382,9394
9385,9382
9386,9382
9386,9388
9386,9396
9388,9386
9388,9397
9394,9382
9396,9386
9397,9388
9402,9406
9406,9402
9406,9408
9406,9416
9408,9406
9416,9406
9421,9422
9421,9430
9422,9421
9422,9425
9422,9426
9422,9434
9425,9422
9426,9422
9426,9428
9426,9436
9428,9426
9428,9437
9430,9421
9434,9422
9436,9426
9437,9428
9441,9442
9442,9441
9442,9445
9442,9446
9445,9442
9446,9442
9446,9456
9456,9446
9466,9476
9476,9466
9482,9485
9482,9486
9485,9482
9486,9482
9486,9488
9486,9496
9488,9486
9496,9486
9501,9502
9502,9501
9502,9505
9502,9506
9505,9502
9506,9502
9506,9508
9506,9516
9508,9506
9508,9517
9516,9506
9517,9508
9522,9526
9526,9522
9526,9528
9526,9536
9528,9526
9536,9526
9542,9546
9546,9542
9546,9556
9556,9546
9561,9562
9562,9561
9562,9566
9562,9574
9566,9562
9566,9576
9574,9562
9576,9566
9586,9596
9596,9586
9606,9616
9616,9606
9621,9622
9622,9621
9622,9626
9626,9622
9626,9628
9626,9636
9628,9626
9636,9626
9641,9642
9642,9641
9642,9646
9642,9654
9646,9642
9646,9656
9654,9642
9656,9646
9662,9666
9666,9662
9666,9668
9666,9676
9668,9666
9676,9666
9682,9685
9682,9686
9682,9694
9685,9682
9686,9682
9686,9688
9686,9696
9688,9686
9694,9682
9696,9686
9706,9716
9716,9706
9726,9728
9726,9736
9728,9726
9728,9737
9736,9726
9737,9728
9742,9746
9746,9742
9746,9748
9746,9756
9748,9746
9756,9746
9766,9776
9776,9766
9786,9796
9796,9786
9801,9802
9802,9801
9802,9805
9802,9806
9802,9814
9805,9802
9806,9802
9806,9808
9806,9816
9808,9806
9814,9802
9816,9806
9822,9826
9826,9822
9826,9828
9826,9836
9828,9826
9836,9826
9841,9842
9842,9841
9842,9846
9842,9854
9846,9842
9846,9848
9846,9856
9848,9846
9854,9842
9856,9846
9866,9876
9876,9866
9886,9896
9896,9886
9902,9906
9906,9902
9906,9908
9906,9916
9908,9906
9908,9917
9916,9906
9917,9908
9926,9928
9928,9926
9928,9937
9937,9928
9941,9942
9942,9941
9942,9946
9942,9954
9946,9942
9946,9948
9946,9956
9948,9946
9948,9957
9954,9942
9956,9946
9957,9948
9966,9968
9968,9966
9968,9977
9977,9968
9982,9986
9986,9982
9986,9988
9986,9996
9988,9986
9988,9997
9996,9986
9997,9988
10008,10017
10017,10008
10026,10028
10026,10036
10028,10026
10028,10037
10036,10026
10037,10028
10041,10042
10042,10041
10042,10046
10046,10042
10046,10048
10046,10056
10048,10046
10048,10057
10056,10046
10057,10048
10066,10068
10068,10066
10068,10077
10077,10068
10088,10097
10097,10088
10102,10106
10106,10102
10106,10108
10106,10116
10108,10106
10108,10117
10116,10106
10117,10108
10121,10122
10122,10121
10122,10125
10122,10126
10125,10122
10126,10122
10126,10128
10126,10136
10128,10126
10128,10137
10136,10126
10137,10128
10142,10146
10146,10142
10146,10148
10146,10156
10148,10146
10148,10157
10156,10146
10157,10148
10162,10166
10166,10162
10166,10168
10168,10166
10168,10177
10177,10168
10181,10182
10182,10181
10182,10186
10182,10194
10186,10182
10186,10188
10188,10186
10188,10197
10194,10182
10197,10188
10202,10206
10206,10202
10206,10208
10208,10206
10208,10217
10217,10208
10226,10228
10228,10226
10228,10237
10237,10228
10242,10246
10246,10242
10246,10248
10246,10256
10248,10246
10248,10257
10256,10246
10257,10248
10268,10277
10277,10268
10282,10286
10286,10282
10286,10288
10286,10296
10288,10286
10288,10297
10296,10286
10297,10288
10302,10306
10306,10302
10306,10308
10306,10316
10308,10306
10308,10317
10316,10306
10317,10308
10322,10326
10322,10334
10326,10322
10326,10328
10326,10336
10328,10326
10328,10337
10334,10322
10336,10326
10337,10328
10348,10357
10357,10348
10368,10377
10377,10368
10388,10397
10397,10388
10402,10406
10402,10414
10406,10402
10406,10408
10408,10406
10408,10417
10414,10402
10417,10408
10428,10437
10437,10428
10442,10446
10446,10442
10446,10448
10448,10446
10448,10457
10457,10448
10466,10468
10468,10466
10468,10477
10477,10468
10480,10483
10483,10480
10483,10498
10498,10483
10500,10503
10503,10500
10503,10515
10503,10518
10515,10503
10518,10503
10520,10523
10520,10524
10520,10531
10520,10539
10523,10520
10523,10535
10523,10538
10524,10520
10531,10520
10535,10523
10538,10523
10539,10520
10540,10543
10543,10540
10543,10555
10543,10558
10555,10543
10558,10543
10560,10563
10563,10560
10563,10578
10578,10563
10583,10595
10583,10598
10595,10583
10598,10583
10600,10601
10600,10603
10600,10604
10600,10609
10600,10611
10600,10619
10601,10600
10603,10600
10603,10615
10603,10618
10604,10600
10609,10600
10611,10600
10615,10603
10618,10603
10619,10600
10620,10623
10623,10620
10623,10635
10623,10638
10635,10623
10638,10623
10640,10643
10640,10644
10640,10649
10640,10651
10640,10659
10643,10640
10643,10655
10643,10658
10644,10640
10649,10640
10651,10640
10655,10643
10658,10643
10659,10640
10663,10678
10678,10663
10680,10683
10683,10680
10683,10695
10683,10698
10695,10683
10698,10683
10703,10715
10703,10718
10715,10703
10718,10703
10720,10721
10720,10723
10720,10724
10720,10731
10720,10739
10721,10720
10723,10720
10723,10735
10723,10738
10724,10720
10731,10720
10735,10723
10738,10723
10739,10720
10740,10743
10740,10744
10740,10749
10740,10751
10740,10759
10743,10740
10743,10755
10743,10758
10744,10740
10749,10740
10751,10740
10755,10743
10758,10743
10759,10740
10760,10761
10760,10763
10760,10769
10760,10771
10761,10760
10763,10760
10763,10775
10763,10778
10769,10760
10771,10760
10775,10763
10778,10763
10780,10783
10780,10784
10780,10789
10780,10791
10780,10799
10783,10780
10783,10795
10783,10798
10784,10780
10789,10780
10791,10780
10795,10783
10798,10783
10799,10780
10803,10818
10818,10803
10820,10823
10823,10820
10823,10835
10823,10838
10835,10823
10838,10823
10840,10843
10843,10840
10843,10858
10858,10843
10860,10863
10863,10860
10863,10878
10878,10863
10880,10883
10883,10880
10883,10895
10883,10898
10895,10883
10898,10883
10900,10903
10903,10900
10903,10915
10903,10918
10915,10903
10918,10903
10920,10921
10920,10923
10920,10929
10921,10920
10923,10920
10923,10935
10923,10938
10929,10920
10935,10923
10938,10923
10943,10955
10943,10958
10955,10943
10958,10943
10963,10975
10963,10978
10975,10963
10978,10963
10980,10981
10980,10983
10980,10984
10980,10989
10980,10999
10981,10980
10983,10980
10983,10995
10983,10998
10984,10980
10989,10980
10995,10983
10998,10983
10999,10980
11003,11018
11018,11003
11020,11021
11020,11023
11020,11024
11020,11029
11020,11031
11020,11039
11021,11020
11023,11020
11024,11020
11029,11020
11031,11020
11039,11020
11040,11041
11040,11043
11040,11044
11040,11049
11040,11051
11040,11059
11041,11040
11041,11042
11041,11052
11042,11041
11042,11045
11042,11046
11043,11040
11043,11055
11044,11040
11045,11042
11046,11042
11049,11040
11051,11040
11052,11041
11055,11043
11059,11040
11060,11063
11060,11064
11060,11071
11060,11079
11063,11060
11064,11060
11071,11060
11079,11060
11080,11081
11080,11083
11080,11084
11080,11089
11080,11099
11081,11080
11081,11082
11082,11081
11083,11080
11084,11080
11089,11080
11099,11080
11100,11101
11100,11103
11100,11104
11100,11109
11100,11111
11100,11119
11101,11100
11103,11100
11103,11115
11103,11118
11104,11100
11109,11100
11111,11100
11115,11103
11118,11103
11119,11100
11120,11121
11120,11123
11120,11129
11120,11131
11120,11139
11121,11120
11121,11130
11121,11132
11123,11120
11123,11135
11123,11138
11129,11120
11130,11121
11131,11120
11132,11121
11135,11123
11138,11123
11139,11120
11140,11141
11140,11143
11140,11144
11140,11149
11140,11151
11140,11159
11141,11140
11141,11142
11141,11150
11141,11152
11142,11141
11143,11140
11143,11155
11143,11158
11144,11140
11149,11140
11150,11141
11151,11140
11152,11141
11155,11143
11158,11143
11159,11140
11160,11161
11160,11163
11160,11164
11160,11169
11160,11171
11160,11179
11161,11160
11161,11170
11163,11160
11164,11160
11169,11160
11170,11161
11171,11160
11179,11160
11180,11181
11180,11183
11180,11184
11180,11189
11180,11199
11181,11180
11181,11182
11182,11181
11183,11180
11183,11195
11183,11198
11184,11180
11189,11180
11195,11183
11198,11183
11199,11180
11200,11201
11200,11203
11200,11209
11200,11211
11200,11219
11201,11200
11203,11200
11209,11200
11211,11200
11219,11200
11220,11221
11220,11223
11220,11224
11220,11229
11220,11231
11220,11239
11221,11220
11221,11222
11221,11232
11222,11221
11222,11225
11222,11234
11223,11220
11223,11235
11224,11220
11225,11222
11229,11220
11231,11220
11232,11221
11234,11222
11235,11223
11239,11220
11240,11241
11240,11243
11240,11244
11240,11249
11240,11251
11240,11259
11241,11240
11241,11242
11241,11250
11241,11252
11242,11241
11243,11240
11243,11255
11243,11258
11244,11240
11249,11240
11250,11241
11251,11240
11252,11241
11255,11243
11258,11243
11259,11240
11260,11261
11260,11264
11260,11271
11260,11279
11261,11260
11264,11260
11271,11260
11279,11260
11280,11299
11299,11280
11300,11301
11300,11303
11300,11309
11300,11311
11300,11319
11301,11300
11301,11310
11303,11300
11303,11318
11309,11300
11310,11301
11311,11300
11318,11303
11319,11300
11320,11321
11320,11323
11320,11324
11320,11329
11320,11331
11320,11339
11321,11320
11321,11322
11321,11332
11322,11321
11323,11320
11323,11335
11324,11320
11329,11320
11331,11320
11332,11321
11335,11323
11339,11320
11340,11341
11340,11343
11340,11344
11340,11351
11340,11359
11341,11340
11341,11350
11343,11340
11343,11355
11343,11358
11344,11340
11350,11341
11351,11340
11355,11343
11358,11343
11359,11340
11360,11363
11360,11369
11360,11371
11360,11379
11363,11360
11363,11378
11369,11360
11371,11360
11378,11363
11379,11360
11380,11381
11380,11383
11380,11384
11380,11389
11380,11391
11380,11399
11381,11380
11381,11382
11381,11390
11381,11392
11382,11381
11383,11380
11383,11395
11384,11380
11389,11380
11390,11381
11390,11393
11391,11380
11392,11381
11393,11390
11395,11383
11399,11380
11400,11401
11400,11403
11400,11404
11400,11409
11400,11411
11400,11419
11401,11400
11401,11402
11401,11410
11401,11412
11402,11401
11402,11406
11403,11400
11403,11415
11403,11418
11404,11400
11406,11402
11409,11400
11410,11401
11410,11413
11411,11400
11412,11401
11413,11410
11415,11403
11418,11403
11419,11400
11420,11421
11420,11431
11420,11439
11421,11420
11421,11430
11430,11421
11431,11420
11439,11420
11440,11441
11440,11443
11440,11444
11440,11449
11440,11451
11440,11459
11441,11440
11441,11442
11441,11450
11441,11452
11442,11441
11442,11445
11443,11440
11443,11455
11443,11458
11444,11440
11445,11442
11449,11440
11450,11441
11451,11440
11452,11441
11455,11443
11458,11443
11459,11440
11460,11463
11460,11464
11460,11471
11460,11479
11463,11460
11463,11475
11463,11478
11464,11460
11471,11460
11475,11463
11478,11463
11479,11460
11480,11481
11480,11483
11480,11484
11480,11489
11480,11491
11480,11499
11481,11480
11481,11482
11481,11490
11482,11481
11482,11485
11482,11486
11483,11480
11483,11495
11483,11498
11484,11480
11485,11482
11486,11482
11489,11480
11490,11481
11491,11480
11495,11483
11498,11483
11499,11480
11500,11501
11500,11503
11500,11504
11500,11509
11500,11519
11501,11500
11501,11502
11501,11510
11501,11512
11502,11501
11502,11505
11502,11506
11502,11514
11503,11500
11504,11500
11505,11502
11506,11502
11509,11500
11510,11501
11512,11501
11514,11502
11519,11500
11520,11521
11520,11523
11520,11524
11520,11529
11520,11531
11520,11539
11521,11520
11521,11522
11522,11521
11523,11520
11523,11538
11524,11520
11529,11520
11531,11520
11538,11523
11539,11520
11540,11543
11540,11544
11540,11549
11540,11551
11540,11559
11543,11540
11543,11558
11544,11540
11549,11540
11551,11540
11558,11543
11559,11540
11560,11561
11560,11563
11560,11569
11560,11571
11560,11579
11561,11560
11561,11562
11561,11570
11561,11572
11562,11561
11563,11560
11563,11578
11569,11560
11570,11561
11571,11560
11572,11561
11578,11563
11579,11560
