10
14
14
11
11
14
11
8
11
11
14
14
47
11
11
14
11
11
11
11
51
8
11
14
35
35
27
32
11
47
14
14
14
49
14
19
11
11
14
14
51
11
14
11
11
14
10
20
11
14
12
22
12
12
15
12
51
11
22
12
22
18
35
27
12
22
35
12
14
12
8
35
51
15
47
47
11
35
14
14
65
19
15
38
22
45
15
45
23
51
19
4
16
51
39
17
16
4
22
16
38
3
45
51
45
16
3
23
22
45
17
38
48
38
14
38
14
51
23
16
22
51
45
51
22
38
51
51
22
38
48
16
17
23
17
17
20
16
38
16
45
4
22
22
38
38
51
22
4
14
11
11
11
49
32
38
49
11
32
11
32
14
13
11
66
13
32
14
62
51
32
11
27
53
11
11
11
11
51
11
35
14
38
17
14
14
35
49
14
51
49
51
14
11
11
14
11
11
11
20
11
13
47
11
35
11
13
13
32
11
11
14
51
8
11
33
11
35
14
14
51
11
8
27
14
11
11
11
51
10
17
51
51
47
32
11
14
11
51
51
14
11
14
11
12
12
11
11
11
14
19
19
14
48
19
19
8
14
14
19
26
51
26
26
38
51
51
26
26
47
20
38
17
17
17
26
20
51
17
16
17
11
11
11
51
17
53
20
11
53
19
11
11
19
35
51
14
16
11
14
51
18
18
18
12
22
22
35
19
18
14
14
12
12
18
15
11
18
35
11
18
17
45
36
16
45
36
17
45
16
11
11
12
14
23
11
14
14
23
11
19
23
19
38
11
19
19
3
11
11
17
23
38
22
22
4
23
45
26
45
11
11
47
11
8
11
11
14
12
11
51
48
16
11
11
16
19
11
14
11
19
19
23
51
19
3
19
45
11
4
14
14
19
23
11
14
18
23
12
48
19
23
11
23
14
14
11
4
11
14
51
48
48
19
19
14
11
19
12
23
19
11
16
14
14
11
48
14
19
12
19
19
19
11
11
19
19
19
19
12
38
51
51
11
11
51
51
51
17
11
22
12
35
22
16
23
19
23
23
19
10
51
51
51
14
51
11
11
51
51
27
14
17
13
27
14
8
14
14
27
22
22
19
19
14
22
11
12
19
11
47
11
11
11
51
51
11
51
51
38
11
12
49
12
12
14
12
14
14
20
14
45
19
11
19
18
23
26
11
19
11
35
11
18
18
12
56
12
35
12
19
23
11
19
19
11
14
11
45
19
49
49
27
12
27
49
14
27
27
49
14
56
27
27
16
27
14
12
16
49
14
27
51
11
11
35
14
19
14
26
27
35
22
14
26
51
18
14
12
22
12
12
12
18
35
15
22
22
22
15
35
12
35
12
12
51
12
11
12
14
22
12
11
22
12
51
18
22
22
12
19
23
19
19
48
11
14
19
11
11
11
19
11
14
14
11
19
11
23
26
19
23
14
23
14
48
19
19
11
19
8
3
14
14
11
48
14
35
48
3
19
45
11
14
11
19
14
19
19
11
26
35
11
45
19
19
51
11
23
19
14
14
14
14
14
12
11
11
14
14
51
14
14
11
14
11
13
14
11
14
11
10
13
49
51
28
14
11
35
14
12
12
11
11
14
12
14
11
28
11
51
27
51
14
11
49
14
49
11
35
51
14
22
11
12
22
15
12
51
12
22
51
15
18
35
18
35
22
12
12
35
27
51
14
14
11
14
11
51
11
51
22
22
38
36
48
22
14
38
22
51
22
19
16
48
23
19
16
19
4
4
51
17
16
48
19
17
38
48
17
22
15
23
4
38
51
51
23
15
4
11
51
38
38
51
14
15
22
14
66
16
3
48
22
11
17
45
51
48
12
51
18
22
45
35
14
16
51
53
51
11
11
32
14
11
11
32
32
32
32
11
11
11
11
51
11
32
49
11
11
32
11
11
35
11
47
38
13
11
11
49
14
38
33
35
14
35
51
14
38
11
11
20
49
27
38
17
11
66
17
13
13
11
32
11
47
51
11
38
11
11
27
11
66
35
11
11
14
11
49
14
11
11
11
35
11
27
14
14
13
14
47
38
14
11
14
27
38
51
49
14
11
15
11
12
12
11
51
14
22
19
11
19
11
19
8
11
23
19
19
26
38
38
26
45
26
19
17
38
38
17
51
17
11
22
16
22
20
22
20
17
51
14
11
51
35
47
22
17
11
11
11
19
11
19
19
48
11
19
18
18
12
35
19
35
15
51
22
35
22
51
35
35
14
11
26
11
51
51
35
3
17
51
4
14
17
3
16
38
3
8
14
19
14
19
12
23
19
23
48
19
14
14
45
14
11
14
14
14
14
4
23
45
18
51
51
51
22
15
22
47
14
11
11
14
11
11
11
27
27
19
11
11
19
11
19
19
19
11
14
16
4
18
4
16
19
19
4
51
27
11
23
12
14
11
19
19
45
45
11
23
19
11
11
11
51
23
19
19
19
23
14
18
12
11
11
19
23
14
14
19
14
11
11
23
19
23
11
11
14
23
19
23
23
11
11
14
14
51
45
11
17
11
51
14
11
51
51
11
14
12
35
4
11
12
18
22
27
11
19
11
51
51
51
11
11
11
11
17
51
49
16
17
27
11
17
14
14
11
27
11
26
4
27
14
4
11
12
12
14
35
53
17
11
14
51
38
14
38
38
14
11
16
11
14
11
11
12
14
12
26
19
19
19
19
19
11
4
23
11
22
22
38
12
18
22
12
18
22
15
11
18
19
26
11
11
23
19
14
11
14
14
11
49
27
49
49
12
14
49
51
14
15
14
18
49
51
49
27
18
19
11
4
19
19
27
11
35
14
14
19
11
12
14
22
19
35
26
22
14
22
22
12
26
12
18
12
51
19
12
15
20
11
11
15
14
12
12
12
51
35
18
35
35
22
12
35
35
51
22
23
19
35
11
11
11
14
11
14
19
14
11
14
19
14
23
12
11
3
23
11
11
11
11
22
11
4
14
11
8
35
16
23
4
19
14
14
11
14
23
26
11
11
19
23
11
4
19
23
11
11
48
11
26
11
12
19
11
23
11
