0,1
0,3
0,4
0,9
0,11
0,19
1,0
1,2
1,12
2,1
2,5
2,6
3,0
3,15
3,18
4,0
5,2
6,2
9,0
11,0
12,1
15,3
18,3
19,0
20,23
20,24
20,31
20,39
23,20
23,38
24,20
31,20
38,23
39,20
40,41
40,43
40,44
40,49
40,51
40,59
41,40
41,50
41,52
43,40
43,55
43,58
44,40
49,40
50,41
51,40
52,41
55,43
58,43
59,40
60,61
60,64
60,69
60,71
60,79
61,60
61,62
61,70
62,61
64,60
69,60
70,61
71,60
79,60
80,81
80,83
80,84
80,89
80,91
80,99
81,80
81,82
81,90
81,92
82,81
82,85
82,86
83,80
83,95
83,98
84,80
85,82
85,87
86,82
87,85
89,80
90,81
90,93
91,80
92,81
93,90
95,83
98,83
99,80
100,101
100,103
100,104
100,109
100,111
100,119
101,100
101,102
101,110
101,112
102,101
103,100
103,115
103,118
104,100
109,100
110,101
111,100
112,101
115,103
118,103
119,100
120,121
120,123
120,124
120,129
120,131
120,139
121,120
121,122
121,132
122,121
122,125
122,126
122,134
123,120
123,135
123,138
124,120
125,122
125,127
126,122
126,136
127,125
129,120
131,120
132,121
134,122
135,123
136,126
138,123
139,120
140,141
140,143
140,144
140,149
140,151
140,159
141,140
141,152
143,140
144,140
149,140
151,140
152,141
159,140
160,161
160,164
160,171
161,160
161,162
161,170
161,172
162,161
162,165
162,166
164,160
165,162
165,167
166,162
167,165
170,161
170,173
171,160
172,161
173,170
180,181
180,183
180,184
180,189
180,191
180,199
181,180
181,190
181,192
183,180
183,195
183,198
184,180
189,180
190,181
191,180
192,181
195,183
198,183
199,180
200,201
200,203
200,204
200,209
200,211
200,219
201,200
201,202
201,210
201,212
202,201
202,205
202,206
202,214
203,200
203,215
203,218
204,200
205,202
206,202
206,208
208,206
209,200
210,201
210,213
211,200
212,201
213,210
214,202
215,203
218,203
219,200
220,221
220,223
220,224
220,229
220,231
220,239
221,220
221,222
221,230
221,232
222,221
222,225
222,226
223,220
223,235
223,238
224,220
225,222
226,222
226,228
226,236
228,226
229,220
230,221
231,220
232,221
235,223
236,226
238,223
239,220
240,241
240,243
240,244
240,251
240,259
241,240
241,242
241,252
242,241
242,245
242,254
243,240
243,255
243,258
244,240
245,242
251,240
252,241
254,242
255,243
258,243
259,240
260,261
260,263
260,264
260,269
260,271
260,279
261,260
261,262
261,272
262,261
262,266
262,274
263,260
263,275
263,278
264,260
266,262
269,260
271,260
272,261
274,262
275,263
278,263
279,260
280,281
280,283
280,284
280,289
280,291
280,299
281,280
281,290
281,292
283,280
283,295
283,298
284,280
289,280
290,281
290,293
291,280
292,281
293,290
295,283
298,283
299,280
300,301
300,303
300,304
300,309
300,311
300,319
301,300
301,302
301,310
301,312
302,301
303,300
303,315
303,318
304,300
309,300
310,301
311,300
312,301
315,303
318,303
319,300
320,321
320,323
320,324
320,329
320,331
321,320
321,322
321,332
322,321
323,320
323,335
323,338
324,320
329,320
331,320
332,321
335,323
338,323
340,341
340,343
340,344
340,349
340,351
340,359
341,340
341,342
341,350
341,352
342,341
342,345
342,346
343,340
343,355
343,358
344,340
345,342
345,347
346,342
347,345
349,340
350,341
351,340
352,341
355,343
358,343
359,340
360,361
360,363
360,364
360,369
360,371
360,379
361,360
361,362
362,361
363,360
363,375
363,378
364,360
369,360
371,360
375,363
378,363
379,360
380,381
380,384
380,389
380,391
380,399
381,380
381,382
381,392
382,381
382,385
382,386
384,380
385,382
386,382
389,380
391,380
392,381
399,380
400,401
400,403
400,404
400,409
400,411
400,419
401,400
401,402
401,410
401,412
402,401
403,400
403,415
404,400
409,400
410,401
410,413
411,400
412,401
413,410
415,403
419,400
420,421
420,423
420,424
420,429
420,431
420,439
421,420
421,422
421,432
422,421
422,425
422,426
423,420
424,420
425,422
426,422
429,420
431,420
432,421
439,420
440,441
440,443
440,444
440,449
440,459
441,440
441,442
441,450
441,452
442,441
442,445
442,446
442,454
443,440
443,455
443,458
444,440
445,442
446,442
446,456
449,440
450,441
450,453
452,441
453,450
454,442
455,443
456,446
458,443
459,440
460,461
460,463
460,464
460,469
460,471
461,460
461,462
461,470
461,472
462,461
462,466
462,474
463,460
463,475
463,478
464,460
466,462
469,460
470,461
470,473
471,460
472,461
473,470
474,462
475,463
478,463
480,481
480,483
480,484
480,489
480,491
480,499
481,480
481,482
481,490
481,492
482,481
482,485
482,494
483,480
483,495
483,498
484,480
485,482
489,480
490,481
490,493
491,480
492,481
493,490
494,482
495,483
498,483
499,480
500,501
500,509
500,511
500,519
501,500
501,510
509,500
510,501
511,500
519,500
520,521
520,523
520,524
520,529
520,531
520,539
521,520
521,522
521,530
521,532
522,521
522,525
522,526
522,534
523,520
523,538
524,520
525,522
525,527
526,522
527,525
529,520
530,521
530,533
531,520
532,521
533,530
534,522
538,523
539,520
540,541
540,543
540,544
540,549
540,551
540,559
541,540
543,540
543,555
543,558
544,540
549,540
551,540
555,543
558,543
559,540
560,561
560,563
560,564
560,569
560,571
560,579
561,560
561,570
561,572
563,560
563,575
563,578
564,560
569,560
570,561
571,560
572,561
575,563
578,563
579,560
580,581
580,583
580,584
580,589
580,591
580,599
581,580
581,590
581,592
583,580
583,595
583,598
584,580
589,580
590,581
591,580
592,581
595,583
598,583
599,580
600,601
600,603
600,604
600,609
600,611
600,619
601,600
601,602
601,610
601,612
602,601
602,605
602,606
602,614
603,600
604,600
605,602
606,602
609,600
610,601
610,613
611,600
612,601
613,610
614,602
619,600
620,621
620,623
620,624
620,629
620,631
621,620
621,622
621,630
621,632
622,621
622,625
622,626
623,620
623,638
624,620
625,622
626,622
629,620
630,621
630,633
631,620
632,621
633,630
638,623
640,641
640,643
640,644
640,649
641,640
641,642
641,650
641,652
642,641
642,645
642,646
643,640
643,655
643,658
644,640
645,642
646,642
649,640
650,641
652,641
655,643
658,643
660,661
660,663
660,669
660,671
660,679
661,660
661,662
661,670
661,672
662,661
662,665
662,666
662,674
663,660
663,675
663,678
665,662
665,667
666,662
666,668
666,676
667,665
668,666
669,660
670,661
670,673
671,660
672,661
673,670
674,662
675,663
676,666
678,663
679,660
680,681
680,684
680,689
680,691
680,699
681,680
681,690
681,692
684,680
689,680
690,681
690,693
691,680
692,681
693,690
699,680
700,701
700,703
700,704
700,719
701,700
701,702
701,710
701,712
702,701
702,705
702,706
703,700
703,715
703,718
704,700
705,702
706,702
706,708
708,706
710,701
710,713
712,701
713,710
715,703
718,703
719,700
720,721
720,723
720,724
720,729
720,731
720,739
721,720
721,722
721,730
721,732
722,721
722,725
722,726
722,734
723,720
723,735
723,738
724,720
725,722
726,722
726,736
729,720
730,721
730,733
731,720
732,721
733,730
734,722
735,723
736,726
738,723
739,720
740,741
740,743
740,744
740,751
740,759
741,740
741,742
741,750
741,752
742,741
742,745
742,746
742,754
743,740
743,758
744,740
745,742
745,747
746,742
746,756
747,745
750,741
750,753
751,740
752,741
753,750
754,742
756,746
758,743
759,740
760,761
760,763
760,764
760,769
760,771
761,760
761,762
761,770
761,772
762,761
762,765
762,766
762,774
763,760
763,775
764,760
765,762
766,762
766,768
766,776
768,766
769,760
770,761
771,760
772,761
774,762
775,763
776,766
780,781
780,783
780,784
780,789
780,791
780,799
781,780
781,790
781,792
783,780
783,795
784,780
789,780
790,781
791,780
792,781
795,783
799,780
801,802
801,810
801,812
802,801
802,805
802,806
802,814
805,802
805,807
806,802
806,816
807,805
810,801
810,813
812,801
813,810
814,802
816,806
820,821
820,823
820,824
820,829
820,831
820,839
821,820
821,822
821,830
821,832
822,821
822,825
822,826
822,834
823,820
823,835
823,838
824,820
825,822
826,822
829,820
830,821
830,833
831,820
832,821
833,830
834,822
835,823
838,823
839,820
840,841
840,844
840,849
840,851
841,840
841,842
841,850
841,852
842,841
842,845
842,846
842,854
844,840
845,842
846,842
849,840
850,841
851,840
852,841
854,842
860,861
860,863
860,864
860,871
861,860
861,862
861,870
862,861
862,865
862,866
862,874
863,860
864,860
865,862
866,862
870,861
871,860
874,862
880,881
880,889
881,880
881,882
881,890
881,892
882,881
882,885
882,886
882,894
885,882
886,882
889,880
890,881
890,893
892,881
893,890
894,882
900,901
900,903
900,904
900,909
900,911
900,919
901,900
901,902
901,910
901,912
902,901
902,905
902,906
903,900
903,918
904,900
905,902
905,907
906,902
907,905
909,900
910,901
911,900
912,901
918,903
919,900
920,921
920,923
920,929
921,920
921,922
921,932
922,921
922,925
923,920
923,935
923,938
925,922
929,920
932,921
935,923
938,923
941,942
941,950
941,952
942,941
942,945
942,946
942,954
945,942
946,942
950,941
950,953
952,941
953,950
954,942
960,961
960,963
960,969
960,971
961,960
961,962
961,970
961,972
962,961
962,965
962,966
963,960
963,975
965,962
965,967
966,962
966,968
966,976
967,965
968,966
969,960
970,961
971,960
972,961
975,963
976,966
980,981
980,983
980,989
981,980
981,982
981,990
981,992
982,981
982,985
982,986
983,980
985,982
986,982
986,988
986,996
988,986
989,980
990,981
990,993
992,981
993,990
996,986
1000,1001
1000,1003
1000,1004
1000,1009
1000,1011
1000,1019
1001,1000
1001,1002
1001,1012
1002,1001
1002,1005
1002,1006
1002,1014
1003,1000
1003,1015
1003,1018
1004,1000
1005,1002
1006,1002
1009,1000
1011,1000
1012,1001
1014,1002
1015,1003
1018,1003
1019,1000
1020,1021
1020,1023
1020,1024
1020,1029
1020,1039
1021,1020
1021,1022
1021,1030
1021,1032
1022,1021
1022,1025
1022,1026
1022,1034
1023,1020
1023,1035
1023,1038
1024,1020
1025,1022
1026,1022
1029,1020
1030,1021
1032,1021
1034,1022
1035,1023
1038,1023
1039,1020
1040,1041
1040,1043
1040,1059
1041,1040
1041,1042
1041,1050
1041,1052
1042,1041
1042,1045
1042,1046
1042,1054
1043,1040
1045,1042
1046,1042
1046,1048
1046,1056
1048,1046
1050,1041
1050,1053
1052,1041
1053,1050
1054,1042
1056,1046
1059,1040
1060,1061
1060,1063
1060,1064
1060,1069
1060,1071
1060,1079
1061,1060
1061,1062
1061,1070
1061,1072
1062,1061
1062,1065
1063,1060
1064,1060
1065,1062
1069,1060
1070,1061
1070,1073
1071,1060
1072,1061
1073,1070
1079,1060
1080,1081
1080,1083
1080,1089
1080,1091
1080,1099
1081,1080
1081,1090
1081,1092
1083,1080
1083,1095
1083,1098
1089,1080
1090,1081
1090,1093
1091,1080
1092,1081
1093,1090
1095,1083
1098,1083
1099,1080
1100,1101
1100,1103
1100,1104
1100,1109
1100,1111
1100,1119
1101,1100
1101,1102
1101,1110
1101,1112
1102,1101
1103,1100
1103,1115
1103,1118
1104,1100
1109,1100
1110,1101
1110,1113
1111,1100
1112,1101
1113,1110
1115,1103
1118,1103
1119,1100
1120,1121
1120,1124
1120,1129
1120,1131
1120,1139
1121,1120
1121,1122
1121,1130
1121,1132
1122,1121
1122,1126
1122,1134
1124,1120
1126,1122
1129,1120
1130,1121
1130,1133
1131,1120
1132,1121
1133,1130
1134,1122
1139,1120
1140,1141
1140,1143
1140,1144
1140,1149
1140,1159
1141,1140
1141,1142
1141,1150
1141,1152
1142,1141
1142,1146
1142,1154
1143,1140
1143,1155
1143,1158
1144,1140
1146,1142
1146,1148
1146,1156
1148,1146
1149,1140
1150,1141
1150,1153
1152,1141
1153,1150
1154,1142
1155,1143
1156,1146
1158,1143
1159,1140
1160,1161
1160,1163
1160,1164
1160,1169
1160,1171
1160,1179
1161,1160
1161,1162
1161,1170
1161,1172
1162,1161
1162,1165
1162,1166
1163,1160
1164,1160
1165,1162
1166,1162
1169,1160
1170,1161
1170,1173
1171,1160
1172,1161
1173,1170
1179,1160
1180,1181
1180,1183
1180,1184
1180,1189
1180,1191
1181,1180
1181,1182
1181,1190
1181,1192
1182,1181
1182,1194
1183,1180
1183,1195
1184,1180
1189,1180
1190,1181
1190,1193
1191,1180
1192,1181
1193,1190
1194,1182
1195,1183
1201,1202
1202,1201
1202,1205
1202,1206
1202,1214
1205,1202
1205,1207
1206,1202
1206,1216
1207,1205
1214,1202
1216,1206
1220,1221
1220,1223
1220,1224
1220,1229
1220,1231
1220,1239
1221,1220
1221,1222
1221,1230
1221,1232
1222,1221
1222,1225
1222,1226
1222,1234
1223,1220
1224,1220
1225,1222
1225,1227
1226,1222
1226,1228
1226,1236
1227,1225
1228,1226
1228,1237
1229,1220
1230,1221
1230,1233
1231,1220
1232,1221
1233,1230
1234,1222
1236,1226
1237,1228
1239,1220
1240,1241
1241,1240
1241,1242
1241,1250
1241,1252
1242,1241
1242,1246
1242,1254
1246,1242
1246,1256
1250,1241
1252,1241
1254,1242
1256,1246
1260,1261
1261,1260
1261,1262
1261,1272
1262,1261
1262,1265
1262,1266
1262,1274
1265,1262
1265,1267
1266,1262
1266,1268
1267,1265
1268,1266
1272,1261
1274,1262
1281,1282
1281,1290
1281,1292
1282,1281
1282,1285
1282,1286
1282,1294
1285,1282
1286,1282
1286,1288
1286,1296
1288,1286
1288,1297
1290,1281
1292,1281
1294,1282
1296,1286
1297,1288
1300,1301
1301,1300
1301,1302
1301,1310
1301,1312
1302,1301
1302,1305
1302,1306
1302,1314
1305,1302
1305,1307
1306,1302
1306,1308
1306,1316
1307,1305
1308,1306
1310,1301
1312,1301
1314,1302
1316,1306
1320,1321
1320,1323
1320,1324
1320,1331
1320,1339
1321,1320
1321,1322
1321,1330
1321,1332
1322,1321
1322,1325
1322,1326
1322,1334
1323,1320
1324,1320
1325,1322
1325,1327
1326,1322
1326,1328
1326,1336
1327,1325
1328,1326
1328,1337
1330,1321
1331,1320
1332,1321
1334,1322
1336,1326
1337,1328
1339,1320
1340,1341
1340,1344
1340,1351
1340,1359
1341,1340
1341,1342
1341,1350
1341,1352
1342,1341
1342,1345
1342,1346
1342,1354
1344,1340
1345,1342
1345,1347
1346,1342
1346,1348
1346,1356
1347,1345
1348,1346
1350,1341
1351,1340
1352,1341
1354,1342
1356,1346
1359,1340
1361,1362
1361,1370
1361,1372
1362,1361
1362,1365
1362,1366
1362,1374
1365,1362
1366,1362
1370,1361
1372,1361
1374,1362
1380,1381
1380,1384
1380,1389
1381,1380
1381,1382
1381,1390
1381,1392
1382,1381
1382,1385
1382,1386
1382,1394
1384,1380
1385,1382
1386,1382
1386,1396
1389,1380
1390,1381
1390,1393
1392,1381
1393,1390
1394,1382
1396,1386
1400,1401
1400,1403
1400,1404
1400,1409
1400,1411
1401,1400
1401,1402
1401,1410
1401,1412
1402,1401
1402,1405
1402,1406
1402,1414
1403,1400
1404,1400
1405,1402
1406,1402
1406,1416
1409,1400
1410,1401
1411,1400
1412,1401
1414,1402
1416,1406
1420,1421
1420,1423
1420,1424
1420,1429
1420,1431
1420,1439
1421,1420
1421,1422
1421,1432
1422,1421
1422,1425
1422,1426
1422,1434
1423,1420
1424,1420
1425,1422
1425,1427
1426,1422
1426,1428
1426,1436
1427,1425
1428,1426
1428,1437
1429,1420
1431,1420
1432,1421
1434,1422
1436,1426
1437,1428
1439,1420
1441,1442
1441,1450
1441,1452
1442,1441
1442,1445
1442,1446
1442,1454
1445,1442
1446,1442
1446,1448
1448,1446
1450,1441
1452,1441
1454,1442
1460,1461
1460,1464
1460,1479
1461,1460
1461,1462
1461,1470
1461,1472
1462,1461
1462,1465
1462,1466
1462,1474
1464,1460
1465,1462
1466,1462
1466,1468
1466,1476
1468,1466
1468,1477
1470,1461
1470,1473
1472,1461
1473,1470
1474,1462
1476,1466
1477,1468
1479,1460
1480,1481
1481,1480
1481,1482
1481,1490
1482,1481
1482,1485
1482,1486
1482,1494
1485,1482
1486,1482
1486,1488
1486,1496
1488,1486
1490,1481
1494,1482
1496,1486
1501,1502
1501,1510
1501,1512
1502,1501
1502,1506
1502,1514
1506,1502
1506,1508
1506,1516
1508,1506
1510,1501
1510,1513
1512,1501
1513,1510
1514,1502
1516,1506
1522,1525
1522,1526
1522,1534
1525,1522
1526,1522
1526,1528
1526,1536
1528,1526
1528,1537
1534,1522
1536,1526
1537,1528
1540,1541
1541,1540
1541,1542
1541,1550
1541,1552
1542,1541
1542,1545
1542,1554
1545,1542
1550,1541
1550,1553
1552,1541
1553,1550
1554,1542
1561,1562
1561,1572
1562,1561
1562,1566
1562,1574
1566,1562
1566,1568
1566,1576
1568,1566
1572,1561
1574,1562
1576,1566
1582,1585
1582,1586
1582,1594
1585,1582
1585,1587
1586,1582
1586,1588
1586,1596
1587,1585
1588,1586
1594,1582
1596,1586
1600,1601
1600,1604
1600,1619
1601,1600
1601,1602
1601,1610
1601,1612
1602,1601
1602,1605
1602,1606
1602,1614
1604,1600
1605,1602
1606,1602
1606,1608
1608,1606
1608,1617
1610,1601
1610,1613
1612,1601
1613,1610
1614,1602
1617,1608
1619,1600
1620,1621
1620,1624
1620,1629
1620,1639
1621,1620
1621,1622
1621,1630
1621,1632
1622,1621
1622,1625
1622,1626
1622,1634
1624,1620
1625,1622
1626,1622
1629,1620
1630,1621
1632,1621
1634,1622
1639,1620
1640,1641
1640,1643
1641,1640
1641,1642
1641,1650
1641,1652
1642,1641
1642,1645
1642,1646
1642,1654
1643,1640
1645,1642
1645,1647
1646,1642
1646,1648
1646,1656
1647,1645
1648,1646
1650,1641
1652,1641
1654,1642
1656,1646
1660,1661
1660,1664
1660,1679
1661,1660
1661,1662
1661,1670
1662,1661
1662,1665
1662,1666
1662,1674
1664,1660
1665,1662
1666,1662
1666,1668
1666,1676
1668,1666
1670,1661
1674,1662
1676,1666
1679,1660
1680,1681
1680,1683
1680,1684
1680,1689
1680,1699
1681,1680
1681,1682
1681,1690
1681,1692
1682,1681
1682,1685
1682,1686
1682,1694
1683,1680
1684,1680
1685,1682
1685,1687
1686,1682
1686,1688
1686,1696
1687,1685
1688,1686
1689,1680
1690,1681
1692,1681
1694,1682
1696,1686
1699,1680
1700,1701
1700,1703
1700,1709
1700,1711
1701,1700
1701,1702
1701,1712
1702,1701
1702,1706
1702,1714
1703,1700
1706,1702
1706,1708
1708,1706
1708,1717
1709,1700
1711,1700
1712,1701
1714,1702
1717,1708
1720,1721
1720,1723
1720,1724
1720,1739
1721,1720
1721,1722
1721,1730
1721,1732
1722,1721
1722,1725
1722,1726
1722,1734
1723,1720
1724,1720
1725,1722
1725,1727
1726,1722
1726,1728
1726,1736
1727,1725
1728,1726
1728,1737
1730,1721
1730,1733
1732,1721
1733,1730
1734,1722
1736,1726
1737,1728
1739,1720
1741,1742
1741,1750
1741,1752
1742,1741
1742,1745
1742,1746
1742,1754
1745,1742
1745,1747
1746,1742
1746,1748
1746,1756
1747,1745
1748,1746
1750,1741
1752,1741
1754,1742
1756,1746
1760,1761
1760,1763
1760,1769
1760,1771
1760,1779
1761,1760
1761,1762
1762,1761
1762,1765
1762,1766
1762,1774
1763,1760
1765,1762
1766,1762
1766,1768
1766,1776
1768,1766
1769,1760
1771,1760
1774,1762
1776,1766
1779,1760
1780,1781
1781,1780
1781,1782
1781,1790
1782,1781
1782,1785
1782,1786
1782,1794
1785,1782
1785,1787
1786,1782
1787,1785
1790,1781
1794,1782
1800,1803
1800,1804
1800,1809
1800,1811
1800,1819
1803,1800
1803,1815
1803,1818
1804,1800
1809,1800
1811,1800
1815,1803
1818,1803
1819,1800
1820,1821
1820,1823
1820,1824
1820,1829
1820,1831
1820,1839
1821,1820
1821,1822
1821,1832
1822,1821
1823,1820
1823,1835
1823,1838
1824,1820
1829,1820
1831,1820
1832,1821
1835,1823
1838,1823
1839,1820
1840,1841
1840,1843
1840,1844
1840,1849
1840,1851
1840,1859
1841,1840
1841,1842
1841,1850
1841,1852
1842,1841
1843,1840
1843,1855
1843,1858
1844,1840
1849,1840
1850,1841
1851,1840
1852,1841
1855,1843
1858,1843
1859,1840
1860,1861
1860,1863
1860,1864
1860,1869
1860,1871
1861,1860
1863,1860
1863,1875
1863,1878
1864,1860
1869,1860
1871,1860
1875,1863
1878,1863
1883,1898
1898,1883
1900,1901
1900,1903
1900,1909
1900,1911
1901,1900
1901,1902
1901,1910
1902,1901
1903,1900
1903,1915
1903,1918
1909,1900
1910,1901
1911,1900
1915,1903
1918,1903
1920,1921
1920,1923
1920,1924
1920,1939
1921,1920
1921,1922
1921,1930
1922,1921
1923,1920
1923,1935
1923,1938
1924,1920
1930,1921
1935,1923
1938,1923
1939,1920
1940,1941
1940,1943
1940,1944
1940,1959
1941,1940
1943,1940
1943,1955
1943,1958
1944,1940
1955,1943
1958,1943
1959,1940
1960,1961
1960,1963
1960,1964
1960,1969
1960,1971
1960,1979
1961,1960
1961,1970
1961,1972
1963,1960
1963,1975
1963,1978
1964,1960
1969,1960
1970,1961
1971,1960
1972,1961
1975,1963
1978,1963
1979,1960
1980,1981
1980,1983
1980,1984
1980,1991
1980,1999
1981,1980
1983,1980
1983,1995
1983,1998
1984,1980
1991,1980
1995,1983
1998,1983
1999,1980
2000,2003
2003,2000
2003,2015
2003,2018
2015,2003
2018,2003
2020,2021
2020,2023
2020,2024
2020,2029
2020,2031
2020,2039
2021,2020
2021,2022
2021,2032
2022,2021
2023,2020
2023,2035
2023,2038
2024,2020
2029,2020
2031,2020
2032,2021
2035,2023
2038,2023
2039,2020
2040,2041
2040,2043
2040,2044
2040,2049
2040,2059
2041,2040
2041,2050
2041,2052
2043,2040
2043,2055
2043,2058
2044,2040
2049,2040
2050,2041
2052,2041
2055,2043
2058,2043
2059,2040
2060,2061
2060,2063
2060,2064
2060,2071
2060,2079
2061,2060
2063,2060
2063,2075
2063,2078
2064,2060
2071,2060
2075,2063
2078,2063
2079,2060
2083,2095
2083,2098
2095,2083
2098,2083
2100,2101
2100,2103
2100,2104
2100,2109
2100,2119
2101,2100
2101,2110
2103,2100
2103,2115
2103,2118
2104,2100
2109,2100
2110,2101
2115,2103
2118,2103
2119,2100
2120,2121
2120,2123
2120,2124
2120,2129
2120,2131
2120,2139
2121,2120
2123,2120
2123,2135
2123,2138
2124,2120
2129,2120
2131,2120
2135,2123
2138,2123
2139,2120
2140,2141
2140,2143
2140,2144
2140,2149
2140,2151
2140,2159
2141,2140
2141,2142
2141,2152
2142,2141
2143,2140
2143,2158
2144,2140
2149,2140
2151,2140
2152,2141
2158,2143
2159,2140
2160,2161
2160,2163
2160,2164
2160,2169
2160,2171
2160,2179
2161,2160
2161,2170
2161,2172
2163,2160
2163,2175
2163,2178
2164,2160
2169,2160
2170,2161
2170,2173
2171,2160
2172,2161
2173,2170
2175,2163
2178,2163
2179,2160
2180,2183
2180,2184
2180,2189
2183,2180
2183,2195
2183,2198
2184,2180
2189,2180
2195,2183
2198,2183
2200,2201
2200,2203
2200,2204
2200,2209
2200,2219
2201,2200
2201,2212
2203,2200
2203,2215
2203,2218
2204,2200
2209,2200
2212,2201
2215,2203
2218,2203
2219,2200
2220,2221
2220,2223
2220,2224
2220,2231
2220,2239
2221,2220
2223,2220
2223,2235
2223,2238
2224,2220
2231,2220
2235,2223
2238,2223
2239,2220
2240,2243
2240,2244
2240,2249
2240,2251
2240,2259
2243,2240
2243,2255
2243,2258
2244,2240
2249,2240
2251,2240
2255,2243
2258,2243
2259,2240
2263,2275
2263,2278
2275,2263
2278,2263
2280,2281
2280,2283
2280,2284
2280,2289
2280,2291
2280,2299
2281,2280
2281,2282
2281,2290
2281,2292
2282,2281
2283,2280
2283,2298
2284,2280
2289,2280
2290,2281
2290,2293
2291,2280
2292,2281
2293,2290
2298,2283
2299,2280
2300,2301
2300,2303
2300,2304
2300,2309
2300,2311
2300,2319
2301,2300
2301,2302
2301,2310
2301,2312
2302,2301
2303,2300
2303,2315
2303,2318
2304,2300
2309,2300
2310,2301
2310,2313
2311,2300
2312,2301
2313,2310
2315,2303
2318,2303
2319,2300
2320,2321
2320,2323
2320,2329
2320,2331
2320,2339
2321,2320
2321,2322
2321,2330
2322,2321
2323,2320
2323,2335
2323,2338
2329,2320
2330,2321
2331,2320
2335,2323
2338,2323
2339,2320
2340,2341
2340,2343
2340,2344
2340,2351
2341,2340
2343,2340
2343,2355
2343,2358
2344,2340
2351,2340
2355,2343
2358,2343
2360,2363
2360,2369
2360,2371
2360,2379
2363,2360
2363,2375
2363,2378
2369,2360
2371,2360
2375,2363
2378,2363
2379,2360
2383,2395
2383,2398
2395,2383
2398,2383
2400,2404
2400,2409
2400,2419
2404,2400
2409,2400
2419,2400
2420,2423
2420,2424
2420,2431
2423,2420
2424,2420
2431,2420
2440,2441
2440,2443
2440,2444
2440,2451
2440,2459
2441,2440
2441,2442
2441,2450
2441,2452
2442,2441
2442,2445
2443,2440
2443,2455
2443,2458
2444,2440
2445,2442
2450,2441
2451,2440
2452,2441
2455,2443
2458,2443
2459,2440
2460,2461
2460,2463
2460,2464
2460,2471
2460,2479
2461,2460
2461,2462
2461,2470
2461,2472
2462,2461
2463,2460
2463,2478
2464,2460
2470,2461
2471,2460
2472,2461
2478,2463
2479,2460
2480,2481
2480,2484
2480,2489
2480,2491
2480,2499
2481,2480
2484,2480
2489,2480
2491,2480
2499,2480
2500,2504
2500,2509
2500,2511
2500,2519
2504,2500
2509,2500
2511,2500
2519,2500
2520,2521
2520,2523
2520,2524
2520,2529
2520,2531
2520,2539
2521,2520
2521,2522
2522,2521
2523,2520
2524,2520
2529,2520
2531,2520
2539,2520
2540,2541
2540,2544
2540,2551
2541,2540
2541,2542
2541,2550
2542,2541
2544,2540
2550,2541
2551,2540
2560,2561
2560,2563
2560,2564
2560,2569
2560,2571
2560,2579
2561,2560
2561,2562
2561,2570
2561,2572
2562,2561
2562,2574
2563,2560
2563,2575
2564,2560
2569,2560
2570,2561
2571,2560
2572,2561
2574,2562
2575,2563
2579,2560
2580,2581
2580,2583
2580,2584
2580,2589
2580,2591
2580,2599
2581,2580
2581,2582
2581,2592
2582,2581
2583,2580
2583,2595
2583,2598
2584,2580
2589,2580
2591,2580
2592,2581
2595,2583
2598,2583
2599,2580
2600,2601
2600,2603
2600,2604
2600,2609
2600,2611
2600,2619
2601,2600
2603,2600
2603,2615
2603,2618
2604,2600
2609,2600
2611,2600
2615,2603
2618,2603
2619,2600
2620,2621
2620,2623
2620,2624
2620,2629
2620,2631
2620,2639
2621,2620
2621,2622
2621,2630
2621,2632
2622,2621
2622,2625
2623,2620
2623,2635
2623,2638
2624,2620
2625,2622
2629,2620
2630,2621
2630,2633
2631,2620
2632,2621
2633,2630
2635,2623
2638,2623
2639,2620
2640,2643
2640,2644
2640,2649
2643,2640
2644,2640
2649,2640
2660,2661
2660,2663
2660,2664
2660,2669
2660,2671
2661,2660
2661,2670
2663,2660
2663,2678
2664,2660
2669,2660
2670,2661
2671,2660
2678,2663
2680,2681
2680,2683
2680,2684
2680,2691
2680,2699
2681,2680
2681,2682
2682,2681
2683,2680
2683,2695
2683,2698
2684,2680
2691,2680
2695,2683
2698,2683
2699,2680
2700,2704
2704,2700
2720,2723
2720,2724
2720,2729
2720,2731
2720,2739
2723,2720
2723,2735
2723,2738
2724,2720
2729,2720
2731,2720
2735,2723
2738,2723
2739,2720
2740,2743
2740,2744
2740,2751
2740,2759
2743,2740
2743,2755
2744,2740
2751,2740
2755,2743
2759,2740
2760,2764
2764,2760
2780,2783
2780,2784
2780,2789
2780,2791
2783,2780
2783,2798
2784,2780
2789,2780
2791,2780
2798,2783
2800,2801
2800,2803
2800,2804
2800,2809
2800,2811
2800,2819
2801,2800
2803,2800
2803,2815
2803,2818
2804,2800
2809,2800
2811,2800
2815,2803
2818,2803
2819,2800
2820,2821
2820,2823
2820,2824
2820,2829
2820,2831
2820,2839
2821,2820
2823,2820
2823,2835
2824,2820
2829,2820
2831,2820
2835,2823
2839,2820
2840,2844
2844,2840
2860,2864
2860,2869
2860,2879
2864,2860
2869,2860
2879,2860
2880,2881
2880,2883
2880,2884
2880,2889
2880,2891
2881,2880
2881,2892
2883,2880
2883,2895
2884,2880
2889,2880
2891,2880
2892,2881
2895,2883
2900,2901
2900,2903
2900,2904
2901,2900
2901,2902
2901,2910
2901,2912
2902,2901
2902,2905
2903,2900
2903,2915
2903,2918
2904,2900
2905,2902
2910,2901
2912,2901
2915,2903
2918,2903
2920,2921
2920,2923
2920,2924
2920,2929
2920,2931
2920,2939
2921,2920
2923,2920
2923,2938
2924,2920
2929,2920
2931,2920
2938,2923
2939,2920
2942,2945
2942,2954
2945,2942
2945,2947
2947,2945
2954,2942
2962,2965
2962,2966
2962,2974
2965,2962
2965,2967
2966,2962
2967,2965
2974,2962
2982,2985
2982,2994
2985,2982
2985,2987
2987,2985
2994,2982
3000,3001
3000,3004
3000,3009
3001,3000
3001,3002
3001,3010
3001,3012
3002,3001
3002,3005
3002,3006
3002,3014
3004,3000
3005,3002
3005,3007
3006,3002
3006,3008
3006,3016
3007,3005
3008,3006
3008,3017
3009,3000
3010,3001
3012,3001
3014,3002
3016,3006
3017,3008
3022,3025
3022,3026
3022,3034
3025,3022
3026,3022
3034,3022
3045,3047
3047,3045
3061,3062
3062,3061
3062,3065
3062,3066
3062,3074
3065,3062
3065,3067
3066,3062
3067,3065
3074,3062
3081,3082
3081,3090
3081,3092
3082,3081
3082,3085
3082,3086
3082,3094
3085,3082
3085,3087
3086,3082
3086,3088
3086,3096
3087,3085
3088,3086
3090,3081
3090,3093
3092,3081
3093,3090
3094,3082
3096,3086
3101,3102
3101,3110
3102,3101
3102,3105
3102,3106
3102,3114
3105,3102
3106,3102
3110,3101
3114,3102
3122,3125
3122,3126
3122,3134
3125,3122
3125,3127
3126,3122
3126,3128
3127,3125
3128,3126
3134,3122
3145,3147
3147,3145
3161,3162
3161,3170
3162,3161
3162,3165
3162,3166
3165,3162
3165,3167
3166,3162
3166,3168
3167,3165
3168,3166
3170,3161
3182,3185
3182,3186
3182,3194
3185,3182
3185,3187
3186,3182
3186,3188
3187,3185
3188,3186
3194,3182
3200,3201
3201,3200
3201,3202
3202,3201
3202,3205
3202,3214
3205,3202
3214,3202
3221,3222
3221,3230
3222,3221
3222,3225
3225,3222
3225,3227
3227,3225
3230,3221
3242,3245
3242,3254
3245,3242
3245,3247
3247,3245
3254,3242
3260,3261
3261,3260
3261,3262
3261,3270
3261,3272
3262,3261
3262,3265
3262,3266
3262,3274
3265,3262
3265,3267
3266,3262
3267,3265
3270,3261
3272,3261
3274,3262
3282,3285
3282,3286
3282,3294
3285,3282
3285,3287
3286,3282
3286,3288
3286,3296
3287,3285
3288,3286
3294,3282
3296,3286
3301,3302
3302,3301
3302,3305
3302,3306
3302,3314
3305,3302
3305,3307
3306,3302
3307,3305
3314,3302
3321,3322
3321,3330
3322,3321
3322,3325
3325,3322
3325,3327
3327,3325
3330,3321
3341,3342
3342,3341
3342,3345
3342,3346
3342,3354
3345,3342
3345,3347
3346,3342
3347,3345
3354,3342
3362,3365
3362,3374
3365,3362
3365,3367
3367,3365
3374,3362
3382,3385
3382,3386
3382,3394
3385,3382
3385,3387
3386,3382
3386,3396
3387,3385
3394,3382
3396,3386
3402,3405
3402,3406
3402,3414
3405,3402
3405,3407
3406,3402
3407,3405
3414,3402
3422,3425
3422,3426
3422,3434
3425,3422
3425,3427
3426,3422
3427,3425
3434,3422
3441,3442
3442,3441
3442,3445
3442,3446
3442,3454
3445,3442
3445,3447
3446,3442
3447,3445
3454,3442
3461,3462
3461,3472
3462,3461
3462,3465
3462,3466
3462,3474
3465,3462
3465,3467
3466,3462
3466,3476
3467,3465
3472,3461
3474,3462
3476,3466
3480,3481
3480,3483
3480,3489
3480,3499
3481,3480
3481,3482
3481,3492
3482,3481
3482,3485
3482,3486
3482,3494
3483,3480
3485,3482
3485,3487
3486,3482
3487,3485
3489,3480
3492,3481
3494,3482
3499,3480
3505,3507
3507,3505
3522,3525
3522,3526
3525,3522
3525,3527
3526,3522
3527,3525
3542,3546
3546,3542
3546,3548
3546,3556
3548,3546
3548,3557
3556,3546
3557,3548
3562,3566
3566,3562
3566,3568
3566,3576
3568,3566
3568,3577
3576,3566
3577,3568
3582,3585
3582,3586
3585,3582
3585,3587
3586,3582
3586,3588
3586,3596
3587,3585
3588,3586
3588,3597
3596,3586
3597,3588
3602,3605
3602,3606
3602,3614
3605,3602
3605,3607
3606,3602
3606,3608
3606,3616
3607,3605
3608,3606
3608,3617
3614,3602
3616,3606
3617,3608
3622,3626
3622,3634
3626,3622
3626,3628
3626,3636
3628,3626
3634,3622
3636,3626
3641,3642
3642,3641
3642,3645
3642,3646
3642,3654
3645,3642
3646,3642
3646,3648
3646,3656
3648,3646
3648,3657
3654,3642
3656,3646
3657,3648
3660,3661
3660,3669
3661,3660
3661,3662
3661,3670
3661,3672
3662,3661
3662,3665
3662,3666
3662,3674
3665,3662
3665,3667
3666,3662
3666,3668
3666,3676
3667,3665
3668,3666
3669,3660
3670,3661
3672,3661
3674,3662
3676,3666
3680,3681
3681,3680
3681,3682
3681,3690
3682,3681
3682,3685
3682,3686
3682,3694
3685,3682
3685,3687
3686,3682
3686,3688
3686,3696
3687,3685
3688,3686
3688,3697
3690,3681
3694,3682
3696,3686
3697,3688
3702,3706
3702,3714
3706,3702
3706,3708
3706,3716
3708,3706
3708,3717
3714,3702
3716,3706
3717,3708
3722,3726
3722,3734
3726,3722
3726,3728
3726,3736
3728,3726
3728,3737
3734,3722
3736,3726
3737,3728
3746,3748
3746,3756
3748,3746
3756,3746
3766,3768
3766,3776
3768,3766
3776,3766
3782,3786
3786,3782
3786,3788
3786,3796
3788,3786
3788,3797
3796,3786
3797,3788
3800,3801
3800,3804
3801,3800
3801,3802
3802,3801
3802,3805
3802,3806
3802,3814
3804,3800
3805,3802
3805,3807
3806,3802
3806,3808
3806,3816
3807,3805
3808,3806
3808,3817
3814,3802
3816,3806
3817,3808
3821,3822
3822,3821
3822,3826
3822,3834
3826,3822
3826,3828
3826,3836
3828,3826
3834,3822
3836,3826
3841,3842
3842,3841
3842,3846
3846,3842
3846,3848
3846,3856
3848,3846
3848,3857
3856,3846
3857,3848
3860,3861
3861,3860
3861,3862
3861,3870
3861,3872
3862,3861
3862,3866
3862,3874
3866,3862
3866,3868
3866,3876
3868,3866
3868,3877
3870,3861
3872,3861
3874,3862
3876,3866
3877,3868
3881,3882
3882,3881
3882,3885
3882,3886
3882,3894
3885,3882
3886,3882
3886,3888
3886,3896
3888,3886
3894,3882
3896,3886
3902,3905
3902,3906
3902,3914
3905,3902
3906,3902
3906,3908
3908,3906
3908,3917
3914,3902
3917,3908
3921,3922
3922,3921
3922,3925
3922,3926
3922,3934
3925,3922
3925,3927
3926,3922
3926,3928
3926,3936
3927,3925
3928,3926
3928,3937
3934,3922
3936,3926
3937,3928
3941,3942
3941,3950
3941,3952
3942,3941
3942,3945
3942,3946
3942,3954
3945,3942
3945,3947
3946,3942
3946,3948
3946,3956
3947,3945
3948,3946
3948,3957
3950,3941
3952,3941
3954,3942
3956,3946
3957,3948
3961,3962
3962,3961
3962,3965
3962,3966
3962,3974
3965,3962
3965,3967
3966,3962
3966,3968
3966,3976
3967,3965
3968,3966
3968,3977
3974,3962
3976,3966
3977,3968
3982,3986
3982,3994
3986,3982
3986,3988
3986,3996
3988,3986
3988,3997
3994,3982
3996,3986
3997,3988
4000,4001
4001,4000
4001,4002
4001,4010
4001,4012
4002,4001
4002,4005
4002,4006
4002,4014
4005,4002
4005,4007
4006,4002
4006,4016
4007,4005
4010,4001
4012,4001
4014,4002
4016,4006
4021,4022
4021,4030
4021,4032
4022,4021
4022,4026
4022,4034
4026,4022
4026,4028
4026,4036
4028,4026
4028,4037
4030,4021
4032,4021
4034,4022
4036,4026
4037,4028
4042,4046
4046,4042
4046,4048
4046,4056
4048,4046
4056,4046
4061,4062
4062,4061
4062,4065
4062,4066
4065,4062
4066,4062
4066,4068
4066,4076
4068,4066
4068,4077
4076,4066
4077,4068
4082,4085
4082,4086
4085,4082
4086,4082
4086,4088
4086,4096
4088,4086
4088,4097
4096,4086
4097,4088
4101,4102
4101,4110
4101,4112
4102,4101
4102,4105
4102,4106
4105,4102
4105,4107
4106,4102
4106,4108
4106,4116
4107,4105
4108,4106
4108,4117
4110,4101
4112,4101
4116,4106
4117,4108
4121,4122
4122,4121
4122,4125
4122,4126
4122,4134
4125,4122
4126,4122
4126,4128
4126,4136
4128,4126
4128,4137
4134,4122
4136,4126
4137,4128
4142,4145
4145,4142
4145,4147
4147,4145
4162,4165
4165,4162
4165,4167
4167,4165
4182,4185
4185,4182
4185,4187
4187,4185
4201,4202
4202,4201
4202,4205
4202,4206
4202,4214
4205,4202
4205,4207
4206,4202
4207,4205
4214,4202
4221,4222
4222,4221
4222,4225
4222,4226
4222,4234
4225,4222
4225,4227
4226,4222
4227,4225
4234,4222
4245,4247
4247,4245
4262,4265
4262,4266
4262,4274
4265,4262
4265,4267
4266,4262
4266,4276
4267,4265
4274,4262
4276,4266
4280,4281
4281,4280
4281,4282
4281,4290
4281,4292
4282,4281
4282,4285
4282,4286
4282,4294
4285,4282
4285,4287
4286,4282
4286,4288
4286,4296
4287,4285
4288,4286
4290,4281
4292,4281
4294,4282
4296,4286
4302,4305
4305,4302
4305,4307
4307,4305
4322,4325
4325,4322
4325,4327
4327,4325
4345,4347
4347,4345
4362,4365
4365,4362
4365,4367
4367,4365
4385,4387
4387,4385
4402,4405
4405,4402
4405,4407
4407,4405
4421,4422
4421,4430
4422,4421
4422,4425
4422,4426
4422,4434
4425,4422
4425,4427
4426,4422
4426,4428
4427,4425
4428,4426
4430,4421
4434,4422
4442,4445
4445,4442
4445,4447
4447,4445
4461,4462
4462,4461
4462,4465
4462,4474
4465,4462
4465,4467
4467,4465
4474,4462
4482,4485
4482,4486
4485,4482
4485,4487
4486,4482
4487,4485
4502,4505
4505,4502
4505,4507
4507,4505
4522,4525
4525,4522
4525,4527
4527,4525
4542,4545
4545,4542
4545,4547
4547,4545
4562,4565
4565,4562
4565,4567
4567,4565
4585,4587
4587,4585
4602,4605
4602,4606
4602,4614
4605,4602
4605,4607
4606,4602
4607,4605
4614,4602
4625,4627
4627,4625
4641,4642
4642,4641
4642,4645
4645,4642
4645,4647
4647,4645
4665,4667
4667,4665
4682,4685
4685,4682
4685,4687
4687,4685
4706,4708
4706,4716
4708,4706
4708,4717
4716,4706
4717,4708
4726,4728
4728,4726
4728,4737
4737,4728
4742,4746
4746,4742
4746,4748
4746,4756
4748,4746
4748,4757
4756,4746
4757,4748
4762,4765
4762,4766
4765,4762
4766,4762
4766,4768
4768,4766
4768,4777
4777,4768
4786,4788
4786,4796
4788,4786
4788,4797
4796,4786
4797,4788
4808,4817
4817,4808
4821,4822
4822,4821
4822,4826
4826,4822
4826,4828
4826,4836
4828,4826
4828,4837
4836,4826
4837,4828
4842,4846
4846,4842
4846,4848
4848,4846
4848,4857
4857,4848
4866,4868
4866,4876
4868,4866
4868,4877
4876,4866
4877,4868
4886,4888
4888,4886
4888,4897
4897,4888
4902,4906
4906,4902
4906,4908
4906,4916
4908,4906
4908,4917
4916,4906
4917,4908
4921,4922
4922,4921
4922,4926
4926,4922
4926,4928
4926,4936
4928,4926
4928,4937
4936,4926
4937,4928
4946,4948
4946,4956
4948,4946
4948,4957
4956,4946
4957,4948
4968,4977
4977,4968
4986,4988
4988,4986
4988,4997
4997,4988
5008,5017
5017,5008
5028,5037
5037,5028
5042,5046
5046,5042
5046,5048
5046,5056
5048,5046
5048,5057
5056,5046
5057,5048
5062,5065
5062,5066
5065,5062
5066,5062
5066,5068
5066,5076
5068,5066
5068,5077
5076,5066
5077,5068
5082,5086
5082,5094
5086,5082
5086,5088
5086,5096
5088,5086
5088,5097
5094,5082
5096,5086
5097,5088
5101,5102
5101,5112
5102,5101
5102,5105
5102,5106
5102,5114
5105,5102
5106,5102
5106,5108
5106,5116
5108,5106
5108,5117
5112,5101
5114,5102
5116,5106
5117,5108
5126,5128
5126,5136
5128,5126
5128,5137
5136,5126
5137,5128
5141,5142
5142,5141
5142,5146
5142,5154
5146,5142
5146,5148
5146,5156
5148,5146
5148,5157
5154,5142
5156,5146
5157,5148
5160,5161
5161,5160
5161,5162
5161,5170
5161,5172
5162,5161
5162,5166
5162,5174
5166,5162
5166,5168
5168,5166
5170,5161
5172,5161
5174,5162
5181,5182
5182,5181
5182,5185
5182,5186
5182,5194
5185,5182
5186,5182
5186,5188
5186,5196
5188,5186
5188,5197
5194,5182
5196,5186
5197,5188
5202,5205
5202,5206
5202,5214
5205,5202
5206,5202
5206,5208
5206,5216
5208,5206
5208,5217
5214,5202
5216,5206
5217,5208
5222,5226
5226,5222
5226,5228
5226,5236
5228,5226
5228,5237
5236,5226
5237,5228
5242,5246
5246,5242
5246,5248
5246,5256
5248,5246
5248,5257
5256,5246
5257,5248
5262,5266
5262,5274
5266,5262
5266,5268
5268,5266
5268,5277
5274,5262
5277,5268
5282,5286
5286,5282
5286,5288
5288,5286
5288,5297
5297,5288
5300,5301
5300,5303
5300,5304
5300,5309
5301,5300
5301,5310
5303,5300
5304,5300
5309,5300
5310,5301
5320,5321
5320,5323
5320,5324
5320,5329
5320,5331
5320,5339
5321,5320
5321,5322
5321,5330
5321,5332
5322,5321
5322,5325
5322,5326
5323,5320
5323,5338
5324,5320
5325,5322
5326,5322
5329,5320
5330,5321
5330,5333
5331,5320
5332,5321
5333,5330
5338,5323
5339,5320
5340,5344
5340,5349
5340,5351
5340,5359
5344,5340
5349,5340
5351,5340
5359,5340
5360,5361
5360,5363
5360,5364
5360,5369
5360,5371
5360,5379
5361,5360
5361,5362
5361,5372
5362,5361
5363,5360
5363,5378
5364,5360
5369,5360
5371,5360
5372,5361
5378,5363
5379,5360
5380,5381
5380,5383
5380,5384
5380,5389
5380,5391
5380,5399
5381,5380
5383,5380
5383,5398
5384,5380
5389,5380
5391,5380
5398,5383
5399,5380
5400,5401
5400,5403
5400,5404
5400,5409
5400,5411
5400,5419
5401,5400
5403,5400
5403,5418
5404,5400
5409,5400
5411,5400
5418,5403
5419,5400
5420,5421
5420,5423
5420,5424
5420,5429
5420,5431
5420,5439
5421,5420
5421,5422
5421,5432
5422,5421
5423,5420
5423,5438
5424,5420
5429,5420
5431,5420
5432,5421
5438,5423
5439,5420
5440,5441
5440,5443
5440,5444
5440,5449
5440,5451
5440,5459
5441,5440
5441,5442
5441,5450
5441,5452
5442,5441
5442,5445
5442,5446
5442,5454
5443,5440
5443,5455
5443,5458
5444,5440
5445,5442
5446,5442
5449,5440
5450,5441
5451,5440
5452,5441
5454,5442
5455,5443
5458,5443
5459,5440
5460,5461
5460,5464
5460,5469
5461,5460
5464,5460
5469,5460
5480,5481
5480,5483
5480,5484
5480,5489
5480,5491
5480,5499
5481,5480
5483,5480
5483,5495
5483,5498
5484,5480
5489,5480
5491,5480
5495,5483
5498,5483
5499,5480
5500,5501
5500,5503
5500,5504
5500,5509
5500,5511
5501,5500
5503,5500
5503,5515
5504,5500
5509,5500
5511,5500
5515,5503
5520,5523
5520,5529
5520,5531
5520,5539
5523,5520
5529,5520
5531,5520
5539,5520
5540,5541
5540,5543
5540,5544
5540,5549
5540,5551
5540,5559
5541,5540
5541,5550
5543,5540
5543,5555
5543,5558
5544,5540
5549,5540
5550,5541
5551,5540
5555,5543
5558,5543
5559,5540
5560,5561
5560,5563
5560,5564
5560,5569
5560,5571
5560,5579
5561,5560
5561,5562
5561,5570
5562,5561
5563,5560
5563,5575
5563,5578
5564,5560
5569,5560
5570,5561
5571,5560
5575,5563
5578,5563
5579,5560
5580,5581
5580,5583
5580,5584
5580,5589
5580,5591
5580,5599
5581,5580
5581,5582
5581,5590
5581,5592
5582,5581
5583,5580
5584,5580
5589,5580
5590,5581
5591,5580
5592,5581
5599,5580
5600,5601
5600,5603
5600,5609
5600,5611
5600,5619
5601,5600
5601,5610
5601,5612
5603,5600
5609,5600
5610,5601
5611,5600
5612,5601
5619,5600
5620,5624
5620,5629
5620,5631
5620,5639
5624,5620
5629,5620
5631,5620
5639,5620
5640,5641
5640,5643
5640,5644
5640,5649
5640,5651
5640,5659
5641,5640
5643,5640
5644,5640
5649,5640
5651,5640
5659,5640
5660,5669
5660,5679
5669,5660
5679,5660
5680,5683
5680,5684
5680,5689
5680,5699
5683,5680
5683,5695
5683,5698
5684,5680
5689,5680
5695,5683
5698,5683
5699,5680
5700,5709
5709,5700
5720,5721
5720,5723
5720,5724
5720,5729
5720,5731
5720,5739
5721,5720
5721,5722
5721,5730
5721,5732
5722,5721
5723,5720
5723,5735
5723,5738
5724,5720
5729,5720
5730,5721
5731,5720
5732,5721
5735,5723
5738,5723
5739,5720
5740,5743
5740,5744
5740,5749
5740,5751
5740,5759
5743,5740
5743,5758
5744,5740
5749,5740
5751,5740
5758,5743
5759,5740
5760,5761
5760,5763
5760,5764
5760,5769
5760,5771
5761,5760
5763,5760
5764,5760
5769,5760
5771,5760
5780,5781
5780,5783
5780,5784
5780,5789
5780,5791
5781,5780
5781,5790
5781,5792
5783,5780
5783,5795
5784,5780
5789,5780
5790,5781
5791,5780
5792,5781
5795,5783
5800,5801
5800,5803
5800,5804
5800,5809
5800,5811
5800,5819
5801,5800
5801,5812
5803,5800
5803,5815
5803,5818
5804,5800
5809,5800
5811,5800
5812,5801
5815,5803
5818,5803
5819,5800
5820,5821
5820,5823
5820,5824
5820,5829
5820,5831
5820,5839
5821,5820
5821,5822
5821,5830
5822,5821
5823,5820
5823,5835
5823,5838
5824,5820
5829,5820
5830,5821
5831,5820
5835,5823
5838,5823
5839,5820
5840,5841
5840,5843
5840,5849
5841,5840
5843,5840
5849,5840
5860,5861
5860,5863
5860,5864
5860,5869
5860,5871
5860,5879
5861,5860
5861,5862
5862,5861
5863,5860
5863,5875
5864,5860
5869,5860
5871,5860
5875,5863
5879,5860
5880,5881
5880,5883
5880,5884
5880,5889
5880,5891
5880,5899
5881,5880
5881,5882
5881,5890
5881,5892
5882,5881
5882,5885
5882,5886
5883,5880
5884,5880
5885,5882
5886,5882
5889,5880
5890,5881
5890,5893
5891,5880
5892,5881
5893,5890
5899,5880
5901,5902
5901,5910
5902,5901
5902,5905
5902,5914
5905,5902
5910,5901
5910,5913
5913,5910
5914,5902
5921,5930
5930,5921
5930,5933
5933,5930
5940,5941
5940,5943
5940,5944
5940,5949
5940,5959
5941,5940
5941,5950
5941,5952
5943,5940
5944,5940
5949,5940
5950,5941
5950,5953
5952,5941
5953,5950
5959,5940
5961,5970
5970,5961
5970,5973
5973,5970
5980,5981
5980,5983
5980,5984
5980,5989
5980,5991
5980,5999
5981,5980
5981,5982
5981,5990
5981,5992
5982,5981
5983,5980
5983,5995
5983,5998
5984,5980
5989,5980
5990,5981
5991,5980
5992,5981
5995,5983
5998,5983
5999,5980
6000,6001
6000,6003
6000,6004
6000,6009
6000,6011
6000,6019
6001,6000
6001,6002
6001,6010
6001,6012
6002,6001
6003,6000
6004,6000
6009,6000
6010,6001
6010,6013
6011,6000
6012,6001
6013,6010
6019,6000
6021,6022
6021,6030
6021,6032
6022,6021
6022,6025
6022,6026
6022,6034
6025,6022
6025,6027
6026,6022
6027,6025
6030,6021
6030,6033
6032,6021
6033,6030
6034,6022
6040,6041
6041,6040
6041,6042
6041,6050
6042,6041
6042,6045
6042,6046
6042,6054
6045,6042
6046,6042
6050,6041
6050,6053
6053,6050
6054,6042
6061,6062
6061,6070
6062,6061
6070,6061
6070,6073
6073,6070
6081,6082
6081,6090
6082,6081
6090,6081
6090,6093
6093,6090
6100,6101
6100,6103
6100,6104
6100,6109
6100,6111
6100,6119
6101,6100
6101,6110
6101,6112
6103,6100
6104,6100
6109,6100
6110,6101
6110,6113
6111,6100
6112,6101
6113,6110
6119,6100
6120,6121
6121,6120
6121,6122
6121,6130
6121,6132
6122,6121
6122,6126
6126,6122
6130,6121
6130,6133
6132,6121
6133,6130
6140,6141
6140,6143
6140,6149
6141,6140
6141,6142
6141,6150
6141,6152
6142,6141
6142,6146
6143,6140
6146,6142
6149,6140
6150,6141
6150,6153
6152,6141
6153,6150
6160,6161
6160,6163
6160,6164
6160,6169
6160,6171
6160,6179
6161,6160
6161,6162
6161,6170
6161,6172
6162,6161
6162,6165
6162,6174
6163,6160
6164,6160
6165,6162
6169,6160
6170,6161
6170,6173
6171,6160
6172,6161
6173,6170
6174,6162
6179,6160
6190,6193
6193,6190
6200,6201
6200,6203
6200,6204
6200,6209
6200,6211
6200,6219
6201,6200
6201,6202
6201,6210
6202,6201
6202,6206
6203,6200
6203,6215
6203,6218
6204,6200
6206,6202
6209,6200
6210,6201
6210,6213
6211,6200
6213,6210
6215,6203
6218,6203
6219,6200
6221,6230
6230,6221
6230,6233
6233,6230
6241,6242
6241,6250
6241,6252
6242,6241
6242,6245
6242,6246
6245,6242
6246,6242
6250,6241
6250,6253
6252,6241
6253,6250
6270,6273
6273,6270
6280,6281
6280,6283
6280,6284
6280,6289
6280,6291
6281,6280
6281,6282
6281,6290
6281,6292
6282,6281
6282,6285
6282,6286
6283,6280
6283,6295
6283,6298
6284,6280
6285,6282
6285,6287
6286,6282
6286,6296
6287,6285
6289,6280
6290,6281
6290,6293
6291,6280
6292,6281
6293,6290
6295,6283
6296,6286
6298,6283
6300,6301
6300,6303
6300,6304
6300,6309
6300,6311
6301,6300
6301,6302
6301,6310
6301,6312
6302,6301
6302,6305
6302,6306
6302,6314
6303,6300
6303,6318
6304,6300
6305,6302
6305,6307
6306,6302
6306,6308
6307,6305
6308,6306
6309,6300
6310,6301
6310,6313
6311,6300
6312,6301
6313,6310
6314,6302
6318,6303
6330,6333
6333,6330
6341,6350
6350,6341
6350,6353
6353,6350
6361,6370
6370,6361
6370,6373
6373,6370
6381,6382
6381,6390
6381,6392
6382,6381
6390,6381
6390,6393
6392,6381
6393,6390
6400,6401
6401,6400
6401,6410
6401,6412
6410,6401
6410,6413
6412,6401
6413,6410
6420,6421
6420,6423
6420,6424
6420,6429
6420,6431
6420,6439
6421,6420
6421,6422
6421,6430
6421,6432
6422,6421
6423,6420
6424,6420
6429,6420
6430,6421
6430,6433
6431,6420
6432,6421
6433,6430
6439,6420
6441,6442
6441,6450
6441,6452
6442,6441
6442,6446
6446,6442
6450,6441
6450,6453
6452,6441
6453,6450
6460,6461
6460,6463
6460,6469
6460,6471
6460,6479
6461,6460
6461,6462
6461,6470
6461,6472
6462,6461
6462,6465
6463,6460
6465,6462
6469,6460
6470,6461
6470,6473
6471,6460
6472,6461
6473,6470
6479,6460
6480,6483
6480,6489
6480,6491
6480,6499
6483,6480
6489,6480
6491,6480
6499,6480
6500,6504
6500,6509
6500,6511
6500,6519
6504,6500
6509,6500
6511,6500
6519,6500
6520,6521
6520,6523
6520,6524
6520,6529
6520,6531
6520,6539
6521,6520
6521,6522
6521,6530
6522,6521
6523,6520
6524,6520
6529,6520
6530,6521
6531,6520
6539,6520
6540,6541
6540,6544
6540,6549
6540,6551
6540,6559
6541,6540
6541,6542
6542,6541
6544,6540
6549,6540
6551,6540
6559,6540
6560,6561
6560,6563
6560,6564
6560,6571
6560,6579
6561,6560
6561,6562
6561,6570
6562,6561
6562,6566
6563,6560
6564,6560
6566,6562
6570,6561
6571,6560
6579,6560
6580,6591
6580,6599
6591,6580
6599,6580
6600,6601
6600,6603
6600,6604
6600,6609
6600,6611
6600,6619
6601,6600
6601,6602
6601,6610
6601,6612
6602,6601
6603,6600
6604,6600
6609,6600
6610,6601
6611,6600
6612,6601
6619,6600
6620,6631
6631,6620
6640,6641
6640,6643
6640,6644
6640,6649
6640,6651
6640,6659
6641,6640
6643,6640
6644,6640
6649,6640
6651,6640
6659,6640
6660,6661
6660,6663
6660,6664
6660,6669
6660,6671
6660,6679
6661,6660
6661,6662
6661,6672
6662,6661
6662,6666
6662,6674
6663,6660
6663,6675
6663,6678
6664,6660
6666,6662
6669,6660
6671,6660
6672,6661
6674,6662
6675,6663
6678,6663
6679,6660
6680,6681
6680,6683
6680,6689
6680,6691
6680,6699
6681,6680
6681,6682
6681,6690
6681,6692
6682,6681
6682,6686
6683,6680
6686,6682
6689,6680
6690,6681
6691,6680
6692,6681
6699,6680
6700,6703
6700,6704
6700,6709
6700,6711
6703,6700
6703,6715
6704,6700
6709,6700
6711,6700
6715,6703
6720,6721
6720,6731
6721,6720
6731,6720
6740,6741
6740,6743
6740,6744
6740,6749
6740,6751
6741,6740
6743,6740
6743,6755
6743,6758
6744,6740
6749,6740
6751,6740
6755,6743
6758,6743
6760,6761
6760,6764
6760,6771
6761,6760
6764,6760
6771,6760
6780,6783
6780,6789
6780,6791
6783,6780
6789,6780
6791,6780
6800,6803
6800,6804
6800,6809
6800,6811
6803,6800
6804,6800
6809,6800
6811,6800
6820,6821
6820,6831
6821,6820
6831,6820
6840,6841
6840,6844
6840,6849
6840,6851
6840,6859
6841,6840
6841,6850
6841,6852
6844,6840
6849,6840
6850,6841
6851,6840
6852,6841
6859,6840
6860,6861
6860,6863
6860,6864
6860,6869
6860,6871
6860,6879
6861,6860
6861,6870
6861,6872
6863,6860
6863,6875
6863,6878
6864,6860
6869,6860
6870,6861
6871,6860
6872,6861
6875,6863
6878,6863
6879,6860
6880,6881
6880,6883
6880,6889
6880,6891
6880,6899
6881,6880
6881,6882
6881,6890
6882,6881
6882,6885
6882,6886
6883,6880
6883,6898
6885,6882
6886,6882
6889,6880
6890,6881
6891,6880
6898,6883
6899,6880
6900,6901
6900,6904
6900,6909
6900,6911
6900,6919
6901,6900
6904,6900
6909,6900
6911,6900
6919,6900
6920,6921
6920,6923
6920,6924
6920,6931
6920,6939
6921,6920
6921,6922
6921,6932
6922,6921
6923,6920
6924,6920
6931,6920
6932,6921
6939,6920
6940,6941
6940,6944
6940,6949
6940,6951
6940,6959
6941,6940
6941,6942
6941,6950
6941,6952
6942,6941
6942,6945
6942,6946
6942,6954
6944,6940
6945,6942
6946,6942
6949,6940
6950,6941
6951,6940
6952,6941
6954,6942
6959,6940
6960,6961
6960,6963
6960,6964
6960,6969
6960,6971
6960,6979
6961,6960
6961,6962
6961,6970
6961,6972
6962,6961
6962,6965
6962,6966
6963,6960
6963,6975
6963,6978
6964,6960
6965,6962
6966,6962
6969,6960
6970,6961
6971,6960
6972,6961
6975,6963
6978,6963
6979,6960
6980,6981
6980,6983
6980,6984
6980,6989
6980,6991
6981,6980
6983,6980
6983,6998
6984,6980
6989,6980
6991,6980
6998,6983
7000,7001
7000,7009
7000,7011
7000,7019
7001,7000
7001,7002
7001,7010
7001,7012
7002,7001
7009,7000
7010,7001
7011,7000
7012,7001
7019,7000
7020,7021
7020,7023
7020,7024
7020,7029
7020,7031
7020,7039
7021,7020
7021,7022
7021,7030
7022,7021
7023,7020
7023,7038
7024,7020
7029,7020
7030,7021
7031,7020
7038,7023
7039,7020
7040,7041
7040,7043
7040,7044
7040,7049
7040,7051
7040,7059
7041,7040
7041,7042
7042,7041
7043,7040
7043,7055
7044,7040
7049,7040
7051,7040
7055,7043
7059,7040
7060,7061
7060,7063
7060,7064
7060,7069
7060,7071
7060,7079
7061,7060
7061,7062
7061,7070
7062,7061
7063,7060
7063,7075
7064,7060
7069,7060
7070,7061
7071,7060
7075,7063
7079,7060
7081,7082
7081,7090
7081,7092
7082,7081
7082,7085
7085,7082
7090,7081
7090,7093
7092,7081
7093,7090
7101,7112
7112,7101
7121,7122
7121,7130
7121,7132
7122,7121
7122,7125
7125,7122
7130,7121
7132,7121
7140,7141
7140,7143
7140,7144
7140,7151
7140,7159
7141,7140
7141,7142
7141,7150
7141,7152
7142,7141
7142,7145
7142,7146
7143,7140
7143,7155
7144,7140
7145,7142
7146,7142
7150,7141
7151,7140
7152,7141
7155,7143
7159,7140
7160,7161
7161,7160
7161,7162
7161,7170
7161,7172
7162,7161
7162,7165
7162,7166
7162,7174
7165,7162
7166,7162
7170,7161
7170,7173
7172,7161
7173,7170
7174,7162
7181,7182
7181,7190
7181,7192
7182,7181
7182,7185
7182,7194
7185,7182
7190,7181
7190,7193
7192,7181
7193,7190
7194,7182
7200,7201
7200,7203
7200,7204
7200,7211
7201,7200
7201,7210
7201,7212
7203,7200
7204,7200
7210,7201
7211,7200
7212,7201
7220,7221
7220,7224
7220,7229
7220,7231
7221,7220
7221,7222
7221,7230
7221,7232
7222,7221
7222,7226
7224,7220
7226,7222
7229,7220
7230,7221
7230,7233
7231,7220
7232,7221
7233,7230
7240,7241
7240,7244
7240,7249
7240,7259
7241,7240
7241,7242
7241,7250
7241,7252
7242,7241
7242,7245
7242,7246
7242,7254
7244,7240
7245,7242
7246,7242
7249,7240
7250,7241
7250,7253
7252,7241
7253,7250
7254,7242
7259,7240
7261,7270
7261,7272
7270,7261
7270,7273
7272,7261
7273,7270
7280,7281
7281,7280
7281,7290
7281,7292
7290,7281
7292,7281
7300,7301
7301,7300
7301,7302
7301,7310
7301,7312
7302,7301
7302,7305
7305,7302
7310,7301
7312,7301
7320,7321
7320,7323
7320,7324
7320,7329
7321,7320
7321,7330
7321,7332
7323,7320
7324,7320
7329,7320
7330,7321
7332,7321
7340,7341
7341,7340
7341,7342
7341,7350
7341,7352
7342,7341
7350,7341
7352,7341
7360,7361
7360,7363
7360,7369
7360,7371
7360,7379
7361,7360
7361,7362
7361,7370
7361,7372
7362,7361
7362,7366
7363,7360
7363,7375
7363,7378
7366,7362
7366,7368
7366,7376
7368,7366
7369,7360
7370,7361
7371,7360
7372,7361
7375,7363
7376,7366
7378,7363
7379,7360
7380,7381
7380,7383
7380,7384
7380,7389
7380,7391
7380,7399
7381,7380
7381,7382
7381,7390
7381,7392
7382,7381
7382,7386
7382,7394
7383,7380
7384,7380
7386,7382
7389,7380
7390,7381
7391,7380
7392,7381
7394,7382
7399,7380
7400,7401
7400,7404
7401,7400
7401,7402
7401,7410
7401,7412
7402,7401
7404,7400
7410,7401
7412,7401
7420,7421
7420,7429
7420,7431
7421,7420
7421,7422
7421,7430
7421,7432
7422,7421
7422,7425
7422,7426
7422,7434
7425,7422
7426,7422
7426,7436
7429,7420
7430,7421
7430,7433
7431,7420
7432,7421
7433,7430
7434,7422
7436,7426
7440,7441
7440,7443
7440,7449
7441,7440
7441,7450
7441,7452
7443,7440
7449,7440
7450,7441
7450,7453
7452,7441
7453,7450
7461,7462
7461,7470
7461,7472
7462,7461
7462,7465
7462,7466
7462,7474
7465,7462
7466,7462
7466,7468
7468,7466
7470,7461
7470,7473
7472,7461
7473,7470
7474,7462
7480,7481
7480,7499
7481,7480
7481,7482
7481,7490
7481,7492
7482,7481
7490,7481
7490,7493
7492,7481
7493,7490
7499,7480
7500,7501
7501,7500
7501,7510
7501,7512
7510,7501
7510,7513
7512,7501
7513,7510
7520,7521
7520,7523
7520,7524
7520,7529
7521,7520
7521,7522
7521,7530
7521,7532
7522,7521
7522,7534
7523,7520
7524,7520
7529,7520
7530,7521
7530,7533
7532,7521
7533,7530
7534,7522
7540,7541
7541,7540
7541,7550
7541,7552
7550,7541
7550,7553
7552,7541
7553,7550
7560,7561
7561,7560
7561,7562
7561,7570
7561,7572
7562,7561
7562,7565
7562,7574
7565,7562
7565,7567
7567,7565
7570,7561
7570,7573
7572,7561
7573,7570
7574,7562
7581,7582
7581,7590
7581,7592
7582,7581
7582,7585
7582,7586
7582,7594
7585,7582
7586,7582
7590,7581
7590,7593
7592,7581
7593,7590
7594,7582
7600,7601
7600,7604
7600,7609
7600,7619
7601,7600
7601,7602
7601,7610
7601,7612
7602,7601
7602,7605
7602,7614
7604,7600
7605,7602
7609,7600
7610,7601
7610,7613
7612,7601
7613,7610
7614,7602
7619,7600
7630,7633
7633,7630
7641,7650
7650,7641
7650,7653
7653,7650
7660,7661
7661,7660
7661,7662
7661,7670
7661,7672
7662,7661
7670,7661
7670,7673
7672,7661
7673,7670
7680,7681
7680,7683
7680,7691
7681,7680
7681,7690
7681,7692
7683,7680
7690,7681
7690,7693
7691,7680
7692,7681
7693,7690
7700,7701
7701,7700
7701,7710
7701,7712
7710,7701
7710,7713
7712,7701
7713,7710
7721,7722
7721,7730
7721,7732
7722,7721
7730,7721
7730,7733
7732,7721
7733,7730
7750,7753
7753,7750
7761,7770
7770,7761
7770,7773
7773,7770
7781,7790
7790,7781
7790,7793
7793,7790
7810,7813
7813,7810
7821,7830
7830,7821
7830,7833
7833,7830
7841,7850
7850,7841
7850,7853
7853,7850
7861,7870
7870,7861
7870,7873
7873,7870
7881,7882
7881,7890
7882,7881
7890,7881
7890,7893
7893,7890
7901,7910
7910,7901
7910,7913
7913,7910
7921,7930
7921,7932
7930,7921
7930,7933
7932,7921
7933,7930
7940,7941
7940,7949
7940,7959
7941,7940
7941,7942
7941,7950
7941,7952
7942,7941
7949,7940
7950,7941
7950,7953
7952,7941
7953,7950
7959,7940
7970,7973
7973,7970
7990,7993
7993,7990
8001,8010
8001,8012
8010,8001
8010,8013
8012,8001
8013,8010
8021,8030
8030,8021
8030,8033
8033,8030
8040,8041
8041,8040
8041,8042
8041,8050
8041,8052
8042,8041
8042,8045
8042,8046
8042,8054
8045,8042
8046,8042
8050,8041
8050,8053
8052,8041
8053,8050
8054,8042
8070,8073
8073,8070
8090,8093
8093,8090
8110,8113
8113,8110
8130,8133
8133,8130
8141,8150
8150,8141
8150,8153
8153,8150
8162,8174
8174,8162
8181,8182
8182,8181
8182,8185
8182,8194
8185,8182
8185,8187
8187,8185
8194,8182
8201,8202
8202,8201
8202,8205
8202,8206
8202,8214
8205,8202
8205,8207
8206,8202
8206,8208
8207,8205
8208,8206
8214,8202
8222,8225
8222,8226
8222,8234
8225,8222
8225,8227
8226,8222
8227,8225
8234,8222
8240,8241
8241,8240
8241,8242
8241,8250
8241,8252
8242,8241
8242,8245
8242,8246
8242,8254
8245,8242
8245,8247
8246,8242
8246,8248
8246,8256
8247,8245
8248,8246
8250,8241
8252,8241
8254,8242
8256,8246
8260,8261
8261,8260
8261,8262
8261,8270
8261,8272
8262,8261
8262,8274
8270,8261
8272,8261
8274,8262
8282,8294
8294,8282
8302,8305
8302,8314
8305,8302
8314,8302
8320,8321
8321,8320
8321,8322
8321,8330
8321,8332
8322,8321
8322,8325
8322,8326
8322,8334
8325,8322
8326,8322
8326,8336
8330,8321
8332,8321
8334,8322
8336,8326
8341,8342
8342,8341
8342,8345
8342,8346
8342,8354
8345,8342
8345,8347
8346,8342
8347,8345
8354,8342
8362,8365
8362,8366
8362,8374
8365,8362
8366,8362
8374,8362
8381,8382
8382,8381
8382,8385
8382,8386
8382,8394
8385,8382
8385,8387
8386,8382
8386,8388
8387,8385
8388,8386
8394,8382
8400,8401
8401,8400
8401,8402
8402,8401
8402,8405
8402,8406
8402,8414
8405,8402
8405,8407
8406,8402
8406,8416
8407,8405
8414,8402
8416,8406
8422,8426
8422,8434
8426,8422
8426,8428
8428,8426
8434,8422
8441,8442
8442,8441
8442,8446
8442,8454
8446,8442
8454,8442
8461,8462
8462,8461
8462,8465
8462,8466
8462,8474
8465,8462
8465,8467
8466,8462
8467,8465
8474,8462
8480,8481
8481,8480
8481,8482
8481,8492
8482,8481
8482,8485
8482,8486
8482,8494
8485,8482
8486,8482
8486,8488
8486,8496
8488,8486
8488,8497
8492,8481
8494,8482
8496,8486
8497,8488
8500,8501
8501,8500
8501,8502
8501,8510
8501,8512
8502,8501
8502,8505
8502,8506
8502,8514
8505,8502
8506,8502
8506,8508
8506,8516
8508,8506
8510,8501
8512,8501
8514,8502
8516,8506
8520,8521
8520,8524
8520,8529
8521,8520
8521,8522
8521,8530
8521,8532
8522,8521
8522,8525
8522,8526
8522,8534
8524,8520
8525,8522
8526,8522
8526,8528
8528,8526
8529,8520
8530,8521
8532,8521
8534,8522
8540,8541
8541,8540
8541,8542
8541,8552
8542,8541
8542,8545
8542,8546
8542,8554
8545,8542
8545,8547
8546,8542
8547,8545
8552,8541
8554,8542
8562,8565
8562,8566
8562,8574
8565,8562
8565,8567
8566,8562
8566,8568
8566,8576
8567,8565
8568,8566
8574,8562
8576,8566
8581,8582
8582,8581
8582,8585
8582,8594
8585,8582
8585,8587
8587,8585
8594,8582
8600,8601
8601,8600
8601,8602
8602,8601
8602,8605
8602,8606
8602,8614
8605,8602
8605,8607
8606,8602
8606,8616
8607,8605
8614,8602
8616,8606
8622,8625
8622,8626
8622,8634
8625,8622
8626,8622
8626,8628
8628,8626
8628,8637
8634,8622
8637,8628
8641,8642
8641,8650
8641,8652
8642,8641
8642,8646
8642,8654
8646,8642
8646,8648
8646,8656
8648,8646
8650,8641
8650,8653
8652,8641
8653,8650
8654,8642
8656,8646
8662,8674
8674,8662
8680,8681
8680,8699
8681,8680
8681,8682
8681,8690
8681,8692
8682,8681
8682,8685
8682,8686
8682,8694
8685,8682
8685,8687
8686,8682
8686,8688
8686,8696
8687,8685
8688,8686
8690,8681
8692,8681
8694,8682
8696,8686
8699,8680
8702,8705
8702,8706
8702,8714
8705,8702
8706,8702
8706,8708
8706,8716
8708,8706
8708,8717
8714,8702
8716,8706
8717,8708
8723,8735
8723,8738
8735,8723
8738,8723
8743,8755
8743,8758
8755,8743
8758,8743
8760,8763
8760,8769
8760,8779
8763,8760
8763,8775
8763,8778
8769,8760
8775,8763
8778,8763
8779,8760
8780,8783
8780,8789
8780,8791
8783,8780
8783,8795
8783,8798
8789,8780
8791,8780
8795,8783
8798,8783
8800,8801
8800,8803
8800,8809
8800,8811
8801,8800
8803,8800
8803,8815
8809,8800
8811,8800
8815,8803
8820,8823
8820,8839
8823,8820
8823,8835
8823,8838
8835,8823
8838,8823
8839,8820
8840,8841
8840,8843
8840,8844
8840,8849
8840,8851
8841,8840
8843,8840
8843,8855
8843,8858
8844,8840
8849,8840
8851,8840
8855,8843
8858,8843
8860,8861
8860,8863
8860,8864
8860,8869
8860,8871
8860,8879
8861,8860
8861,8862
8861,8872
8862,8861
8863,8860
8863,8875
8863,8878
8864,8860
8869,8860
8871,8860
8872,8861
8875,8863
8878,8863
8879,8860
8880,8881
8880,8883
8880,8884
8880,8889
8880,8891
8880,8899
8881,8880
8883,8880
8883,8895
8883,8898
8884,8880
8889,8880
8891,8880
8895,8883
8898,8883
8899,8880
8903,8915
8903,8918
8915,8903
8918,8903
8920,8923
8923,8920
8923,8935
8935,8923
8940,8941
8940,8943
8940,8944
8940,8949
8940,8959
8941,8940
8943,8940
8943,8955
8943,8958
8944,8940
8949,8940
8955,8943
8958,8943
8959,8940
8963,8975
8963,8978
8975,8963
8978,8963
8980,8983
8980,8984
8980,8989
8980,8999
8983,8980
8983,8995
8983,8998
8984,8980
8989,8980
8995,8983
8998,8983
8999,8980
9003,9015
9003,9018
9015,9003
9018,9003
9023,9035
9035,9023
9040,9041
9040,9043
9040,9044
9040,9049
9040,9051
9040,9059
9041,9040
9041,9050
9043,9040
9043,9055
9043,9058
9044,9040
9049,9040
9050,9041
9051,9040
9055,9043
9058,9043
9059,9040
9060,9061
9060,9063
9060,9069
9060,9071
9060,9079
9061,9060
9063,9060
9063,9075
9069,9060
9071,9060
9075,9063
9079,9060
9080,9083
9083,9080
9083,9095
9095,9083
9100,9103
9100,9104
9103,9100
9103,9115
9103,9118
9104,9100
9115,9103
9118,9103
9120,9123
9123,9120
9123,9135
9123,9138
9135,9123
9138,9123
9140,9143
9140,9159
9143,9140
9143,9155
9143,9158
9155,9143
9158,9143
9159,9140
9163,9175
9163,9178
9175,9163
9178,9163
9180,9181
9180,9183
9180,9184
9180,9189
9180,9191
9180,9199
9181,9180
9183,9180
9183,9195
9183,9198
9184,9180
9189,9180
9191,9180
9195,9183
9198,9183
9199,9180
9200,9201
9200,9203
9200,9204
9200,9211
9201,9200
9203,9200
9203,9215
9204,9200
9211,9200
9215,9203
9220,9223
9220,9224
9223,9220
9223,9235
9223,9238
9224,9220
9235,9223
9238,9223
9240,9241
9240,9243
9240,9259
9241,9240
9243,9240
9243,9255
9243,9258
9255,9243
9258,9243
9259,9240
9260,9263
9263,9260
9263,9275
9263,9278
9275,9263
9278,9263
9280,9283
9280,9284
9280,9289
9280,9299
9283,9280
9283,9295
9283,9298
9284,9280
9289,9280
9295,9283
9298,9283
9299,9280
9306,9316
9316,9306
9322,9325
9322,9326
9322,9334
9325,9322
9326,9322
9326,9328
9326,9336
9328,9326
9328,9337
9334,9322
9336,9326
9337,9328
9340,9341
9341,9340
9341,9342
9341,9352
9342,9341
9342,9345
9342,9346
9345,9342
9345,9347
9346,9342
9346,9348
9346,9356
9347,9345
9348,9346
9348,9357
9352,9341
9356,9346
9357,9348
9362,9366
9366,9362
9366,9368
9366,9376
9368,9366
9368,9377
9376,9366
9377,9368
9382,9386
9386,9382
9386,9388
9386,9396
9388,9386
9396,9386
9402,9406
9406,9402
9406,9408
9406,9416
9408,9406
9416,9406
9426,9428
9426,9436
9428,9426
9436,9426
9441,9442
9442,9441
9442,9446
9442,9454
9446,9442
9446,9448
9446,9456
9448,9446
9448,9457
9454,9442
9456,9446
9457,9448
9461,9462
9462,9461
9462,9466
9466,9462
9466,9468
9466,9476
9468,9466
9468,9477
9476,9466
9477,9468
9486,9488
9486,9496
9488,9486
9488,9497
9496,9486
9497,9488
9502,9506
9506,9502
9506,9508
9506,9516
9508,9506
9516,9506
9522,9525
9522,9526
9522,9534
9525,9522
9526,9522
9526,9528
9526,9536
9528,9526
9528,9537
9534,9522
9536,9526
9537,9528
9541,9542
9541,9552
9542,9541
9542,9545
9542,9546
9545,9542
9546,9542
9546,9548
9546,9556
9548,9546
9548,9557
9552,9541
9556,9546
9557,9548
9562,9566
9566,9562
9566,9568
9566,9576
9568,9566
9576,9566
9582,9585
9582,9586
9582,9594
9585,9582
9586,9582
9586,9588
9586,9596
9588,9586
9594,9582
9596,9586
9601,9602
9602,9601
9602,9605
9602,9606
9602,9614
9605,9602
9606,9602
9606,9608
9606,9616
9608,9606
9608,9617
9614,9602
9616,9606
9617,9608
9622,9626
9626,9622
9626,9628
9626,9636
9628,9626
9636,9626
9641,9642
9642,9641
9642,9646
9642,9654
9646,9642
9646,9656
9654,9642
9656,9646
9662,9666
9666,9662
9666,9676
9676,9666
9681,9682
9682,9681
9682,9685
9682,9686
9682,9694
9685,9682
9686,9682
9686,9688
9686,9696
9688,9686
9694,9682
9696,9686
9700,9701
9701,9700
9701,9702
9701,9712
9702,9701
9702,9705
9702,9706
9702,9714
9705,9702
9705,9707
9706,9702
9706,9708
9706,9716
9707,9705
9708,9706
9712,9701
9714,9702
9716,9706
9722,9726
9722,9734
9726,9722
9726,9728
9726,9736
9728,9726
9734,9722
9736,9726
9746,9756
9756,9746
9762,9766
9766,9762
9766,9768
9766,9776
9768,9766
9776,9766
9782,9786
9786,9782
9786,9788
9786,9796
9788,9786
9796,9786
9802,9806
9806,9802
9806,9816
9816,9806
9822,9826
9826,9822
9826,9828
9826,9836
9828,9826
9836,9826
9841,9842
9841,9850
9842,9841
9842,9845
9842,9846
9845,9842
9845,9847
9846,9842
9846,9848
9846,9856
9847,9845
9848,9846
9850,9841
9856,9846
9866,9868
9868,9866
9868,9877
9877,9868
9888,9897
9897,9888
9908,9917
9917,9908
9921,9922
9922,9921
9922,9926
9926,9922
9926,9928
9926,9936
9928,9926
9928,9937
9936,9926
9937,9928
9948,9957
9957,9948
9966,9968
9966,9976
9968,9966
9968,9977
9976,9966
9977,9968
9988,9997
9997,9988
10008,10017
10017,10008
10026,10028
10028,10026
10028,10037
10037,10028
10042,10046
10046,10042
10046,10048
10048,10046
10048,10057
10057,10048
10066,10068
10066,10076
10068,10066
10068,10077
10076,10066
10077,10068
10086,10088
10088,10086
10088,10097
10097,10088
10106,10108
10108,10106
10108,10117
10117,10108
10126,10128
10128,10126
10128,10137
10137,10128
10142,10146
10142,10154
10146,10142
10146,10148
10146,10156
10148,10146
10148,10157
10154,10142
10156,10146
10157,10148
10162,10166
10166,10162
10166,10168
10168,10166
10168,10177
10177,10168
10186,10188
10186,10196
10188,10186
10188,10197
10196,10186
10197,10188
10208,10217
10217,10208
10222,10226
10226,10222
10226,10228
10228,10226
10228,10237
10237,10228
10246,10248
10246,10256
10248,10246
10248,10257
10256,10246
10257,10248
10266,10268
10266,10276
10268,10266
10268,10277
10276,10266
10277,10268
10282,10286
10286,10282
10286,10288
10286,10296
10288,10286
10288,10297
10296,10286
10297,10288
10306,10308
10308,10306
10308,10317
10317,10308
10328,10337
10337,10328
10342,10346
10346,10342
10346,10348
10348,10346
10348,10357
10357,10348
10361,10362
10362,10361
10362,10366
10366,10362
10366,10368
10368,10366
10368,10377
10377,10368
10380,10381
10380,10383
10380,10384
10380,10389
10380,10391
10380,10399
10381,10380
10381,10382
10381,10392
10382,10381
10383,10380
10383,10395
10383,10398
10384,10380
10389,10380
10391,10380
10392,10381
10395,10383
10398,10383
10399,10380
10400,10401
10400,10403
10400,10404
10400,10411
10401,10400
10401,10412
10403,10400
10403,10415
10403,10418
10404,10400
10411,10400
10412,10401
10415,10403
10418,10403
10423,10438
10438,10423
10440,10443
10443,10440
10443,10458
10458,10443
10463,10475
10463,10478
10475,10463
10478,10463
10483,10495
10483,10498
10495,10483
10498,10483
10503,10518
10518,10503
10520,10523
10520,10524
10520,10539
10523,10520
10523,10535
10523,10538
10524,10520
10535,10523
10538,10523
10539,10520
10543,10558
10558,10543
10560,10561
10560,10563
10560,10569
10561,10560
10563,10560
10563,10578
10569,10560
10578,10563
10583,10598
10598,10583
10600,10603
10603,10600
10603,10615
10603,10618
10615,10603
10618,10603
10620,10621
10620,10623
10620,10629
10620,10639
10621,10620
10621,10632
10623,10620
10623,10635
10623,10638
10629,10620
10632,10621
10635,10623
10638,10623
10639,10620
10640,10643
10643,10640
10643,10655
10643,10658
10655,10643
10658,10643
10660,10663
10660,10679
10663,10660
10663,10675
10663,10678
10675,10663
10678,10663
10679,10660
10680,10683
10680,10689
10680,10699
10683,10680
10683,10695
10683,10698
10689,10680
10695,10683
10698,10683
10699,10680
10700,10701
10700,10703
10700,10704
10700,10709
10700,10711
10700,10719
10701,10700
10701,10702
10701,10710
10701,10712
10702,10701
10703,10700
10703,10715
10703,10718
10704,10700
10709,10700
10710,10701
10711,10700
10712,10701
10715,10703
10718,10703
10719,10700
10720,10723
10723,10720
10723,10738
10738,10723
10740,10743
10743,10740
10743,10755
10743,10758
10755,10743
10758,10743
10760,10763
10763,10760
10763,10778
10778,10763
10780,10781
10780,10783
10780,10784
10780,10789
10780,10799
10781,10780
10781,10782
10782,10781
10783,10780
10783,10795
10783,10798
10784,10780
10789,10780
10795,10783
10798,10783
10799,10780
10800,10803
10800,10804
10800,10809
10800,10811
10800,10819
10803,10800
10803,10815
10803,10818
10804,10800
10809,10800
10811,10800
10815,10803
10818,10803
10819,10800
10820,10823
10820,10839
10823,10820
10823,10838
10838,10823
10839,10820
10840,10841
10840,10843
10840,10844
10840,10849
10840,10851
10841,10840
10841,10842
10841,10850
10842,10841
10843,10840
10843,10855
10843,10858
10844,10840
10849,10840
10850,10841
10851,10840
10855,10843
10858,10843
10860,10861
10860,10863
10860,10864
10860,10869
10860,10871
10860,10879
10861,10860
10861,10870
10861,10872
10863,10860
10863,10875
10863,10878
10864,10860
10869,10860
10870,10861
10871,10860
10872,10861
10875,10863
10878,10863
10879,10860
10880,10881
10880,10883
10880,10884
10880,10891
10880,10899
10881,10880
10881,10882
10881,10890
10882,10881
10883,10880
10883,10895
10883,10898
10884,10880
10890,10881
10891,10880
10895,10883
10898,10883
10899,10880
10900,10903
10903,10900
10903,10915
10903,10918
10915,10903
10918,10903
10920,10923
10920,10924
10920,10929
10920,10931
10920,10939
10923,10920
10923,10935
10923,10938
10924,10920
10929,10920
10931,10920
10935,10923
10938,10923
10939,10920
10940,10943
10940,10944
10940,10951
10943,10940
10943,10955
10943,10958
10944,10940
10951,10940
10955,10943
10958,10943
10960,10961
10960,10963
10960,10964
10960,10971
10960,10979
10961,10960
10963,10960
10963,10975
10963,10978
10964,10960
10971,10960
10975,10963
10978,10963
10979,10960
10980,10981
10980,10983
10980,10984
10980,10989
10980,10999
10981,10980
10983,10980
10984,10980
10989,10980
10999,10980
11000,11004
11000,11009
11000,11011
11000,11019
11004,11000
11009,11000
11011,11000
11019,11000
11020,11021
11020,11023
11020,11024
11020,11029
11020,11031
11020,11039
11021,11020
11021,11022
11021,11030
11021,11032
11022,11021
11023,11020
11023,11035
11023,11038
11024,11020
11029,11020
11030,11021
11031,11020
11032,11021
11035,11023
11038,11023
11039,11020
11040,11041
11040,11044
11040,11051
11040,11059
11041,11040
11044,11040
11051,11040
11059,11040
11060,11079
11079,11060
11080,11081
11080,11084
11080,11089
11080,11091
11080,11099
11081,11080
11084,11080
11089,11080
11091,11080
11099,11080
11100,11101
11100,11103
11100,11109
11100,11111
11100,11119
11101,11100
11101,11102
11101,11110
11101,11112
11102,11101
11103,11100
11109,11100
11110,11101
11110,11113
11111,11100
11112,11101
11113,11110
11119,11100
11120,11123
11120,11124
11120,11139
11123,11120
11124,11120
11139,11120
11140,11141
11140,11144
11140,11149
11140,11151
11140,11159
11141,11140
11141,11142
11141,11150
11142,11141
11144,11140
11149,11140
11150,11141
11150,11153
11151,11140
11153,11150
11159,11140
11160,11163
11160,11164
11160,11169
11160,11171
11160,11179
11163,11160
11163,11178
11164,11160
11169,11160
11171,11160
11178,11163
11179,11160
11180,11199
11199,11180
11200,11201
11200,11203
11200,11204
11200,11209
11200,11219
11201,11200
11201,11202
11201,11210
11201,11212
11202,11201
11202,11205
11203,11200
11204,11200
11205,11202
11209,11200
11210,11201
11212,11201
11219,11200
11220,11221
11220,11223
11220,11224
11220,11231
11220,11239
11221,11220
11223,11220
11223,11238
11224,11220
11231,11220
11238,11223
11239,11220
11240,11241
11240,11243
11240,11244
11240,11249
11240,11251
11240,11259
11241,11240
11241,11250
11243,11240
11243,11255
11243,11258
11244,11240
11249,11240
11250,11241
11251,11240
11255,11243
11258,11243
11259,11240
11260,11261
11260,11263
11260,11264
11260,11269
11260,11271
11260,11279
11261,11260
11261,11262
11261,11272
11262,11261
11263,11260
11263,11278
11264,11260
11269,11260
11271,11260
11272,11261
11278,11263
11279,11260
11280,11281
11280,11284
11280,11289
11280,11291
11280,11299
11281,11280
11281,11282
11281,11290
11281,11292
11282,11281
11282,11285
11282,11286
11282,11294
11284,11280
11285,11282
11286,11282
11289,11280
11290,11281
11290,11293
11291,11280
11292,11281
11293,11290
11294,11282
11299,11280
11300,11303
11300,11304
11300,11311
11300,11319
11303,11300
11304,11300
11311,11300
11319,11300
11320,11321
11320,11323
11320,11324
11320,11329
11320,11331
11320,11339
11321,11320
11323,11320
11323,11335
11324,11320
11329,11320
11331,11320
11335,11323
11339,11320
11340,11341
11340,11343
11340,11344
11340,11349
11340,11351
11340,11359
11341,11340
11341,11342
11341,11350
11342,11341
11343,11340
11343,11355
11344,11340
11349,11340
11350,11341
11351,11340
11355,11343
11359,11340
11360,11361
11360,11363
11360,11364
11360,11369
11360,11371
11360,11379
11361,11360
11361,11362
11361,11370
11361,11372
11362,11361
11363,11360
11363,11375
11363,11378
11364,11360
11369,11360
11370,11361
11371,11360
11372,11361
11375,11363
11378,11363
11379,11360
11380,11381
11380,11389
11380,11391
11380,11399
11381,11380
11389,11380
11391,11380
11399,11380
11400,11401
11400,11403
11400,11409
11400,11411
11400,11419
11401,11400
11403,11400
11409,11400
11411,11400
11419,11400
11420,11421
11420,11423
11420,11424
11420,11429
11420,11431
11420,11439
11421,11420
11421,11422
11421,11430
11421,11432
11422,11421
11422,11426
11423,11420
11423,11435
11423,11438
11424,11420
11426,11422
11429,11420
11430,11421
11431,11420
11432,11421
11435,11423
11438,11423
11439,11420
11440,11441
11440,11443
11440,11444
11440,11449
11440,11451
11440,11459
11441,11440
11441,11442
11441,11452
11442,11441
11442,11445
11442,11446
11443,11440
11443,11455
11443,11458
11444,11440
11445,11442
11446,11442
11449,11440
11451,11440
11452,11441
11455,11443
11458,11443
11459,11440
11460,11463
11460,11464
11460,11471
11460,11479
11463,11460
11464,11460
11471,11460
11479,11460
11480,11499
11499,11480
11500,11501
11500,11503
11500,11504
11500,11509
11500,11511
11500,11519
11501,11500
11501,11502
11501,11510
11501,11512
11502,11501
11503,11500
11503,11515
11503,11518
11504,11500
11509,11500
11510,11501
11511,11500
11512,11501
11515,11503
11518,11503
11519,11500
