1
3
0
0
1
0
1
0
1
0
1
1
1
1
1
0
0
1
0
1
0
1
1
0
1
0
1
3
0
0
1
1
1
1
1
1
1
1
1
0
2
0
1
1
1
1
0
1
1
2
0
0
2
1
0
0
1
1
1
0
2
2
2
2
2
2
2
2
2
2
1
2
2
2
2
1
6
1
2
2
2
1
1
2
1
2
2
2
2
2
0
0
0
3
18
0
0
0
0
3
3
0
0
0
3
0
0
0
0
0
0
0
0
3
0
0
0
3
0
3
0
0
0
0
0
0
0
0
0
0
0
0
0
0
0
0
0
0
0
0
0
0
0
0
0
0
0
5
2
2
2
2
7
5
2
2
2
7
2
2
2
2
2
2
2
5
2
2
5
2
5
2
2
2
2
7
2
8
6
2
2
6
6
2
2
6
6
6
6
8
2
6
6
6
2
6
2
2
2
6
2
6
6
6
6
6
6
5
5
5
5
5
5
2
2
5
5
5
5
5
5
2
5
5
5
5
5
5
5
5
5
5
5
5
5
6
8
8
6
6
17
6
8
6
8
6
6
6
17
8
17
17
6
6
6
6
6
6
2
6
6
6
6
6
8
0
0
0
0
0
0
0
0
0
0
0
0
0
0
0
0
0
0
0
0
0
0
0
0
0
0
0
0
0
1
1
10
1
10
0
1
1
1
10
10
1
1
1
1
13
1
10
1
13
1
1
13
10
10
10
10
1
1
1
0
0
0
0
1
0
0
0
0
0
1
0
0
0
0
0
0
0
0
0
0
0
0
1
0
0
0
0
0
0
1
1
1
1
1
1
1
1
1
1
1
1
1
1
1
1
1
1
1
1
1
1
1
1
1
1
1
10
10
10
1
10
10
10
10
10
10
10
10
10
10
10
10
1
10
10
10
10
1
10
10
10
10
10
2
2
2
2
2
2
2
2
2
2
2
2
2
2
2
2
2
2
2
2
2
2
2
6
2
2
2
6
3
3
3
3
3
3
3
0
3
3
3
3
3
3
3
3
0
3
3
3
3
3
3
3
3
3
3
3
3
6
6
6
6
6
6
6
6
6
6
6
6
6
6
6
6
6
6
6
6
2
6
6
6
6
6
6
2
8
8
8
6
8
8
8
8
8
8
8
8
8
8
6
8
8
8
8
8
8
8
8
8
8
6
0
0
3
3
3
3
3
3
3
3
3
3
0
3
3
3
0
3
3
3
0
3
3
0
0
0
3
3
3
3
0
0
0
0
0
0
1
0
1
0
0
1
0
0
0
1
0
0
0
0
0
0
0
0
0
0
0
