12
97
97
99
97
97
99
97
12
97
12
12
99
97
97
97
97
97
12
97
12
12
7
14
12
12
1
12
7
7
12
1
87
3
23
12
97
23
12
99
97
7
7
23
12
7
97
7
7
7
10
12
12
23
12
10
12
12
87
87
85
23
87
23
23
23
87
23
23
23
7
12
87
10
10
87
7
12
7
7
87
10
10
87
12
57
7
12
10
12
23
12
12
12
12
12
12
87
87
12
23
12
12
10
12
12
87
12
87
23
29
12
14
14
14
14
12
23
12
14
12
12
14
12
38
14
14
12
30
12
13
12
29
12
10
14
29
29
27
12
12
14
38
14
36
12
33
14
12
14
42
15
14
38
38
38
15
36
42
36
21
23
29
24
38
36
18
23
15
15
14
15
15
23
36
29
17
38
15
15
24
24
17
23
42
19
29
23
29
29
23
23
17
23
23
36
23
24
23
23
23
23
23
23
23
23
23
23
21
23
23
24
23
23
49
23
23
23
21
23
23
23
23
26
26
23
23
23
23
23
23
26
23
23
23
23
23
23
25
23
24
26
24
24
23
24
23
24
24
52
26
27
23
26
29
28
26
23
28
26
26
24
26
23
28
23
29
29
29
29
29
29
29
29
27
29
29
29
29
29
29
29
29
29
29
29
26
29
26
26
29
29
29
29
29
29
26
29
29
29
31
33
29
29
29
29
33
31
33
33
29
29
33
33
29
33
33
33
29
29
33
33
33
35
33
31
33
29
29
33
29
29
33
33
36
29
31
29
33
33
36
38
38
38
56
36
33
33
36
38
38
33
33
38
36
33
33
29
38
33
36
38
38
36
38
36
36
38
38
36
38
29
38
33
36
29
38
38
38
29
38
29
38
38
38
38
38
38
38
38
39
38
40
38
39
36
36
99
39
38
29
38
36
29
38
29
38
29
29
29
36
42
36
29
38
38
38
33
42
36
29
29
29
38
29
29
29
38
29
36
36
29
29
29
29
29
38
38
29
29
38
38
29
29
43
29
38
29
43
29
23
38
42
43
43
24
38
33
38
45
42
29
43
33
38
43
33
38
43
29
38
43
42
29
38
43
29
43
33
29
33
38
86
38
29
38
15
38
38
15
23
26
3
24
24
24
28
29
15
29
29
31
29
29
29
29
29
15
38
52
52
38
43
52
52
56
52
56
33
52
29
53
38
53
53
86
99
29
15
34
38
33
38
43
33
36
56
53
56
53
56
43
56
56
38
57
53
56
43
33
56
57
38
38
57
57
38
58
57
57
57
15
44
57
47
56
17
56
56
15
58
57
57
57
57
57
95
57
57
57
66
96
57
96
67
57
57
97
57
96
57
59
41
57
57
41
39
57
38
57
41
36
41
38
32
57
41
42
42
36
43
57
32
57
57
57
67
35
57
35
42
38
41
40
38
57
67
41
44
41
96
57
57
35
57
33
97
57
57
57
41
41
38
41
38
57
38
57
44
38
65
67
96
36
67
36
39
74
58
36
67
67
96
57
57
98
96
15
58
57
58
57
97
38
57
97
57
97
57
39
96
67
97
98
96
44
70
97
44
68
58
68
66
68
57
97
97
66
97
57
97
87
12
74
7
98
87
45
45
74
97
12
74
97
57
66
97
97
87
96
97
58
97
74
97
57
57
97
38
97
14
75
15
97
14
97
12
97
57
97
74
96
57
97
96
74
97
96
57
12
96
97
75
57
57
44
74
97
97
96
95
97
97
12
97
87
12
95
97
56
14
14
14
14
36
95
14
87
14
14
87
87
87
85
99
87
87
87
87
87
87
87
87
87
86
87
87
87
87
87
87
87
87
87
85
87
87
87
87
87
87
87
87
85
85
87
87
85
87
87
23
85
85
87
87
85
85
85
23
86
86
86
87
87
87
87
95
23
87
87
23
23
85
23
85
86
85
85
87
85
23
85
85
85
87
85
85
23
86
23
86
87
23
87
85
86
87
87
85
87
87
87
87
87
86
87
85
87
87
87
87
87
85
85
87
85
87
85
87
87
87
85
86
87
87
23
87
86
85
87
87
86
85
23
85
21
23
21
23
23
38
97
17
17
12
97
87
87
87
87
96
86
92
87
85
95
58
92
87
92
96
95
92
96
97
95
87
95
95
97
97
12
97
95
97
87
96
97
12
97
30
97
87
30
97
96
30
31
97
33
96
97
96
96
97
96
30
96
96
96
97
97
74
97
97
97
12
97
97
97
97
97
97
97
97
97
97
97
12
97
97
12
97
97
99
99
99
12
99
97
