2,4,12,112,107,18,119,
2,112,119,
2,12,112,18,119,
2,21,26,112,105,24,119,
1,2,4,12,52,16,26,112,126,28,107,132,35,
1,50,53,26,132,18,178,
1,2,12,52,16,26,58,112,126,107,18,35,69,119,
1,2,4,12,52,26,112,126,28,107,139,18,35,69,24,
1,12,52,26,112,126,107,18,35,130,178,69,119,
2,112,18,
2,12,112,107,18,119,
2,26,112,127,69,105,24,
2,26,112,24,
188,
3,4,12,26,112,28,107,18,69,
2,3,12,52,26,58,126,28,107,18,178,69,
2,3,12,42,26,58,112,28,107,69,60,
112,69,119,
2,3,4,12,112,28,107,18,69,60,
2,26,112,119,
4,26,112,127,28,69,60,119,
4,16,26,127,28,69,
4,26,28,107,
4,5,26,112,28,
100,
112,
2,5,26,112,105,119,
5,112,24,119,
31,
26,112,28,18,24,
112,35,
2,26,112,24,
2,26,112,24,119,
2,26,112,24,119,
2,16,26,112,18,69,123,60,
2,26,112,123,
2,26,112,127,24,
2,26,112,24,119,
26,112,28,69,39,24,119,
2,12,26,112,107,18,24,119,
2,26,112,24,119,
2,12,16,26,112,28,18,69,24,119,
4,12,26,112,127,28,107,18,35,24,119,
12,26,28,107,69,119,
2,9,12,44,52,26,58,104,112,126,28,39,119,
156,78,
1,2,3,4,9,12,52,16,26,112,107,35,
26,105,24,119,
2,12,112,107,18,69,119,
90,
12,52,112,107,69,60,119,
156,
2,16,26,112,119,
1,2,12,51,52,26,10,28,107,35,
107,18,69,119,
2,178,69,60,119,
2,112,69,60,119,
2,112,119,
2,112,119,
1,2,12,52,16,26,112,126,107,18,35,69,24,119,
12,52,112,107,35,178,24,119,
12,26,119,
2,4,12,26,112,107,18,69,
141,
2,4,5,13,26,58,104,112,69,105,123,
1,2,12,52,13,26,58,112,107,18,35,69,24,
1,2,5,12,42,13,16,21,26,58,104,112,28,107,18,69,105,123,
2,3,12,52,13,16,26,104,112,132,178,69,123,24,
2,13,26,104,112,25,123,69,24,
2,112,23,69,60,119,
2,16,26,112,127,23,69,119,
51,58,23,72,140,178,69,60,119,
16,23,69,197,119,
41,32,
41,33,
51,35,178,119,
53,72,140,130,
51,72,130,147,
16,
16,112,
2,16,26,112,18,24,
16,26,
90,
18,119,
90,
112,69,60,119,
2,16,26,112,69,60,
2,112,69,
12,52,26,112,126,28,107,18,35,69,60,119,
112,18,69,24,
1,12,51,52,53,26,112,126,28,107,132,18,35,178,69,119,
12,26,112,18,69,119,
156,
16,26,18,119,
12,16,26,112,126,127,107,18,23,69,119,
16,
2,16,21,26,112,69,105,60,
1,12,52,26,112,107,19,35,
156,
156,
156,
51,112,18,20,178,119,
112,
2,21,26,112,105,123,24,
2,44,21,26,58,104,112,127,105,121,119,
2,21,26,58,112,18,105,24,119,
2,42,21,26,112,18,105,39,24,
2,21,26,58,112,127,69,105,
2,12,52,112,18,69,119,
153,
2,112,69,60,
51,119,
1,12,107,11,22,25,35,178,24,119,
23,69,60,145,119,
2,26,58,112,23,72,140,130,69,147,168,60,119,
23,178,69,60,145,
23,69,209,
51,16,26,23,72,140,178,69,168,60,145,115,119,
112,24,25,119,
26,112,127,168,24,119,
2,26,112,168,123,24,119,
25,39,24,119,
26,69,24,119,
12,25,35,39,24,119,
12,52,25,35,119,
156,188,
90,
2,12,52,112,127,139,18,25,35,178,120,24,115,119,
26,200,24,119,
2,26,112,24,
26,112,119,
2,26,112,69,
2,16,26,112,
103,
26,112,127,
2,26,112,24,119,
2,26,112,24,
112,
5,12,52,112,28,
26,112,127,28,69,24,
16,26,112,28,107,69,
2,26,112,28,69,24,
5,16,26,112,28,
26,121,157,29,
157,29,
157,29,
157,
1,2,3,4,5,8,9,12,42,43,44,46,48,49,50,51,52,53,16,21,26,56,58,96,104,112,126,127,128,28,107,131,132,97,70,106,122,139,27,17,18,23,35,130,66,68,86,72,146,160,95,140,162,169,57,93,117,178,200,40,69,87,125,147,171,166,168,120,193,59,30,34,197,39,65,76,121,123,54,60,73,85,145,149,24,183,184,61,115,143,164,165,177,82,110,138,135,157,63,64,84,192,79,209,211,83,174,37,189,144,185,163,29,74,134,75,205,80,175,77,173,
12,112,18,119,
16,
16,112,119,
140,69,
0,1,2,3,4,6,42,43,13,16,56,112,132,106,122,27,130,147,30,34,194,197,24,35,39,121,170,79,32,38,189,36,
2,12,52,112,18,35,119,
12,52,112,18,35,168,119,
90,
12,52,112,35,178,119,
16,119,
112,24,119,
112,39,24,
12,112,25,35,24,119,
2,12,26,112,127,18,35,69,39,24,119,
112,24,
112,
112,35,
12,26,112,18,35,119,
2,12,26,112,18,35,24,119,
35,119,
112,
112,
2,26,112,18,34,123,24,119,
112,
150,
12,112,35,178,168,39,135,119,
35,
188,
12,18,35,168,170,189,
156,
112,
112,34,
90,
112,
1,2,12,50,51,52,53,16,26,104,128,132,106,27,18,20,25,35,111,114,72,178,40,69,87,147,168,70,62,30,34,194,39,65,123,60,32,110,67,135,157,201,64,38,24,118,119,170,189,29,36,75,80,199,
85,79,
103,
56,112,37,
105,
1,2,4,5,9,12,42,44,45,46,47,48,49,50,51,52,53,16,26,56,58,112,126,127,128,28,97,70,106,122,139,10,14,18,19,20,23,25,35,130,66,68,86,72,91,114,146,160,161,95,137,140,162,169,55,57,93,117,178,98,124,40,69,87,125,147,171,166,168,120,132,193,30,34,198,65,76,121,123,54,60,85,145,148,149,155,170,183,184,61,115,143,164,165,177,208,82,110,88,138,144,167,157,201,63,64,84,142,191,192,79,141,71,209,113,118,119,172,211,212,150,174,37,180,181,185,187,163,210,189,74,134,151,205,80,175,179,77,186,182,
112,119,
112,
127,24,119,
26,112,
112,18,35,119,
112,
156,
26,24,
2,26,112,
2,112,39,
103,
51,18,72,130,40,69,87,147,168,60,211,
127,140,40,69,166,168,60,115,64,119,
103,102,
40,69,168,60,
112,
12,112,18,35,200,24,119,
119,
12,26,112,24,119,
112,
2,112,69,119,
156,198,
2,5,42,26,112,139,18,123,24,119,
2,26,112,18,24,119,
2,12,42,21,26,112,139,18,105,123,24,
112,69,
112,
26,112,28,24,
112,
2,26,112,119,
2,44,126,107,130,69,
44,178,
0,1,2,3,4,5,8,9,12,42,43,44,48,50,52,53,13,16,21,26,56,58,96,104,112,126,127,128,28,107,131,132,70,106,122,139,27,17,18,25,35,129,130,68,86,57,117,178,200,40,69,125,168,193,59,62,105,30,34,197,39,121,123,54,145,183,184,143,165,177,208,82,138,144,135,63,64,79,119,205,
2,44,21,69,119,
41,
41,33,
156,
4,12,45,51,52,28,107,35,178,
12,45,52,35,178,69,119,
112,168,119,
32,
112,130,72,140,69,
46,51,52,72,114,146,140,169,178,130,40,69,166,168,120,60,115,119,
35,168,119,
33,
1,2,3,4,5,8,9,12,42,43,44,45,46,47,48,49,50,51,52,53,13,16,21,26,56,58,96,104,112,126,127,128,10,28,55,107,97,70,122,14,17,18,19,20,23,25,35,99,130,66,68,86,72,91,92,114,146,160,161,95,140,162,169,176,57,190,93,159,178,98,124,200,40,69,87,125,147,171,166,168,120,193,59,105,197,39,123,54,60,148,149,67,155,183,184,61,115,143,164,165,177,82,110,202,88,138,144,157,64,84,191,192,141,71,209,118,119,172,211,174,180,181,187,163,210,205,175,179,186,182,
1,2,3,4,5,8,9,12,42,43,44,45,46,47,48,49,50,51,52,53,13,16,21,26,56,58,104,112,126,127,128,10,28,55,107,131,97,70,122,14,17,18,19,20,23,25,35,99,130,66,68,86,72,91,92,114,146,160,161,137,140,162,169,93,117,178,124,200,40,69,87,125,147,171,166,168,120,193,59,105,197,39,123,54,60,148,149,155,183,184,61,115,143,164,165,208,82,110,202,88,138,144,167,157,63,64,84,191,71,209,212,150,174,185,163,205,175,186,
156,
16,112,69,
12,112,18,69,
2,12,52,26,112,18,178,
41,
41,
146,
112,127,69,168,82,
1,2,12,49,52,26,112,126,127,139,18,19,23,35,130,178,69,147,119,
156,
1,2,12,49,52,16,112,126,127,18,19,23,35,130,178,69,147,197,60,
2,12,45,49,50,52,53,16,26,58,112,126,18,23,35,130,178,200,147,197,
1,12,49,26,112,126,18,23,35,130,178,200,147,197,119,
41,
41,188,
108,156,
12,50,51,52,18,130,72,69,147,168,112,60,
168,119,
12,51,52,127,178,87,145,119,
12,51,52,107,132,18,130,72,69,168,
12,51,52,126,107,18,23,130,72,146,140,178,69,147,60,119,
51,72,140,40,69,166,168,60,145,164,119,
51,130,72,69,168,60,
12,52,26,18,35,178,69,168,60,119,
4,12,52,53,26,112,28,18,35,178,69,60,119,
2,12,52,26,112,18,35,69,168,119,
50,51,52,130,72,69,147,60,
12,52,97,127,130,72,178,69,147,168,183,119,
52,53,130,200,69,119,
53,
53,178,69,147,112,60,119,
112,69,60,119,
52,112,107,35,119,
2,26,127,69,54,60,208,119,
119,
26,112,127,69,105,54,119,
2,51,26,112,127,57,69,54,60,145,208,119,
102,
26,56,127,145,
2,51,26,127,55,97,57,125,54,145,119,
2,26,112,127,105,54,
2,51,26,127,119,
112,69,60,145,
2,26,56,112,127,69,59,24,
56,112,69,
16,26,56,112,69,60,145,
2,16,26,56,112,127,69,105,
41,33,
112,127,69,
26,119,
112,69,60,
112,127,69,
103,
2,26,58,112,
2,56,58,112,130,69,60,
170,
2,58,112,69,119,
2,26,58,112,127,69,123,119,
2,112,69,119,
2,13,21,26,112,127,59,39,24,119,
2,26,112,119,
2,26,58,112,127,69,105,119,
41,
140,40,69,166,168,60,119,
26,12,18,69,60,119,
51,53,69,60,
127,18,140,40,69,166,168,60,115,119,
72,69,60,
2,112,40,69,166,168,60,61,115,64,119,
52,26,58,112,127,139,18,140,178,40,69,166,168,120,60,24,35,61,115,64,119,
2,26,112,127,69,168,105,119,
2,26,112,127,139,140,40,69,166,168,60,18,61,115,64,119,
2,112,127,139,140,40,69,168,60,18,61,115,119,
26,112,69,119,
26,112,69,62,60,168,64,
26,56,112,127,178,69,168,62,60,
2,51,26,112,72,69,62,60,
41,
51,26,56,58,127,69,125,105,60,149,183,164,165,168,208,63,64,119,
51,26,56,58,127,69,60,145,164,63,64,
26,56,58,112,127,69,168,105,60,63,
122,
26,112,127,69,168,119,
69,125,149,164,208,64,148,
69,168,64,
183,64,
127,72,40,69,168,70,60,164,183,64,119,
69,125,168,60,164,183,64,
102,
157,
69,168,119,134,
168,
1,2,3,7,43,44,51,52,16,26,104,112,132,70,106,27,18,66,72,95,130,40,69,87,147,168,30,39,65,121,123,60,110,157,64,209,119,211,75,80,
51,66,72,140,178,130,87,147,166,168,132,115,209,
32,
51,18,66,72,140,130,147,166,168,132,115,119,
156,
66,72,130,147,
130,197,
18,23,72,146,140,178,130,69,147,60,35,119,211,
12,112,35,178,119,
112,
12,52,16,26,126,18,35,178,69,197,119,
52,26,126,127,23,68,140,72,178,130,40,69,147,166,168,197,60,18,115,164,
52,127,23,68,72,97,146,160,178,40,69,147,166,168,197,60,115,164,165,183,64,119,82,138,
90,
41,
41,
69,
2,112,69,119,
69,
112,69,119,
112,140,69,168,
70,
70,157,
122,
69,70,168,64,
140,69,166,168,70,183,64,185,
18,140,72,178,130,69,71,
197,71,
16,
23,66,68,72,140,178,130,147,71,
72,140,51,40,69,166,168,70,165,183,64,191,71,
12,51,53,16,126,18,23,130,72,146,178,69,147,60,119,
12,52,16,26,112,126,18,23,35,130,72,178,69,147,168,120,115,119,
23,72,146,130,69,
12,51,35,130,72,146,140,178,69,147,60,119,
23,72,178,69,119,
0,1,2,3,4,5,8,12,42,44,45,46,49,51,53,16,21,26,56,58,112,126,127,128,28,107,132,97,70,122,139,27,23,35,68,86,72,114,146,95,140,162,169,57,178,40,69,87,125,147,171,120,193,105,39,59,65,76,121,123,54,60,62,73,78,85,145,148,149,18,24,170,183,184,32,61,115,143,164,165,166,168,177,208,82,138,144,93,167,133,157,201,63,64,84,142,192,79,38,119,172,212,83,150,37,185,211,187,163,29,81,210,74,134,75,205,80,175,173,186,182,
11,
26,44,126,127,12,25,35,107,68,53,137,70,65,76,125,40,73,78,85,69,165,168,183,208,144,167,133,157,64,192,119,172,83,150,82,187,29,152,81,74,134,75,80,175,77,173,186,182,
136,
112,119,
26,69,121,168,157,
26,168,105,157,
69,
1,3,8,9,12,43,45,46,47,48,49,50,51,52,53,2,26,56,126,127,10,28,55,107,132,116,11,19,20,22,23,129,130,68,72,97,146,160,140,162,93,40,66,69,87,125,171,139,166,168,70,120,59,65,76,54,60,62,85,148,149,61,115,143,164,165,177,183,208,86,138,144,111,109,157,64,84,79,71,82,174,185,163,74,134,172,186,
41,32,
26,
26,112,75,
141,
11,
11,
158,
26,79,82,
102,
26,168,
26,69,64,
64,
168,105,
168,
197,
112,69,168,64,
112,69,168,127,
46,51,52,56,126,127,68,72,97,146,160,95,140,162,169,55,57,93,23,40,66,69,87,125,130,147,171,166,168,54,60,73,78,85,145,115,120,143,164,165,177,183,208,144,132,167,65,157,201,70,63,64,84,191,192,193,27,141,18,71,35,209,113,119,172,82,211,30,83,94,150,174,37,189,185,187,163,81,74,76,134,75,121,138,152,80,175,77,79,173,186,
168,70,183,64,
41,31,11,
26,125,
158,
41,
79,
79,
112,69,168,79,
157,
72,40,69,166,168,183,64,
0,136,
0,
0,90,
56,112,122,137,73,78,85,69,121,155,183,184,143,144,125,167,168,133,84,165,192,30,79,83,94,150,37,82,180,181,81,172,134,75,138,151,205,80,175,179,77,173,210,186,182,
11,
41,
112,168,157,75,
41,158,
32,
69,168,84,79,82,134,
112,69,
112,69,168,
0,1,2,3,43,50,52,53,13,21,26,58,126,127,122,139,68,124,130,40,69,125,168,70,59,62,65,76,123,54,85,143,155,165,177,183,184,208,144,64,84,192,79,18,82,180,181,210,74,134,138,151,205,175,179,172,186,182,
1,2,4,5,7,8,9,12,42,43,44,45,46,48,49,50,52,53,13,16,21,26,56,58,104,112,126,127,132,70,116,106,122,139,27,17,18,23,25,35,130,68,72,114,146,95,162,169,117,178,200,69,87,147,168,120,193,59,105,30,34,197,39,121,123,73,85,24,170,183,115,164,82,167,192,195,79,71,119,172,83,150,187,138,80,175,77,173,135,186,
26,24,
1,42,112,16,40,69,125,168,30,34,56,73,78,85,121,183,184,127,143,165,144,167,133,64,84,192,79,83,94,150,37,82,181,187,210,74,76,134,75,138,205,80,175,77,172,173,186,182,
1,2,7,9,43,52,53,16,21,26,56,58,112,126,127,128,132,106,122,18,68,137,57,178,130,40,69,125,168,70,193,59,30,34,65,76,121,54,73,85,145,155,183,184,143,165,208,82,144,167,63,64,84,192,79,83,150,37,180,181,187,29,81,210,74,134,75,138,151,205,80,175,179,77,172,173,186,182,
2,9,13,16,26,44,56,58,104,112,126,127,128,43,18,68,53,178,130,40,69,125,168,70,62,30,65,76,123,54,73,78,85,145,183,208,144,167,133,157,64,192,83,81,74,134,75,80,173,186,182,
69,125,70,183,168,84,165,164,144,134,138,175,
102,
69,125,70,183,165,168,157,84,82,134,138,
140,125,166,168,70,165,177,183,157,64,84,148,185,175,
43,13,
127,69,168,85,79,
41,
1,2,3,4,5,7,8,9,42,43,44,45,46,48,49,50,51,52,53,13,16,21,26,56,112,126,127,28,107,132,97,70,116,106,122,139,27,18,23,66,68,72,91,146,160,161,95,137,140,162,169,57,93,117,178,98,130,200,40,69,87,125,147,171,166,168,120,193,59,105,30,34,39,65,76,121,123,54,60,73,85,145,148,149,24,155,183,184,61,115,143,164,165,177,208,138,144,167,133,157,201,63,64,84,142,192,79,209,82,211,212,83,150,174,37,118,180,181,185,187,163,29,210,74,134,75,151,205,80,175,179,77,172,173,186,182,
41,
168,157,64,
1,53,132,86,178,69,209,119,
51,53,72,66,69,168,86,209,119,
51,86,209,
1,51,132,18,86,69,87,209,
23,107,86,178,69,132,209,119,
140,130,87,165,
23,72,69,119,
32,
68,72,91,97,160,140,162,93,130,69,87,166,168,127,165,183,144,
72,97,160,140,130,69,87,166,168,165,183,185,
140,197,
160,69,168,164,
51,72,69,168,60,119,
12,51,52,26,112,126,127,18,178,197,119,
51,53,23,72,178,69,168,60,115,164,119,
1,2,3,4,5,7,9,12,42,43,44,45,46,47,48,49,50,51,52,53,16,21,26,56,58,96,104,112,127,28,55,107,132,97,70,116,122,139,15,18,19,20,23,25,35,99,130,66,68,72,91,92,114,146,160,161,95,137,140,162,169,176,57,190,178,98,200,40,69,87,125,147,171,166,168,193,54,60,85,170,183,61,115,164,165,138,144,64,192,79,71,118,119,172,82,185,80,175,173,182,89,
45,46,48,16,56,112,127,28,97,122,23,130,68,72,91,92,114,146,160,95,137,140,162,169,40,69,87,125,171,166,70,30,73,183,143,165,138,167,84,192,79,71,172,82,83,94,150,144,180,185,205,175,173,89,
45,46,48,28,97,16,23,68,72,91,92,114,146,160,95,137,140,162,169,176,93,124,130,40,69,87,171,166,56,127,165,183,138,144,167,64,79,172,150,174,185,186,89,
1,2,4,9,12,44,45,46,47,48,49,50,51,52,53,16,26,56,58,126,127,128,10,28,55,132,97,139,18,23,25,35,130,66,68,72,91,114,146,160,161,95,137,140,162,169,57,93,117,178,98,124,40,69,87,125,147,171,166,168,70,120,193,30,121,60,85,145,149,61,115,143,164,165,177,183,208,82,88,138,144,167,157,201,63,64,84,142,191,192,79,71,113,118,119,172,141,211,150,37,185,187,163,189,152,80,175,77,173,186,182,89,
45,46,48,16,56,112,127,28,97,23,130,68,72,91,92,114,146,160,95,137,140,162,169,176,124,40,69,87,125,171,166,168,70,197,85,155,183,184,143,165,138,144,64,84,192,79,71,180,185,172,205,80,175,75,186,89,
156,
1,2,3,4,5,7,8,9,12,42,43,44,45,46,47,48,49,50,51,52,53,13,16,21,26,56,58,104,112,126,127,128,10,28,55,107,131,132,97,156,70,116,106,122,27,14,17,18,19,20,23,25,35,99,130,66,68,86,72,91,92,114,146,160,161,95,137,140,162,169,176,57,190,93,117,159,178,124,200,40,69,87,125,147,171,166,168,120,193,59,105,30,197,39,65,123,54,60,85,145,148,149,155,170,183,184,61,115,143,164,165,177,208,82,110,202,88,138,144,167,133,157,201,63,64,84,191,192,79,141,71,209,118,119,172,211,212,150,174,37,189,185,187,163,75,205,80,175,77,186,89,
1,2,3,4,5,8,9,12,43,44,45,46,47,48,49,50,51,52,53,13,16,21,26,56,58,104,126,127,128,10,28,55,107,132,97,70,116,122,139,27,18,19,20,23,25,130,66,68,86,72,91,114,146,160,161,95,140,162,169,57,190,93,117,178,124,40,69,87,125,147,171,166,168,120,193,105,30,39,121,54,60,85,145,149,61,115,143,164,165,177,183,208,82,110,202,88,138,144,167,157,201,63,64,84,191,192,79,71,209,118,119,150,174,185,187,163,172,75,205,80,175,186,89,
53,
156,
112,72,146,140,130,69,
1,2,4,9,12,43,44,45,46,47,48,49,50,51,52,53,16,21,56,58,104,126,127,128,55,97,139,14,18,19,20,23,25,35,99,130,66,68,86,72,91,92,114,146,160,161,95,137,140,162,169,176,57,190,93,117,178,124,40,69,87,125,147,171,166,168,70,120,193,30,60,85,145,148,149,59,39,61,115,143,155,164,165,177,183,208,144,167,65,63,64,84,71,209,119,172,211,212,150,174,185,134,205,138,75,79,186,
72,40,69,166,168,60,164,144,119,
45,46,48,16,56,112,127,97,122,23,130,68,72,91,92,114,146,160,95,140,162,169,176,93,124,40,69,87,125,171,166,70,197,155,183,184,143,165,82,144,157,201,64,84,191,192,79,71,172,94,174,180,181,185,163,210,205,138,175,179,182,89,
140,
12,35,178,119,
12,112,35,178,168,119,
52,26,112,35,178,119,
23,130,72,69,
156,
32,
69,168,157,64,
166,168,70,157,
140,
112,130,69,119,
125,168,183,165,157,79,
68,130,125,
146,166,168,64,
1,2,4,5,7,8,9,12,42,43,44,45,46,47,48,49,50,52,53,16,26,56,58,112,126,128,55,132,97,70,116,106,122,139,18,23,25,35,130,66,68,72,91,114,146,160,95,137,140,162,169,93,124,200,166,168,120,193,197,65,76,121,125,40,54,60,73,85,149,69,24,155,170,183,184,82,202,143,144,61,167,157,201,63,64,84,165,177,192,195,79,71,87,88,115,118,119,172,171,164,212,83,94,150,180,181,185,187,163,210,74,134,75,138,80,175,179,77,173,186,182,
168,
45,112,95,
1,2,3,4,5,7,8,9,12,43,44,45,46,47,48,49,50,51,52,53,13,16,21,26,56,58,104,126,127,128,10,28,107,132,97,156,70,139,27,17,18,19,23,35,130,66,68,86,72,114,146,160,95,140,162,169,57,93,117,159,178,200,40,69,87,125,147,171,166,168,120,193,105,197,39,54,60,85,145,148,149,61,115,143,164,165,177,183,208,82,110,138,144,167,135,157,201,63,84,191,71,209,113,119,172,211,212,150,174,37,185,187,80,75,77,79,186,
95,87,
156,
112,69,
4,52,96,
41,141,
153,
45,51,52,96,112,127,98,130,
41,
41,
4,5,51,127,97,125,119,
97,72,69,168,183,64,
11,
97,127,
12,52,26,112,126,28,107,132,18,35,178,69,119,
1,2,3,4,5,9,12,42,43,44,45,46,47,48,49,50,51,52,53,13,16,21,26,56,58,96,104,112,126,127,128,10,28,107,131,132,97,70,116,106,139,18,19,20,23,25,35,99,130,66,68,86,72,91,92,114,146,160,95,140,162,169,176,93,178,98,200,40,69,87,125,147,171,166,168,120,105,197,39,65,54,60,148,149,155,183,184,61,115,143,164,165,177,208,82,110,138,144,135,157,63,64,84,192,195,71,209,113,118,119,211,174,185,163,205,175,79,186,
26,119,
18,130,140,147,119,
1,2,3,4,7,8,9,12,42,43,44,45,46,47,49,50,51,52,53,13,16,21,26,56,58,104,112,126,127,128,10,28,107,131,132,97,106,122,139,27,14,17,18,19,20,23,25,35,99,130,66,68,86,72,91,92,114,146,160,161,95,140,162,169,176,93,117,159,178,98,124,200,40,69,87,125,147,171,166,168,70,120,59,105,30,34,197,39,123,54,60,73,145,148,183,184,61,115,164,165,177,208,82,88,138,144,67,157,201,63,64,84,142,191,79,141,71,209,118,119,211,83,174,37,196,189,185,187,163,205,186,
12,52,112,18,35,178,119,
112,69,60,
1,45,49,50,53,16,26,18,35,130,178,200,147,119,
53,126,18,23,72,162,178,130,69,147,168,115,35,119,
2,23,72,140,178,130,69,147,60,119,
1,112,18,178,119,
1,44,53,26,10,18,178,130,147,197,35,119,
12,51,2,26,56,112,126,127,18,23,35,130,72,178,69,147,168,60,115,164,119,
12,49,52,26,96,126,107,18,23,35,130,114,178,147,168,197,115,119,
16,130,
119,
2,12,16,26,112,18,178,119,
2,12,52,16,26,112,127,107,18,178,69,119,
51,52,16,112,127,
12,52,112,18,25,35,114,178,200,24,119,
2,12,52,112,18,35,178,39,135,119,
12,45,52,26,28,18,35,178,69,60,119,
156,198,
2,12,44,112,18,35,130,178,147,119,
12,112,18,35,178,170,119,
1,2,3,4,12,43,44,50,51,52,53,16,26,96,128,10,107,132,11,106,27,18,20,22,25,35,129,130,66,111,72,114,95,101,178,40,69,87,125,136,147,168,70,62,30,34,198,39,60,109,110,203,154,135,64,113,118,119,170,172,211,134,199,213,207,
1,2,12,53,26,96,112,126,127,139,18,23,35,130,178,147,119,
119,
2,12,52,112,18,35,178,69,60,119,
2,12,26,112,28,139,18,35,178,119,189,
78,
2,16,26,104,112,18,69,105,
153,
2,13,26,104,112,28,
2,4,12,42,43,13,26,58,104,112,127,28,69,
2,21,26,112,105,123,
2,5,21,26,112,105,123,
26,105,123,24,119,
102,
2,21,26,112,105,123,119,
119,
112,105,
26,112,24,119,
16,26,112,69,119,
1,2,3,4,6,7,12,43,44,52,16,26,96,104,112,107,132,106,27,18,35,130,69,147,168,30,34,39,123,157,192,119,36,75,80,173,207,
2,12,112,107,18,69,60,119,
2,12,107,18,69,60,119,
2,12,52,112,107,18,35,69,60,119,
2,12,52,112,107,132,18,35,178,69,60,119,
156,
112,35,135,
112,35,
33,
33,
2,12,25,178,135,119,
1,2,12,52,112,107,132,18,35,178,69,119,
2,112,119,
51,119,
51,72,69,60,209,
2,12,44,52,21,26,58,112,126,107,139,18,35,69,105,39,60,119,
51,52,2,107,132,18,23,35,69,60,110,209,
1,2,4,12,52,112,107,139,18,22,23,35,178,69,60,119,
12,51,18,107,130,66,72,40,69,147,168,132,60,110,209,211,
12,18,23,51,107,130,69,147,168,132,110,209,
2,12,52,112,107,132,18,23,35,69,60,
2,112,69,60,
1,2,3,4,12,43,44,50,51,52,53,16,26,104,128,10,107,132,11,156,70,106,18,22,35,129,130,66,111,72,95,40,69,87,125,136,147,168,62,65,60,109,110,202,203,154,135,157,64,209,119,211,150,134,75,199,213,207,
2,69,60,119,
2,112,69,119,
2,112,178,69,60,119,
112,
112,
2,12,112,18,
2,112,
26,112,24,119,
156,
156,
12,112,18,35,178,119,
112,
156,
1,2,3,4,9,12,43,44,45,46,47,48,49,50,51,52,53,16,21,26,58,104,126,127,128,10,28,107,131,132,97,106,139,20,23,25,35,130,66,68,86,72,91,114,146,95,137,140,162,169,93,116,117,178,40,69,87,125,147,171,166,168,70,120,30,34,123,60,148,149,61,115,143,164,165,183,208,110,202,88,138,67,167,135,157,195,79,209,113,118,119,170,172,211,150,185,187,80,175,89,
53,26,18,23,72,114,140,169,178,130,200,40,69,147,166,168,120,60,115,35,119,
156,
52,112,130,146,140,178,69,168,60,115,119,
18,35,114,140,169,178,166,168,120,69,40,60,115,183,209,119,
26,112,127,178,40,69,168,120,60,115,119,
52,26,112,127,18,35,140,178,168,120,115,119,
40,69,168,60,115,64,119,
140,168,115,119,
156,
12,26,112,18,24,
5,112,69,105,
112,
5,112,119,
2,26,112,35,24,119,
112,69,168,
2,12,52,26,112,18,130,178,69,60,119,
16,26,112,127,69,60,119,
12,112,69,119,
112,
26,127,140,178,40,69,166,168,60,115,64,118,119,
18,178,168,115,118,119,
178,119,
12,52,35,178,168,118,119,
12,52,26,112,127,18,178,119,
12,112,35,178,119,
2,12,52,26,112,127,18,23,35,130,140,178,69,147,60,119,
2,12,26,112,127,18,35,69,60,24,119,
2,112,178,168,115,119,
53,69,120,60,209,119,
122,
69,120,60,119,
90,
90,
157,
1,2,3,4,9,12,42,43,44,46,49,50,51,52,53,16,26,56,58,104,112,126,127,128,28,132,97,106,122,27,18,23,130,66,68,72,114,146,160,95,140,162,169,57,93,117,178,40,69,87,147,171,166,168,70,120,193,30,34,39,65,76,105,121,123,54,60,85,145,148,149,24,170,183,184,61,115,143,164,165,177,208,82,110,138,144,133,157,201,63,64,84,192,79,209,150,37,119,181,185,163,29,210,74,75,205,80,175,182,
121,
0,1,2,3,4,5,8,9,12,42,43,44,45,46,48,49,50,51,52,53,13,16,21,26,56,58,96,104,112,126,127,128,28,107,131,132,97,156,70,106,122,139,27,17,18,23,35,130,66,68,86,158,72,114,146,160,95,140,162,169,57,93,117,178,200,40,69,87,125,147,171,166,168,120,193,59,62,105,197,39,65,76,121,123,54,60,73,78,85,145,148,149,183,184,143,164,165,177,208,82,110,138,144,135,157,201,63,64,84,191,192,79,71,209,118,119,172,211,212,83,174,37,189,185,187,163,29,81,74,134,75,205,80,175,77,173,186,
1,2,3,4,5,8,9,12,42,43,44,45,46,48,49,50,51,52,53,13,16,26,56,58,104,112,126,127,128,28,107,131,132,97,70,106,122,139,27,17,23,35,130,66,68,86,72,114,146,160,95,140,162,169,93,178,200,40,69,87,125,147,171,166,168,193,59,105,30,34,197,39,65,121,123,54,60,85,145,149,24,170,183,61,115,143,164,165,177,82,110,138,144,167,133,157,201,64,84,192,79,209,119,172,211,150,174,37,185,187,163,29,134,75,205,80,175,77,135,186,
112,
2,5,26,112,18,35,24,119,
2,26,112,24,119,
42,26,112,18,105,24,
2,112,18,24,119,
1,2,3,4,5,7,8,9,12,42,43,44,45,46,48,49,50,51,52,53,13,16,21,26,56,58,96,104,112,126,127,128,10,28,107,131,132,97,70,116,106,122,139,27,17,18,19,20,23,25,35,130,66,68,86,72,114,146,95,140,162,169,93,117,159,178,200,40,69,87,147,171,166,168,120,193,59,105,30,34,197,39,65,76,121,123,60,73,85,148,149,24,170,183,184,61,115,164,165,177,208,82,202,138,144,157,201,64,84,192,195,79,71,209,113,118,119,172,211,212,83,189,185,163,205,80,173,186,
2,5,12,26,112,127,139,18,25,35,39,123,24,119,
2,5,21,26,112,18,105,123,24,119,
2,12,26,112,18,24,119,
2,5,21,26,112,18,105,39,123,119,
168,183,64,
68,72,91,160,140,40,69,87,125,124,168,70,127,143,165,177,183,184,144,64,84,82,205,175,
69,197,
26,127,69,157,119,
32,
7,
51,72,160,140,40,69,125,166,168,70,197,60,164,165,183,144,64,185,119,
26,112,127,69,125,168,60,164,64,119,79,
51,127,140,72,40,69,125,166,168,70,60,145,148,143,164,165,177,183,144,64,119,185,
26,112,127,69,125,168,
2,58,112,126,127,18,178,69,
41,
0,1,2,3,4,5,8,9,12,42,43,44,45,46,47,48,49,50,51,52,53,13,16,21,26,56,58,96,104,112,126,127,128,10,28,107,131,132,97,70,116,106,122,139,27,17,18,19,20,22,23,25,35,130,66,68,86,111,72,114,146,160,95,140,169,117,159,178,200,40,69,87,125,147,166,168,120,193,59,105,30,34,197,39,121,123,54,60,148,149,67,24,170,183,32,61,115,143,164,165,177,208,82,109,110,203,138,144,63,64,84,192,195,79,38,209,118,119,211,212,189,185,205,
2,26,112,69,24,119,
12,58,112,126,107,18,178,69,119,
112,127,69,
112,127,105,
2,26,112,127,69,119,
112,127,
26,112,127,69,168,24,119,
2,112,119,
112,69,60,
2,112,69,
119,
2,26,112,128,130,168,69,
2,107,22,35,129,109,
1,2,12,52,112,107,129,135,
1,2,12,112,10,107,18,22,129,
112,69,60,119,
1,2,3,12,42,21,26,112,107,139,18,35,129,69,105,
2,112,130,69,119,
12,52,112,127,130,72,140,178,40,69,147,166,168,60,115,164,119,
130,140,166,168,115,119,
12,51,52,35,130,72,140,178,69,60,145,
12,51,52,26,126,18,23,107,130,72,140,178,40,69,147,166,168,70,60,145,115,164,64,119,
2,16,26,112,69,60,
4,12,112,107,18,69,60,
156,
2,26,112,69,24,
12,16,112,107,178,69,
3,112,132,18,69,
107,132,12,18,69,
156,
112,132,12,18,178,69,119,
18,
1,44,45,46,49,50,51,52,53,13,21,26,56,58,112,126,127,128,107,132,122,27,23,66,68,111,72,91,92,97,114,146,160,161,95,137,140,162,169,178,130,40,69,87,125,147,171,166,168,70,120,193,59,62,105,39,65,76,123,54,60,73,78,85,145,148,149,155,183,184,143,164,165,177,208,82,88,144,153,167,133,157,198,201,63,64,84,142,191,192,79,212,83,150,37,119,185,187,163,29,81,210,172,74,134,75,205,80,138,175,77,173,186,182,
154,
46,72,91,114,146,160,161,95,137,140,169,166,168,70,120,132,193,56,40,60,62,73,78,85,148,112,121,155,183,127,164,165,171,177,208,128,82,144,69,93,125,167,156,65,133,157,198,201,206,63,64,84,142,191,192,23,66,71,212,83,150,174,185,211,187,119,163,172,74,76,134,75,80,175,77,79,173,186,
157,
112,69,168,157,
33,
69,134,
140,168,134,
11,
26,134,
12,112,35,178,135,119,
12,112,18,35,178,119,
112,35,135,207,
2,12,112,18,119,
12,52,112,18,35,135,
51,112,128,132,108,106,35,136,170,135,199,213,207,
112,
1,3,4,12,43,50,51,52,53,2,16,128,10,107,132,11,108,18,20,22,25,35,129,130,66,111,114,31,72,101,178,200,40,69,87,125,136,147,70,60,109,110,202,203,67,135,157,64,209,62,199,213,207,
112,178,119,
2,112,178,119,
127,69,168,183,165,
146,140,130,69,168,
51,160,140,69,166,168,
112,69,
69,166,168,
112,69,168,
41,158,
127,72,130,40,69,147,166,168,70,60,183,140,164,165,144,64,119,82,138,
127,146,130,69,168,164,82,138,
26,112,127,69,168,105,119,
2,42,26,112,139,18,
100,
2,26,112,139,18,105,24,119,
2,26,112,28,139,18,24,119,
112,139,
51,127,140,168,144,
127,23,72,146,140,130,69,171,
140,69,
51,18,23,72,140,178,130,69,147,60,119,
32,
168,64,
130,125,168,70,165,183,
26,127,23,72,140,51,69,60,145,119,
168,64,84,
51,112,127,23,72,140,40,69,166,168,120,60,145,164,64,119,
168,183,64,
56,127,68,72,97,114,146,160,137,140,124,130,23,40,69,125,171,166,70,143,155,165,177,183,184,144,167,157,201,64,84,142,191,192,79,71,172,82,150,180,181,185,163,210,134,138,175,179,186,182,
140,125,84,165,185,183,
7,
90,
7,
43,
32,
112,127,
97,160,140,40,69,168,56,127,143,165,177,183,144,64,185,138,
7,
140,97,72,23,40,69,166,168,70,183,127,165,64,144,138,175,182,
127,68,130,40,69,166,168,183,164,165,64,82,119,144,138,175,79,182,
127,40,69,168,165,183,144,64,119,82,138,
23,72,130,40,69,97,147,166,168,112,60,183,164,165,119,82,144,138,
32,
51,26,58,127,23,72,140,40,69,70,60,145,164,166,168,183,64,
58,69,60,145,
51,2,127,23,72,140,130,40,69,147,166,168,60,145,164,119,
188,
51,72,91,146,140,162,130,40,69,171,166,168,60,115,211,
146,
51,72,146,140,130,40,69,166,168,60,115,164,144,211,
35,130,72,146,140,40,69,147,166,168,60,164,119,
51,52,72,146,140,178,130,69,166,168,60,115,119,
26,112,23,130,69,147,
130,69,147,119,
58,18,23,140,178,130,69,147,119,
194,
126,18,23,130,178,69,147,119,
51,56,40,69,97,166,168,70,60,148,140,164,183,144,64,
23,72,40,69,168,70,60,148,164,183,144,119,
26,70,148,183,64,
90,
168,70,120,148,183,64,119,
26,56,127,69,125,168,70,145,148,149,164,64,
26,127,130,166,168,40,60,145,149,69,164,208,64,119,
7,113,102,
26,56,127,23,72,140,51,40,69,125,70,60,145,149,164,166,168,64,
149,119,
168,70,
112,157,
69,168,183,64,
41,
69,168,
26,168,183,64,119,
127,72,97,140,40,69,166,168,165,183,144,64,185,138,
127,130,72,40,69,147,166,168,60,164,183,64,119,
103,
32,
75,
41,
85,192,79,82,173,
69,
11,
168,
79,
168,69,165,183,134,186,
69,
2,12,51,53,58,112,126,18,23,178,69,60,
51,52,107,23,35,86,69,87,60,110,209,
51,23,86,69,168,119,
188,
51,23,66,86,140,69,168,157,209,119,
103,
31,
127,140,40,69,166,168,64,
40,69,168,183,
112,127,69,168,64,
157,201,
157,201,
132,198,136,156,157,201,204,206,199,207,
106,16,23,44,26,68,49,146,53,140,87,125,70,193,197,198,65,76,28,138,93,167,168,156,133,157,201,204,206,63,64,84,142,165,191,79,71,149,164,150,183,144,74,134,75,82,85,80,77,172,199,
69,157,201,
157,
69,70,157,
157,
157,
103,41,
2,52,26,112,126,132,18,178,69,
2,12,44,52,26,58,112,126,28,107,18,178,69,60,119,
112,69,
2,9,52,16,26,58,112,126,18,23,178,130,147,197,
2,52,26,126,18,178,130,69,197,
2,112,119,
156,198,
16,26,112,18,39,119,
2,4,112,69,60,
16,26,18,119,
130,72,69,
72,97,146,160,140,162,69,166,168,165,183,
97,23,160,69,
160,140,69,168,70,
51,97,127,130,72,91,146,160,140,178,40,69,166,168,60,115,145,119,
1,2,3,4,12,44,45,46,47,48,49,50,51,52,53,16,126,127,128,10,28,55,132,97,122,139,19,20,23,130,66,68,86,72,91,114,160,161,137,140,162,169,57,190,93,178,98,124,200,40,69,87,125,147,171,166,168,70,120,60,61,115,143,145,149,155,164,165,177,183,208,88,138,144,167,65,64,84,148,79,71,211,212,119,185,174,172,134,205,75,150,186,
146,140,69,166,168,
12,18,23,35,130,72,178,69,147,60,119,
51,53,23,72,140,69,168,60,
53,16,
156,
45,51,52,72,146,140,162,178,130,69,171,60,164,35,211,
45,51,52,72,146,95,140,162,178,130,69,60,35,119,
51,52,72,140,162,178,130,69,147,60,211,
68,72,97,160,140,162,130,40,69,171,166,168,70,165,183,64,144,185,
26,69,168,64,
26,40,69,168,165,183,64,119,
69,125,70,183,165,168,84,82,185,163,
41,
140,125,166,168,183,157,70,64,185,163,
2,56,126,23,140,178,130,40,69,147,166,168,70,60,145,115,164,64,119,
23,72,140,130,40,69,147,166,168,60,164,119,
51,126,23,72,140,178,130,40,69,147,171,166,168,60,145,115,164,119,211,
53,56,127,23,140,40,69,166,168,70,120,60,145,164,64,119,
51,52,56,127,72,140,162,178,130,23,69,147,171,70,60,145,164,64,211,
127,72,97,160,140,40,69,166,168,165,177,183,144,157,185,
72,140,125,166,168,70,165,183,64,82,185,138,
127,140,40,69,166,168,60,164,165,183,64,82,144,185,
69,168,112,183,165,
140,69,70,165,157,
32,
32,
127,72,97,146,140,130,40,69,125,171,166,168,165,183,144,157,64,82,185,175,
127,72,146,140,130,40,69,171,166,70,165,183,184,144,157,64,185,205,
103,
168,
69,157,
1,2,3,4,5,9,43,44,45,46,48,49,50,51,52,53,16,21,26,56,126,127,28,107,132,97,156,70,139,18,23,66,68,86,72,91,114,146,160,161,95,137,140,162,169,57,93,178,130,40,69,87,125,147,171,166,168,120,193,30,198,27,39,65,76,121,54,60,73,78,85,145,148,149,115,143,155,164,165,177,183,208,88,138,144,167,157,201,63,64,84,192,79,71,209,25,119,82,211,212,83,150,174,185,187,163,29,172,74,134,75,205,80,175,77,173,186,
127,130,137,40,69,125,168,30,56,73,78,85,143,165,177,183,144,153,167,65,64,84,192,79,119,82,83,94,150,37,187,29,152,81,172,134,75,121,138,80,175,77,173,186,182,
103,
26,168,64,119,
40,69,168,64,119,
26,140,166,168,64,119,
127,140,168,64,119,
140,69,166,168,70,60,183,157,64,185,
52,127,130,72,114,146,140,169,178,69,168,120,60,115,119,211,
32,
114,140,169,178,40,69,166,168,70,120,60,115,119,
32,
12,52,35,130,72,140,169,178,69,168,60,115,119,
112,35,
112,35,
35,170,
33,
170,
72,40,69,166,168,64,
112,40,69,168,183,144,64,
68,72,97,146,160,140,162,130,40,69,87,125,171,166,168,70,165,183,64,144,185,
51,52,127,68,72,97,146,140,162,178,130,40,69,147,171,166,168,60,145,115,164,165,183,144,211,64,119,185,
12,26,18,40,69,168,64,119,
168,157,
106,
2,16,26,44,56,58,127,27,23,66,72,97,160,53,140,55,57,51,40,69,125,166,168,70,120,193,30,39,65,76,121,54,60,62,73,78,85,149,61,143,164,165,177,183,208,144,167,157,201,63,64,84,142,191,192,79,119,82,83,150,37,185,187,163,172,74,134,75,138,152,80,175,77,173,186,
1,2,9,12,44,45,46,48,49,50,51,52,53,16,21,26,56,58,112,126,127,128,28,122,23,25,35,130,66,68,86,72,91,97,114,146,161,95,137,140,162,169,57,93,178,124,40,69,125,147,171,166,168,70,120,193,30,65,76,121,123,54,60,73,78,85,145,148,149,155,183,184,115,143,164,165,177,208,82,138,144,153,167,133,157,63,64,84,191,192,79,141,88,71,209,113,118,119,172,211,212,83,94,150,37,180,181,185,187,163,29,152,81,210,74,134,75,151,205,80,175,179,77,173,186,182,
1,2,3,4,5,9,12,42,43,44,45,46,48,49,50,51,52,53,16,21,26,56,58,104,112,126,127,128,28,107,97,156,70,106,18,23,130,66,68,86,72,91,114,146,160,161,95,137,140,162,169,57,93,117,178,98,200,40,69,87,125,147,171,166,168,193,59,30,198,65,76,121,54,60,73,85,145,148,149,155,183,115,143,164,165,177,208,82,138,144,167,133,157,201,63,64,84,191,192,79,71,209,211,212,83,150,174,185,187,119,163,29,172,74,134,75,205,80,175,77,173,186,
168,
168,
168,70,183,157,64,
33,
41,
140,166,168,157,64,
130,40,69,183,144,
130,40,69,168,183,144,64,35,119,
160,140,69,166,168,183,157,64,
72,97,146,160,140,162,130,40,69,125,166,168,197,183,144,64,
127,40,69,168,165,183,144,64,119,138,175,182,
127,72,140,51,40,69,125,166,168,70,60,145,143,155,164,165,183,184,64,84,192,79,144,180,185,119,210,134,205,138,175,179,186,182,
51,127,72,97,160,140,40,69,166,168,60,145,164,165,183,144,157,64,82,119,185,175,
127,72,140,40,69,166,168,183,165,64,82,144,138,175,182,
103,
1,2,3,9,12,43,44,45,46,49,50,51,52,53,16,21,56,58,104,112,126,127,128,10,28,55,107,131,132,97,139,14,18,19,20,23,25,35,99,129,130,66,68,86,111,72,91,92,114,146,160,95,137,140,162,169,176,93,117,159,178,200,40,69,87,125,147,171,166,168,70,120,30,197,54,60,62,148,149,59,39,170,183,61,115,143,164,165,177,208,82,109,110,202,203,138,144,167,63,64,84,192,195,71,209,113,118,119,172,211,212,150,174,189,185,205,186,
130,69,
178,69,60,119,
1,2,4,9,12,43,45,46,49,50,52,53,16,104,126,127,107,132,70,106,14,18,19,23,25,35,99,130,66,68,72,91,92,114,146,95,137,162,169,176,117,159,178,200,69,87,147,168,120,30,34,197,115,164,183,67,167,195,71,209,24,113,118,119,170,150,189,135,
112,
127,23,72,97,160,140,40,69,70,165,166,168,177,183,64,185,138,
103,0,43,
168,70,157,64,
43,
69,168,183,
1,12,50,51,52,16,26,112,126,107,132,18,23,35,178,69,60,119,
12,126,107,18,23,130,178,147,197,119,
12,52,112,18,35,178,119,
90,
2,12,112,18,35,178,119,
69,82,138,
112,69,168,
69,168,64,
26,168,
112,69,168,105,79,
26,112,69,
127,40,69,168,64,
72,140,166,168,183,64,
112,127,40,69,168,64,138,
69,168,60,164,183,64,119,
112,69,
40,69,168,64,
127,40,69,168,143,165,183,144,64,119,
127,40,69,168,165,183,144,64,119,
103,
127,23,66,72,97,160,140,51,40,69,166,168,70,60,115,143,149,164,165,177,183,184,144,157,64,148,119,82,185,210,138,175,182,
51,72,97,40,69,125,168,70,60,127,140,143,164,183,184,64,84,212,144,185,119,138,175,182,
7,
168,64,
103,
112,40,69,168,183,64,
69,168,165,183,144,
69,168,183,64,
168,165,183,138,
140,69,168,70,60,164,183,64,144,185,
72,97,140,51,40,69,125,166,168,70,127,60,143,155,164,165,177,183,184,144,64,148,185,119,210,138,175,182,
43,
72,124,40,69,125,166,168,70,143,64,84,148,155,165,177,164,184,119,183,210,
69,125,143,155,164,183,184,210,
127,140,40,69,168,70,183,184,143,165,64,210,
45,51,126,127,23,66,72,97,146,160,140,162,178,130,40,69,125,147,171,166,168,197,60,115,164,165,183,64,211,185,138,
51,52,56,127,68,72,91,97,146,160,140,162,130,40,69,125,166,168,70,60,148,115,143,164,165,177,183,64,84,144,185,138,
51,72,97,160,140,162,124,69,125,166,168,70,143,144,60,64,84,148,165,177,164,185,183,134,138,
16,160,69,197,
51,72,146,160,140,162,178,130,40,69,147,171,127,60,165,166,168,177,183,197,211,185,119,205,138,
72,140,51,166,168,165,185,183,186,
51,72,69,168,60,164,183,186,
137,140,69,125,168,167,157,165,150,185,187,183,186,
140,168,164,185,186,
194,
69,119,
69,168,183,186,
112,69,
154,
69,168,
168,70,157,
26,168,165,183,64,119,
157,
69,168,
140,69,166,168,64,
26,127,168,119,
2,127,18,178,168,115,140,119,189,
119,
2,12,52,112,18,140,178,119,
119,
1,2,3,4,5,7,8,9,12,42,43,44,45,46,47,48,49,50,51,52,53,13,16,21,26,56,96,104,112,126,127,128,10,28,55,107,132,97,70,116,106,122,27,14,17,18,19,20,23,25,35,99,130,66,68,86,72,91,114,146,160,161,95,137,140,162,169,190,93,117,178,124,200,40,69,87,125,147,171,166,168,120,193,105,197,39,65,123,54,60,73,85,148,149,155,183,184,61,115,143,164,165,177,208,82,110,202,88,138,144,201,63,64,84,192,79,71,209,119,172,211,94,174,189,180,185,74,134,205,80,175,179,83,173,186,182,
16,112,140,69,
140,69,166,168,70,157,64,
1,2,3,4,5,7,8,9,12,43,44,45,46,47,48,49,50,51,52,53,16,21,26,56,58,104,126,127,128,10,28,55,107,131,132,97,156,70,116,106,139,14,17,19,20,23,25,35,99,130,66,68,86,72,91,92,114,146,160,161,95,140,162,169,57,190,117,178,124,40,69,87,125,147,171,166,168,120,193,197,198,105,39,59,65,54,60,85,145,148,149,61,115,155,164,165,177,183,208,82,110,202,88,138,144,167,157,201,63,64,84,191,192,71,113,172,211,212,150,37,185,187,163,74,134,80,175,75,77,79,173,186,
140,168,70,165,183,64,185,
90,
90,
130,40,69,125,168,64,165,197,183,138,
13,
23,72,53,140,51,40,69,125,166,168,70,197,60,164,165,183,64,144,185,119,
7,
56,127,72,140,51,130,23,40,69,125,147,166,168,70,60,145,143,164,165,183,184,144,64,84,192,82,180,181,185,119,210,138,175,179,182,
7,
168,127,183,64,
7,
193,
193,
90,
193,121,79,
105,
112,
112,
112,
112,
156,
2,12,52,112,18,178,24,119,
119,
1,12,2,112,107,35,178,195,119,
156,
156,41,
12,112,126,107,18,178,69,119,
12,112,178,119,
16,140,197,
112,127,23,69,197,
51,126,18,178,87,197,
16,23,178,197,
112,28,69,197,
157,
11,
1,44,45,46,49,50,51,52,53,16,21,26,56,58,112,126,127,128,28,107,132,106,122,18,23,130,66,68,86,72,97,114,146,160,95,140,162,169,178,40,69,87,125,147,171,166,168,70,120,193,30,197,198,105,39,59,65,76,123,60,73,85,145,148,149,183,184,115,143,164,165,177,208,82,110,138,144,93,167,156,133,157,201,63,64,84,142,191,192,79,71,209,211,212,83,150,37,119,118,181,185,187,163,29,210,172,74,134,75,205,80,175,173,186,182,
198,156,157,201,204,206,135,199,207,
69,
1,2,3,4,5,12,42,43,44,50,51,52,53,16,21,26,96,112,128,10,107,132,70,106,122,139,27,18,22,35,130,66,72,114,95,178,200,40,69,87,125,147,168,62,105,30,34,39,65,121,60,24,170,110,157,201,64,192,79,38,209,119,172,134,75,80,173,199,207,
1,4,7,43,44,50,51,52,53,2,16,26,96,112,128,70,106,66,72,101,130,40,69,125,147,168,62,65,121,123,60,110,157,201,204,64,192,134,75,80,173,199,207,
112,
112,
1,2,3,5,12,42,43,44,50,51,52,53,16,21,26,96,112,128,107,132,70,106,122,139,27,18,20,22,25,35,129,130,66,111,72,114,95,101,178,200,40,69,87,125,136,147,168,62,105,30,34,198,39,65,121,60,170,109,110,203,154,156,157,201,64,192,79,209,113,118,119,172,211,134,75,80,173,199,213,207,
2,26,112,200,24,
90,
41,
16,26,130,119,
41,
41,
112,69,168,
33,
168,70,157,119,
168,
51,23,69,60,209,119,
119,
51,202,
178,209,119,
141,
69,60,157,209,
111,128,178,69,202,203,209,119,
51,178,69,60,119,
1,12,52,10,107,18,23,35,178,135,
52,112,107,35,69,60,
112,
136,
1,2,3,9,43,44,45,46,47,49,50,51,52,53,16,21,26,56,58,112,126,127,128,10,28,55,132,122,139,19,20,23,66,68,86,72,91,97,114,146,160,161,95,137,140,162,169,57,178,124,130,200,40,69,87,125,147,171,166,168,70,120,193,30,34,197,198,39,65,76,121,123,54,60,85,145,148,149,35,155,170,183,184,61,115,143,164,165,177,208,82,110,88,138,144,93,167,157,201,63,64,84,142,192,79,71,25,113,118,119,172,211,212,150,174,37,180,181,185,187,163,210,74,134,151,205,80,175,179,186,182,
4,43,26,112,106,95,168,62,198,125,69,157,201,204,64,29,80,199,207,
22,
168,
103,
112,127,40,69,166,168,70,64,
140,166,168,64,
112,127,140,40,69,166,168,64,
1,3,4,43,50,51,52,53,16,26,132,66,72,130,40,69,87,125,147,168,70,62,30,198,39,65,121,60,167,157,201,64,192,211,150,134,75,80,173,207,
102,
41,
90,
1,50,51,52,53,26,96,112,66,72,40,69,87,125,168,70,132,39,65,121,123,60,107,156,157,198,201,204,64,192,119,211,134,75,80,173,199,207,
90,
112,35,207,
112,
112,207,
41,
102,
41,
41,
53,127,140,40,69,60,145,166,168,208,64,119,
26,69,168,145,208,64,119,
90,
1,2,3,4,5,8,9,12,43,44,45,46,48,49,50,51,52,53,13,16,21,26,56,104,126,127,128,10,28,107,131,132,97,156,70,139,17,19,20,23,25,35,99,130,66,68,86,72,91,92,114,146,160,161,95,137,140,162,169,176,93,178,200,40,69,87,125,147,171,166,168,120,193,59,105,197,39,65,54,60,145,148,149,61,115,155,164,165,177,183,184,208,82,110,202,88,138,144,67,135,157,201,63,64,84,191,192,79,71,209,113,118,119,170,211,212,150,174,37,185,163,134,205,80,175,
119,
69,
69,209,119,
127,40,69,168,143,165,177,183,184,144,65,64,181,210,138,175,182,
26,112,69,168,183,165,64,
127,72,140,40,69,166,168,70,60,164,165,183,144,64,119,138,
127,168,183,64,
168,64,
51,72,146,40,69,147,166,168,60,140,164,211,119,144,
51,126,23,130,66,72,146,140,178,40,69,147,166,168,60,115,164,144,18,209,211,119,
51,72,146,140,130,40,69,147,171,166,168,60,115,164,144,211,185,
178,168,119,
51,52,127,97,178,40,69,166,168,60,140,164,183,144,64,211,119,
23,72,69,168,164,119,
90,
112,127,69,168,157,
11,
7,
132,
2,112,23,178,69,60,119,
2,12,51,52,112,107,132,18,35,69,
0,2,3,5,9,13,21,44,56,104,112,126,127,128,10,43,107,132,12,14,18,20,22,35,51,52,129,66,86,111,72,53,50,40,69,87,136,147,168,62,60,82,109,110,202,203,88,138,154,192,79,71,209,118,211,213,
51,178,69,209,119,
