130,
130,
1,
1,
9,
68,200,
16,
58,
123,
2,
18,
58,
58,
188,
178,
4,
9,
49,
9,
58,
123,
4,104,
58,
28,
100,
35,
35,
139,
31,
35,
207,
123,
35,
35,
1,
35,
107,
35,
35,
1,
202,
120,
1,9,
202,
9,
156,78,
58,
44,
12,
90,
49,
156,
9,
16,
1,9,
35,
202,
127,
120,
58,
130,
127,
13,
141,
58,
58,139,130,
9,58,
58,
1,
9,
9,
1,9,18,35,
18,
32,
41,
35,
60,35,
44,
178,
18,
123,
130,
90,
68,200,
90,
130,
120,
18,
35,
18,123,
123,
123,
156,
35,130,
52,
49,
52,35,
1,
156,
156,
156,
35,
119,
68,72,
26,
202,
4,104,
2,
119,
153,
9,
35,
1,20,
68,72,69,
52,
120,
135,
52,
35,
127,
35,
26,24,
16,123,
35,
58,
156,188,
90,
9,
44,
35,
120,
13,
35,
103,
127,
127,
9,
123,
130,
1,
1,
1,
49,
29,
29,
29,
60,
178,
35,
68,
16,
164,
112,
16,
49,
90,
49,10,
18,
35,
127,
127,
119,
29,
147,
207,
127,
35,
35,
207,
26,
35,
207,
150,
120,
35,
188,
35,
156,
112,
135,
90,
207,
60,
157,
103,
68,72,69,
68,72,69,
130,
29,
207,
127,
120,
127,
1,123,
156,
44,
35,
49,
103,
35,
127,
103,102,
107,
35,
127,
29,
29,
207,
35,
156,
123,
202,
58,112,139,
130,
112,139,
130,
207,
120,
44,
44,
44,
66,68,72,
41,
41,
156,
52,
130,
119,
32,
35,
68,72,69,
130,
33,
1,178,
107,
156,
9,130,
202,
9,
41,
41,
68,72,69,166,
112,139,
49,
156,
49,
35,
35,
41,
41,188,
108,156,
44,
127,
35,
44,
35,
49,10,
157,
35,
35,
52,
16,
35,
26,
193,
209,
202,
52,
178,
4,
68,
183,
102,
127,
68,
52,
202,
1,
18,
107,
130,
52,
41,
119,
127,
52,
1,
103,
35,
82,
170,
26,35,
104,
202,
1,58,
119,
68,72,69,
41,
119,
35,
60,
119,
135,
119,
35,
1,9,
68,72,69,
2,
4,
127,
130,
1,127,
41,
44,
104,
127,
122,
120,
64,
127,130,
60,
68,72,69,
2,
102,
207,
60,
139,
207,
68,
32,
44,
156,
157,
49,
120,
119,
119,
1,49,
52,
68,
90,
41,
41,
52,
9,
35,
130,
119,
157,
50,72,69,
122,
60,
166,168,60,
18,
107,
130,
197,
168,
35,
120,
35,
49,119,
35,
193,
11,
107,
136,
119,
29,
60,
68,72,69,
127,97,
32,
29,
29,
141,
11,
11,
158,
112,139,
102,
130,
52,134,
168,60,
68,72,69,
68,72,69,
68,72,69,
68,72,69,
68,72,69,
68,
68,72,69,168,60,
41,31,11,
60,
158,
41,
127,
127,
127,
147,
60,
0,136,
0,
0,90,
68,72,69,
11,
41,
29,
41,158,
32,
30,
35,
127,
127,
68,72,69,
68,60,
72,69,
68,72,69,147,
128,134,
78,
102,
68,
157,
13,
96,
41,
130,
41,
68,72,69,
35,
35,
44,
9,
35,
197,
107,
32,
52,
52,
197,
68,
49,10,
49,
49,
49,127,178,
68,72,69,
166,
130,
127,
156,
130,
130,
68,72,69,
156,
35,
178,
68,72,69,
178,
120,
35,
49,
35,
35,
156,
32,
147,
130,
26,
26,66,
68,72,69,
68,72,69,
68,72,69,
130,
127,
52,
4,104,
44,
156,
1,
178,
41,141,
153,
45,52,35,
41,
41,
130,120,
35,
11,
139,
35,
4,104,
130,
18,
197,
127,123,
35,
68,
35,
49,10,
9,
44,
49,96,
49,
49,
44,
66,
49,
127,
49,
119,
68,72,69,
156,
127,
127,178,123,
135,
49,10,
68,
49,
1,127,178,123,
78,
58,
153,
1,26,58,139,
1,
105,
107,
44,50,
102,
112,139,35,
18,
139,
35,
123,
207,
9,
130,
178,
1,
156,
207,
207,
33,
33,
35,
1,
1,
44,
4,104,
52,16,
107,
18,
44,
107,
107,
1,
207,
1,127,
1,
4,104,
1,123,
207,
58,120,
18,
130,
156,
156,
35,120,
1,202,
156,
35,
35,
156,
120,
127,35,120,
119,
119,
35,
119,
156,
29,
52,
130,
1,35,
139,35,123,
127,
18,
9,
18,
52,
127,
119,
35,
35,
4,104,
49,
49,10,
119,
178,
120,
122,
202,
90,
90,
130,
60,
74,
123,
107,
29,
1,
1,
58,
18,
178,
58,
58,112,139,123,
119,
35,
195,
35,
18,
1,
32,
7,
120,
66,
120,
130,
2,
41,
26,68,
35,
18,
68,72,69,
58,
119,
112,139,
127,
49,
107,
107,
68,
44,
4,
1,
1,
52,
58,
58,139,
1,
130,
16,35,
68,72,
52,
4,104,
156,
130,
197,
4,
107,
156,
35,
44,
29,
154,
68,72,69,
157,
119,
33,
107,
157,
11,
134,
135,
120,
207,
18,
35,
207,
207,
16,
202,
49,
35,
120,
120,35,
123,
120,
178,
41,158,
35,
68,72,69,18,
120,
139,35,
100,
123,
13,
35,
139,
120,
16,202,35,
127,
32,
80,
68,72,69,
66,183,35,
105,
35,
68,
68,72,69,
193,
7,
90,
7,
43,
32,
195,
52,
7,
60,
191,
119,
35,
32,
130,
130,
44,58,
188,
68,60,
130,
68,
35,
52,
52,
202,
16,
194,
127,
147,
10,
60,
90,
35,
68,72,69,
184,
7,113,102,
130,120,
120,
35,
29,
52,
41,
35,
68,
68,72,69,
35,60,
103,
32,
157,
41,
68,72,69,
49,
11,
112,
68,
35,
119,
52,
107,
35,
188,
44,35,
103,
31,
35,
120,
35,
198,
4,
199,
28,
157,
107,
29,
29,
60,168,
103,41,
120,
130,
16,
16,
1,
35,
156,
26,
130,
26,
120,
35,119,
28,
49,
120,
52,
50,
107,
44,
130,
156,
35,
44,
2,
120,
120,
120,
68,
41,
168,60,
68,72,69,
52,
44,107,
120,
120,
60,
68,
68,72,69,
68,72,
197,
32,
32,
60,
120,
103,
35,
123,
1,
147,
103,
127,
130,
130,
127,
28,
68,72,69,
32,
120,
32,
120,
207,
207,
135,
33,
135,
130,
35,130,
52,
52,
35,
68,72,69,
106,
60,
68,72,69,
29,
68,72,69,
60,
68,72,69,
33,
41,
68,72,
164,
119,
68,
35,
35,
164,
52,130,
113,
103,
120,
120,
1,9,16,18,35,
1,
35,
66,
103,0,43,
168,60,
43,
68,72,69,
35,68,72,69,
18,
35,
90,
35,
35,
52,
130,
193,
35,
35,
130,
68,72,69,
18,
60,
127,120,
130,
68,72,69,
120,
103,
183,134,
49,
7,
68,72,69,166,
103,
50,
130,
52,
166,
80,
64,
43,
97,
68,72,69,
119,
58,
68,
178,
1,
164,
68,72,69,
190,165,
130,
52,
194,
16,
35,
127,
154,
68,72,69,
135,
193,
157,
52,
157,
119,
119,
35,
35,
35,
4,104,
120,
28,
107,
68,72,
90,
90,
68,
13,
134,
7,
52,
7,
195,
7,
193,
127,
90,
193,
107,
207,
207,
35,
207,
156,
9,28,
127,
35,
156,
156,41,
197,
18,
66,
18,
202,
197,
197,
60,168,
11,
157,
199,
29,
207,
207,
207,
207,
207,
35,
90,
41,
130,
41,
41,
127,
33,
157,
35,
127,
202,
104,
44,
141,
1,
107,
4,104,
9,
9,
207,
136,
68,72,69,
130,168,
22,
104,
103,
49,127,
166,
35,
207,
102,
41,
90,
207,
90,
207,
207,
207,
41,
102,
41,
41,
26,120,
113,
90,
35,
130,
4,
107,
184,
120,
120,
195,
195,
127,
127,
44,
119,
127,
120,
90,
120,
11,
7,
136,
1,
202,
35,
4,104,
