209,
69,
209,
212,
112,
3,132,
18,
18,
18,
112,
209,
18,
18,
188,
112,
112,
69,
69,
27,
18,
108,
9,
27,
3,
100,
69,
120,
18,
31,
18,
136,
18,
18,
18,
18,
18,183,
18,
195,
18,
112,
18,
112,18,
112,
42,
3,
156,78,
42,
18,
209,
90,
112,
156,
124,
22,
209,
58,
6,
209,
112,
209,
18,
69,
18,
141,
112,
18,
18,
9,
170,
209,
112,
124,
183,
41,
33,
69,
18,
9,69,
183,
112,
195,
69,
90,
112,
90,
4,
18,
69,
18,
18,
209,
18,
156,
18,
18,
127,
112,
112,
156,
156,
156,
69,
18,
112,
27,
63,212,
27,
27,
69,
153,
69,
209,
69,
183,119,
18,
209,
69,
183,
135,
18,
136,
3,69,
183,
39,170,
18,
156,188,
90,
18,
18,
18,
18,
18,
18,
103,
112,
135,
36,
195,
12,
18,
127,
183,
112,
51,
1,
26,
112,
18,
69,
16,
112,
185,
51,
69,
183,
90,
18,
18,
178,
32,
178,
18,
18,
69,
207,
18,
18,
183,
3,
69,
136,
69,
150,
69,
69,
188,
136,
156,
51,
195,
90,
51,
69,
18,
103,
18,
18,
183,
69,
18,
178,
183,
69,
18,
156,
18,
18,
53,
103,
183,
112,
103,102,
136,
69,
18,
69,
18,
69,
209,
198,
112,
18,
18,
18,69,183,
183,
18,
189,
18,
108,
4,108,
6,
18,
41,
33,
156,
12,
69,
183,
32,
183,
178,
112,18,
33,
108,
4,108,
156,
27,
4,
18,
41,
41,
94,
112,18,
18,
156,
112,
3,
119,
41,
41,188,
108,156,
51,
69,
183,
183,
166,
209,
183,
183,
3,
18,
4,
18,
112,
193,
40,112,
69,
108,
26,
112,
183,
112,
102,
112,
69,149,
112,
127,
209,
18,
112,
18,
112,
33,
18,
18,
18,
112,
103,
18,
3,
170,
209,
27,212,
42,112,
119,
18,
18,
41,
209,
18,
108,
18,
183,
183,
18,
18,
112,
18,
18,
112,
69,
39,
41,
112,
3,
27,
122,
18,
67,
18,
183,
127,166,
70,
102,
207,
51,
166,
112,
209,
32,
209,
156,
183,
18,
183,
183,
69,
144,
69,
183,
90,
41,
41,
183,
18,
209,
9,18,
69,
183,
70,
122,
127,
166,
126,
69,
3,9,
84,
69,
69,
112,
209,
209,
209,
112,
11,
121,
136,
18,
18,
112,
112,
3,
41,
112,
112,
141,
11,
11,
158,
112,
102,
183,
70,
183,
18,
69,18,183,
69,
18,
27,
183,
183,
41,31,11,
124,166,
158,
41,
18,
183,
18,212,
64,
212,
0,136,
0,
0,90,
112,
11,
41,
183,
41,158,
32,
183,
3,112,
112,
2,
135,
26,
121,
121,
112,
183,
102,
112,
70,
43,
168,
41,
18,
41,
166,183,
183,
40,144,
69,
108,
209,
91,183,
209,
32,
144,
183,
9,
69,
183,
18,
183,212,
42,
137,
94,
69,
94,
156,
18,
3,9,
51,
156,
18,
18,
183,
94,
183,
51,209,
112,
112,
178,
156,
32,
124,
69,
144,
183,
82,
112,
69,
69,
112,
112,
144,
169,
156,
209,
183,
41,141,
153,
112,
41,
41,
112,
69,
11,
3,
112,
112,
18,
69,
18,
3,112,209,
51,
112,
183,
183,
112,
18,
209,
209,
183,
18,
119,
18,
18,
135,
69,
69,
198,
135,
183,
9,51,18,207,
119,
183,
69,
18,
78,
18,
153,
27,
18,
18,
121,
18,
102,
212,
18,
18,
195,
18,
112,
6,
209,
209,
112,
156,
69,
18,
33,
33,
69,
22,209,
112,
9,
183,
18,
40,
178,
183,
135,
3,4,
69,
69,
9,
18,
18,
18,
207,
69,
136,
18,
156,
156,
209,
18,
156,
3,
18,
156,
18,
18,
18,
18,
212,
209,
156,
18,
9,
18,
112,
18,
18,
18,
18,
69,
209,
69,183,
69,
69,
183,
18,
18,
18,
18,
69,
69,
122,
209,
90,
90,
3,
112,
183,
69,
211,
112,
120,
18,
136,
135,
18,
63,
42,
18,
32,
9,
94,
18,
178,
32,
7,
124,
3,
70,
112,183,
18,
41,
209,
18,
18,
212,
18,
18,
18,
18,
2,42,112,
112,
69,
18,
18,
69,
51,
18,
3,4,
18,
209,
183,
69,183,
183,
166,
18,
183,
156,
18,
209,
51,
18,
156,
18,
69,
108,
154,
112,
183,
108,
33,
124,
9,124,
11,
64,
53,
69,
3,
69,
112,
69,
108,22,
4,
69,
209,
178,
166,
166,
112,
209,
112,
41,158,
183,
124,
18,
112,
100,
27,
112,
27,
112,18,
166,
209,
209,
32,
137,
183,
166,
76,
178,
112,
94,
144,
7,
90,
7,
43,
32,
183,119,
148,
7,
183,
166,
183,
178,
32,
124,
209,
166,
188,
18,
94,
183,
183,
18,
112,
69,
209,
194,
69,
183,
127,
26,
90,
119,
9,183,
127,166,
7,113,102,
3,
86,
51,
195,
183,
41,
183,
124,
124,
69,
103,
32,
213,
41,
112,
18,
11,
112,
69,
152,
152,
108,
86,
9,10,
188,
40,144,
103,
31,
112,
183,
112,
53,
157,
207,
183,
12,
69,
209,
70,
136,
103,41,
18,
18,
112,
112,
18,
195,
18,
18,
3,4,209,
40,
166,
183,
178,
178,
209,
166,
112,
69,
183,
112,
156,
211,
9,
3,
166,
18,
166,183,
69,
41,
40,
3,
209,
183,
183,
124,
166,
147,
166,
112,
178,183,
32,
32,
69,144,
183,
103,
136,
209,
183,
121,
103,
18,
183,
69,
18,
166,
183,
32,
119,
32,
124,
69,
69,
18,
33,
69,
183,119,
178,
18,
166,
18,
144,
106,
127,
69,
209,
18,
183,
127,166,
33,
41,
183,
183,
183,
183,
3,69,
183,
166,
183,
183,
103,
209,
183,
209,
135,
18,
124,
103,0,43,
124,
43,
18,
82,
209,
3,112,209,
90,
136,
112,
18,
112,
18,
112,
112,
112,
183,
183,
212,
18,
183,
183,
183,
103,
127,
183,
7,
18,
103,
183,
152,
183,
152,
144,
70,
43,
70,
9,
127,166,
126,69,
124,185,
168,
125,211,
185,
70,
126,
124,
185,
194,
183,
112,
18,
154,
185,
183,
166,183,
183,
209,
18,
69,183,
178,183,
69,
209,
195,
18,
3,
18,
127,166,
124,
90,
90,
152,
13,
124,
7,
69,
7,
51,65,
7,
70,
18,
90,
112,
18,
183,
18,
112,
189,
156,
18,
209,
112,
156,
156,41,
166,
136,
44,
112,
69,
12,
183,
69,185,
11,
183,
199,
209,
51,
192,
42,
27,
211,
69,
90,
41,
18,
41,
41,
209,
33,
69,
135,
69,
183,
209,
135,
141,
135,
69,
69,
209,
3,4,
9,
136,
183,
199,
22,
209,
103,
183,
18,
18,
207,
102,
41,
90,
211,
90,
69,
207,
207,
41,
102,
41,
41,
166,
209,
90,
135,
135,
69,
209,
127,
127,166,
183,
183,
112,
209,
209,
209,
209,
166,
51,
90,
3,
11,
7,
128,69,
18,
108,
195,
18,
