0,68,
0,2,68,
0,68,
0,
0,
0,1,2,3,499,
0,
0,1,
0,1,2,3,498,499,
0,
2,
2,
0,1,2,3,
2,
2,
3,4,
3,4,5,6,
3,
3,
1,2,3,
3,4,
4,
4,
2,3,4,
1,2,3,4,
5,
5,
5,
3,4,5,
5,6,7,8,9,
5,6,7,9,248,10,11,249,
6,7,9,
6,7,8,9,
6,7,8,9,
5,6,
7,
7,
7,
7,
7,
6,7,8,9,10,11,
10,
8,9,10,11,12,
9,10,11,12,
9,10,11,12,
7,9,
9,
9,
9,
9,12,
9,10,11,12,
9,10,11,12,
10,
10,
10,
16,
13,
13,
13,
12,
12,
12,
12,
12,
12,13,14,15,
13,
13,
13,
13,
13,
16,
13,14,15,16,18,
13,14,15,16,18,
16,
14,15,16,
14,15,16,18,
15,
15,16,
15,
16,
16,
16,
16,
16,
17,
18,
17,18,
17,18,19,
18,
18,
18,
18,
18,
19,
19,
19,
19,
19,
21,18,20,
20,
21,
17,18,20,21,
20,
21,
21,
21,18,20,
21,
280,
22,
22,
21,20,22,24,
22,
22,
23,24,
23,24,
23,24,
21,20,22,23,24,
23,24,
24,
24,
24,
24,
24,
23,24,25,26,
23,24,25,26,27,443,
24,25,26,27,
26,
24,
26,
26,
26,
26,
25,26,
26,27,28,29,30,31,32,
26,27,29,32,
29,
26,27,
27,
29,30,
28,
399,28,25,26,27,30,449,
27,28,
28,23,24,25,26,27,30,
29,
29,
29,31,32,
29,
29,
30,
29,30,
30,
29,30,32,34,
29,30,
31,
31,
30,31,33,34,365,
29,30,31,32,151,
31,
32,
32,33,34,35,
32,151,33,34,35,36,37,67,38,
32,
32,
33,
33,29,
31,
33,
151,33,36,
34,35,
151,33,34,35,36,37,38,
34,
34,35,
36,37,34,
34,35,36,
34,35,
35,
35,
36,34,35,
36,
486,36,
36,
36,34,35,
36,
37,
37,
37,
37,38,
37,
38,
38,
38,
38,
38,
39,
39,
39,
38,39,40,41,42,
37,38,39,40,41,
40,41,42,
42,
39,40,41,
39,40,41,
37,38,39,40,41,
39,40,41,42,
41,
39,40,41,
37,38,39,40,41,
44,40,41,242,42,43,
42,
39,40,41,42,
44,42,43,45,
41,42,
39,44,40,41,42,43,
45,
44,41,42,43,
44,43,45,
44,40,41,42,43,
44,42,43,
44,
44,
44,
44,
44,42,43,45,46,47,
45,
45,
45,
44,43,45,46,47,
46,47,
44,43,45,46,47,321,
46,47,
46,47,
46,47,
46,47,
46,47,
48,46,47,
46,47,49,51,
46,47,51,
48,
48,
48,
48,
48,
49,
49,
49,
49,
49,
50,
50,
50,
50,
50,
51,
51,
51,
51,
51,
52,
52,
52,
52,
49,52,50,
53,213,
51,
53,
49,51,53,
49,51,53,
54,56,
178,49,50,52,53,56,106,
56,
57,
58,60,108,56,55,57,61,
56,
108,58,56,55,57,
7,58,108,56,55,57,60,61,166,
58,56,57,59,
56,
56,
56,57,59,
59,56,57,
58,57,
108,58,56,57,
57,58,60,61,
57,
58,108,54,56,55,57,59,
58,
58,
58,
58,
58,
59,
59,
59,
59,
59,
58,108,54,56,55,57,59,60,61,62,
58,57,60,61,
60,
60,
60,
60,61,
61,62,
61,62,
61,62,
61,
62,
59,61,62,63,64,
59,61,62,
59,61,62,
62,
61,62,63,64,
62,63,64,
61,62,63,64,
60,62,63,64,
59,61,62,63,64,
67,63,64,65,66,68,
63,64,65,202,106,
67,66,
64,65,
65,
64,65,
65,
64,65,
65,66,
64,65,
67,64,65,66,
67,66,69,
67,65,66,
67,66,
67,65,66,
67,
67,
67,66,69,
67,
67,
68,69,
68,67,65,66,
68,67,64,65,66,
68,67,65,66,
68,67,65,66,
69,
69,
69,
69,
69,
70,
70,
70,
70,
70,
71,
71,
71,
71,
71,
72,
72,
72,
70,72,71,69,
72,
73,74,75,76,77,
312,
72,73,74,75,76,77,78,312,314,
75,74,76,77,
75,74,
74,
72,75,73,74,
74,75,76,77,
75,73,74,
75,74,
72,74,75,93,
80,79,75,76,78,
75,74,
75,312,314,85,253,309,310,311,
75,
75,76,
77,75,73,74,76,
75,73,74,76,77,
77,75,314,74,76,78,
312,75,314,73,74,76,77,78,
72,73,74,75,93,316,76,77,
72,75,74,93,76,77,207,
77,
77,93,72,312,76,78,
75,74,76,77,
78,
75,
77,93,72,312,75,96,73,74,76,78,
80,79,75,76,78,
326,
79,
80,77,79,
80,
74,75,76,77,
80,
82,
80,82,79,
80,
80,
81,
81,
84,
81,
81,
326,82,
82,
82,
83,85,88,82,87,
83,82,
82,83,85,86,
84,83,86,
83,
129,83,
129,83,
81,85,82,84,83,86,87,
84,
81,82,84,83,86,87,
84,
83,84,86,87,
85,
85,
85,
85,
85,
83,85,84,86,
85,86,87,88,96,
86,87,
86,87,
86,87,
88,87,
86,87,
88,87,
86,87,89,90,91,
86,87,
87,88,
87,88,89,90,
85,86,87,88,
88,
88,
88,89,90,94,
89,
89,90,91,
89,90,91,92,
89,
90,
93,90,91,
93,90,91,
90,
90,89,91,
88,93,87,89,90,91,
90,87,91,
91,
89,
88,89,90,91,
89,90,91,92,
90,91,92,
93,91,92,
89,90,91,92,
90,91,92,
93,
93,
72,93,
93,
94,
94,
94,95,
94,
94,
96,
94,95,96,97,98,
97,
94,95,
96,
96,
96,
96,
96,
96,
94,95,97,
94,95,97,
97,
97,
365,97,
98,99,100,
96,97,98,99,
100,
98,99,
97,98,99,100,
97,
100,
100,
93,96,98,99,
102,97,98,99,100,101,
100,
100,101,102,103,
97,98,99,
100,101,102,
97,
102,97,98,99,100,101,
98,99,100,101,102,
96,97,98,99,
100,101,102,103,
102,97,98,99,100,101,
102,
101,103,
105,
102,258,
104,103,
103,
103,104,105,
103,
104,103,105,
103,
104,
104,
104,
104,105,107,
104,106,103,
108,106,105,
105,
105,
105,
105,
106,
106,
106,
106,
106,
107,
107,336,
107,
107,
107,
108,
108,
108,
108,
108,
109,
109,
109,
109,
109,
112,111,
114,112,110,111,113,
109,110,111,112,
112,111,
110,111,112,113,114,
112,111,
112,111,
111,112,
386,110,111,112,113,114,115,116,447,411,414,
111,112,
112,
112,111,
112,
110,111,112,
112,
113,114,
114,
111,112,113,114,265,
111,112,113,114,265,
110,111,112,113,114,
114,
114,
114,
114,
114,
115,116,
114,
113,114,115,116,
115,116,
116,115,
447,116,
116,
116,
116,
116,
115,116,117,119,447,
116,
117,
119,115,116,117,
119,116,115,117,118,
117,118,
117,118,
117,118,
119,116,115,117,118,
120,117,118,
119,115,116,117,
116,
119,
119,
119,116,117,118,121,
118,120,
120,118,
492,
483,120,490,491,492,493,
120,
120,121,
124,121,122,
120,121,122,123,
121,
118,
125,126,123,120,122,
126,127,124,121,122,
121,122,126,
122,
123,120,121,122,
126,123,125,
121,122,123,
123,
123,
123,
124,
124,
124,
124,
124,
127,
125,126,124,123,121,122,
125,126,124,123,121,122,
125,126,
125,126,
125,126,124,
126,
125,126,
126,
126,
127,
127,
128,125,126,127,129,124,
127,
127,
129,124,125,126,127,128,
128,125,126,127,129,124,
128,125,126,127,130,
129,124,125,126,127,128,130,
128,126,127,130,
126,127,130,131,129,
129,
129,124,125,126,127,128,
126,127,130,129,
129,126,127,130,131,
128,126,127,130,129,124,
128,126,127,130,129,124,
128,126,127,130,129,124,
128,126,127,130,129,124,138,403,
129,124,126,127,128,130,
129,126,127,130,131,
124,
134,131,133,136,
126,127,130,131,129,
134,
135,124,
124,130,
126,132,133,134,135,136,124,137,122,
137,134,132,133,135,136,
134,
124,
124,125,126,127,128,130,262,
129,124,126,127,128,130,
134,132,133,
133,134,135,136,137,
132,133,134,135,136,124,137,120,
134,124,
134,
134,
134,
135,
137,134,131,133,135,136,
137,134,135,136,
135,
135,
136,
137,134,131,133,135,136,
126,127,130,129,
136,
135,
137,
137,
137,
137,
137,
138,
136,138,
136,
138,403,404,402,405,406,
138,
140,139,141,142,143,
468,142,
140,139,141,142,143,
140,139,141,142,143,
469,127,262,138,140,139,141,142,143,468,470,471,
137,140,
134,135,136,137,138,140,
137,
140,141,142,143,
136,138,140,
142,143,467,
140,141,142,143,
140,
141,142,143,144,145,146,
141,142,143,144,145,146,
142,143,
142,
142,143,
142,143,
142,143,
467,143,
143,
143,
143,
143,
149,148,146,145,147,
141,142,143,
144,145,
144,145,147,
145,
145,
146,
146,143,145,
150,148,
151,150,148,146,149,395,
149,146,148,
149,150,151,148,146,
149,146,148,150,151,
16,149,146,148,150,151,152,
148,
150,
150,
147,146,148,
150,
149,151,150,148,147,
149,147,148,
148,
148,
148,149,
149,
149,
149,150,151,152,
149,
149,
150,
150,
151,149,150,
150,
150,
150,152,151,149,
151,
150,151,152,
151,
151,
152,
152,
152,441,
152,
152,
153,
153,
150,152,153,154,
156,153,154,155,
151,150,152,153,
156,152,153,154,155,
156,
49,156,153,154,155,
156,154,155,157,
153,154,155,156,
155,
156,153,154,155,157,159,
151,150,152,153,155,447,
155,
155,
156,
156,
156,155,
156,
156,
157,
157,
157,
158,155,157,
157,
158,
158,
154,155,156,157,158,
158,159,164,
156,157,159,
157,159,
159,
158,159,161,
158,159,161,162,
159,
163,160,
160,
160,
160,
160,
161,
161,
161,
161,
443,161,
160,161,162,163,164,165,
160,162,163,
163,161,162,
163,166,160,161,162,60,164,165,167,168,58,169,
160,161,162,163,
163,
163,
163,
163,
163,
164,
163,161,164,
163,161,164,
164,
163,161,164,
58,166,163,165,167,
166,
160,162,
162,
166,163,165,167,168,
166,
166,
166,
166,
167,
167,
164,161,163,167,
166,165,167,168,169,
164,
168,169,170,
168,174,
171,173,168,169,174,
168,169,
19,171,168,169,170,
169,
167,168,169,
169,
167,168,169,
168,169,170,
171,173,170,172,
171,168,169,170,
171,170,
167,168,169,170,
19,171,173,174,170,
171,
171,
171,
171,
171,
171,173,408,176,172,174,175,
171,173,408,172,174,175,176,
171,173,172,174,176,
171,173,170,172,174,
171,408,176,172,173,174,175,177,
173,
174,176,173,
173,172,174,
173,
173,
174,
174,
171,173,174,
174,
174,
175,
175,
174,175,177,
175,
175,
173,408,176,172,174,175,177,
176,
173,174,176,
173,176,174,175,177,
176,
177,
177,
352,177,
177,
177,
175,177,178,
174,178,179,
178,
174,178,
177,178,179,
179,
179,
307,179,
179,
179,
180,
180,
180,
179,178,
180,
183,185,181,182,184,
180,
183,178,179,180,181,
185,184,
181,182,183,184,185,
179,
178,179,180,181,182,
179,177,178,180,181,182,
179,
181,182,
181,
181,183,
183,
180,181,183,
185,181,182,183,184,
179,177,180,181,182,183,184,185,
183,180,181,182,184,185,
179,
183,181,182,184,185,
179,177,178,180,181,182,183,184,185,
185,186,187,188,
182,183,184,185,186,187,
183,182,184,185,
178,185,177,179,180,181,182,183,184,
178,179,184,185,186,187,188,
186,188,
188,
185,184,186,188,
185,184,186,188,
186,
187,188,
187,188,
186,187,188,358,
12,190,193,187,188,189,
187,188,
190,
185,187,188,
190,187,188,189,191,
190,187,188,62,189,191,
188,189,
187,188,189,190,
189,
189,358,
188,189,191,
188,189,
190,
190,
190,
190,
190,
191,
191,
191,
191,
191,
194,
193,
196,193,192,194,195,197,
196,191,193,192,194,195,88,
196,88,193,191,192,194,195,
88,193,
193,88,
193,
193,
193,88,
194,
194,
194,196,195,197,
196,191,193,192,194,195,
196,195,197,
196,197,195,
194,195,196,197,
196,195,
196,195,197,198,199,
196,
196,
196,202,197,199,195,198,201,
197,208,
194,195,196,
196,
202,197,199,196,198,
197,
197,
197,106,
197,
199,198,
196,106,197,199,195,198,201,
202,199,196,197,198,201,
199,198,196,197,
196,
202,
202,199,201,
199,
199,
199,
200,
200,
200,
200,
202,200,203,204,205,
202,201,
201,
19,201,
202,201,204,
202,201,
202,
245,202,
245,202,
202,
199,202,201,
206,204,203,205,
203,204,205,
203,
203,
203,204,205,206,
204,
201,
204,
199,204,
204,
207,208,205,206,209,217,
207,
205,206,
205,206,
322,207,208,205,206,209,
205,206,
204,205,206,
205,206,
205,206,204,
205,206,
207,
207,
207,
207,
207,93,
207,208,205,206,209,
208,
208,
209,208,207,205,206,
208,209,
207,208,205,206,209,
208,
208,
208,209,217,
208,209,207,205,206,
211,
211,
211,
208,217,210,211,212,
263,217,211,208,210,212,214,
211,
213,208,217,210,211,212,214,
211,
211,
211,267,
213,210,211,212,215,
210,212,
208,210,211,212,214,263,
211,210,212,213,215,
213,210,211,212,
212,213,215,
124,213,
213,
213,
213,
216,
214,
216,207,217,214,215,219,
213,214,
213,214,215,
216,213,215,
216,
215,
217,214,215,218,219,
215,
216,
216,
216,
216,
216,
263,217,486,
217,
217,
217,218,219,
207,217,
217,441,214,215,218,219,221,222,
219,
218,219,221,222,
216,215,217,218,219,
218,219,221,222,
219,
219,238,
219,
219,
219,
220,
220,
220,
221,222,
220,
221,222,
224,
221,222,
221,222,
221,222,
221,222,
219,221,222,
223,221,222,224,
221,222,
221,222,
223,221,222,224,
223,
223,
223,
223,
224,
224,
224,
224,
224,
224,225,227,
225,227,
223,224,225,
224,225,
224,225,227,
225,226,227,228,230,
224,
226,228,
227,230,225,226,228,229,
230,225,226,227,228,
227,
227,
226,227,228,230,
227,
227,
227,225,226,228,229,
228,
228,
228,
228,229,
231,227,230,228,229,232,
228,229,230,
231,232,227,230,228,229,
231,
230,
230,
230,
230,
230,
230,
231,
231,230,233,234,
231,
231,
231,233,234,
232,
231,233,232,
230,228,
232,
232,233,
233,
233,
233,
231,233,230,234,
233,
236,234,235,
234,
234,235,
234,
231,232,233,234,235,236,
234,235,236,
232,
237,
236,
232,236,237,
236,
236,238,239,
238,236,
237,238,
237,
237,
237,238,
237,
238,
238,
238,
239,240,238,
238,
238,239,240,
239,
239,
239,
239,410,
240,
240,
239,241,240,
240,
240,
242,241,244,
242,243,244,241,
241,
238,237,239,240,241,
241,
242,244,
245,244,242,
244,242,
242,
242,
243,
243,
243,244,
243,
243,
244,
244,
244,
244,
244,
245,
245,
245,
245,
426,245,
249,248,247,246,
249,247,248,246,
249,
246,
246,
247,
248,249,245,246,247,250,
247,
249,248,247,246,
248,
248,
248,
248,
248,
248,
249,16,
249,
249,16,
249,
249,
250,251,
248,
254,253,252,250,251,
250,251,252,253,254,
247,
253,252,251,
249,251,
249,248,246,247,251,
249,251,252,253,
249,248,247,250,251,252,257,253,
239,355,252,
252,
252,
252,
255,312,253,250,356,252,251,
253,
252,
255,
255,252,253,
257,
255,
254,255,
255,
255,
255,
254,255,
255,
256,254,255,257,252,253,
256,
256,257,
256,257,258,259,
256,257,
256,
257,
257,249,246,
257,
257,
257,
258,
256,257,258,259,102,260,261,464,
256,254,255,257,258,259,
258,
258,
256,258,257,259,
258,259,
258,259,260,261,
258,259,
258,259,
262,259,260,261,
258,262,257,259,260,261,
259,260,261,
258,262,259,260,261,
260,261,
265,261,
260,261,
261,
260,261,
262,259,260,261,
262,
262,
262,
262,
262,
263,
263,
263,
263,
263,
264,49,51,
264,
49,264,265,267,263,261,
264,
265,
265,
265,
265,
265,
270,271,269,268,266,
270,271,269,267,268,266,
269,
268,266,270,
270,265,267,268,266,
267,
270,
267,
264,265,267,
267,268,
268,
270,268,
270,271,269,272,268,
268,
269,268,270,271,272,
269,
269,
269,
269,
269,
270,
269,268,270,271,
270,
270,
270,
271,
271,
271,
107,271,
271,
269,270,271,272,
272,
272,
270,272,271,269,273,
275,70,272,273,274,
272,273,
272,273,
272,273,
270,272,271,269,273,274,
272,273,
2,275,272,273,274,276,
272,273,274,
272,273,
270,271,269,272,273,274,
274,
275,
275,
275,
275,
275,
276,
276,
275,72,278,276,279,
276,194,196,
278,
280,279,277,282,283,
279,283,
283,282,277,280,
280,285,283,72,281,279,277,286,
278,
2,280,276,277,278,279,281,
278,
278,
278,
279,
281,
279,
278,279,281,283,
279,
282,280,
280,
280,
280,
280,
281,
281,
281,278,279,
281,
282,
282,407,
282,
280,283,285,279,282,
282,
283,285,284,286,
282,283,285,
283,
280,283,285,282,
283,
282,277,280,283,284,285,
282,284,283,285,
283,285,284,
284,285,
284,
284,283,285,
283,285,
285,
285,284,
285,
286,
283,285,282,286,
286,
285,283,282,286,
285,
283,285,286,
288,286,287,291,289,
287,289,
288,286,287,291,289,
287,289,
149,288,
288,
149,288,
288,
149,288,
289,
290,292,287,289,
429,290,288,292,286,287,291,289,
289,
289,
290,
290,
287,289,290,293,
290,
290,
290,287,291,
287,291,
290,288,292,286,291,289,
288,286,287,291,289,
287,291,
292,
292,
245,290,288,292,291,289,
292,293,
292,
288,296,293,294,295,
289,290,292,293,
290,
293,
293,
296,293,294,295,
288,291,296,292,293,294,295,304,
294,295,
293,296,294,295,
290,292,289,293,
295,294,
296,294,295,
296,
295,
295,
296,
169,296,
296,
296,
169,296,
297,298,301,
297,
94,297,
297,
297,
299,
299,
297,298,299,301,302,
299,
299,
299,
449,299,
297,449,302,298,299,301,
302,298,299,300,301,303,304,
303,305,300,301,302,304,306,
303,300,301,302,304,
302,
303,301,302,304,
303,300,301,302,304,
301,302,
301,302,
303,301,302,304,
301,302,
302,301,303,304,
302,
409,410,302,239,
302,
302,409,
302,
303,
303,
303,
303,
303,
304,
304,
304,
304,
304,
305,
305,
303,305,304,306,
305,
307,305,
306,
306,308,309,310,311,
306,
306,
410,309,310,306,308,311,312,
307,305,308,
305,307,308,
307,
307,
307,
308,
307,305,306,308,
307,
309,310,308,311,
306,308,
309,306,308,
311,
309,
309,
309,
310,
310,
310,
310,
310,
311,313,314,
311,
311,
314,
312,308,310,311,
312,
312,
312,
312,
312,
313,
313,
313,
313,
313,
314,
317,314,315,
314,112,
314,
315,
315,
315,
315,
315,
72,316,
316,
316,
314,
316,
317,
317,
2,429,334,317,
317,318,315,
318,316,315,317,
318,
318,
317,318,319,315,
318,
318,
319,
318,319,
45,318,321,316,319,320,
319,
45,321,319,320,323,324,
322,321,319,320,
318,204,319,317,
45,322,321,383,319,320,
318,
322,321,319,320,
45,321,
318,
321,320,
321,
320,318,322,321,315,319,448,323,
318,322,
318,322,
317,45,47,318,322,321,316,319,320,325,
44,45,46,47,322,321,
45,322,
323,
323,
323,
323,
323,
321,326,323,324,
324,
324,491,
324,
324,491,
322,316,325,319,
325,
325,
322,
325,
93,326,325,
326,393,323,324,327,
326,
326,
326,
327,
328,
327,
327,
327,
328,
327,328,326,
328,
328,
328,
327,328,329,330,
328,327,329,330,
327,328,329,330,
328,327,329,330,
333,330,331,332,
330,
330,
329,330,
330,
333,330,
332,333,330,331,
333,
336,334,333,335,331,
332,333,329,330,331,
335,
333,332,
333,332,
332,
332,333,329,330,331,
333,
332,333,335,330,331,336,
333,
333,
333,
334,
334,
429,334,
334,
334,
335,
335,
335,
335,
335,
107,336,
336,
333,335,336,338,
336,335,338,
336,
337,
337,
337,336,339,
337,
337,
333,335,336,338,
336,335,338,
335,
338,339,340,341,342,
335,336,338,339,
337,335,336,338,339,
337,336,339,340,
337,335,336,338,339,
337,336,339,
499,365,337,336,338,339,340,341,
166,164,165,168,169,170,337,339,340,
339,340,
157,158,160,337,336,339,340,
337,336,339,340,
167,337,336,339,
337,335,336,338,339,
339,341,
336,
339,
341,342,343,344,
341,342,343,344,345,367,
365,338,339,340,341,342,343,
341,342,343,344,
341,342,
341,339,
365,339,340,341,342,343,
161,171,172,173,343,344,345,346,347,348,
339,341,342,365,343,
339,
343,
341,342,343,344,345,367,
409,338,339,340,341,342,365,343,412,349,
342,343,344,
341,342,343,
346,364,365,367,339,338,340,341,342,343,344,345,
365,344,345,
412,417,
350,347,352,177,355,344,345,346,348,351,353,
347,
350,367,347,348,
345,
350,367,348,347,349,
341,
350,
350,347,348,
350,367,366,368,369,347,348,
350,
347,
350,
350,347,352,353,348,
367,
352,347,346,348,349,350,351,
350,
349,
352,350,353,349,351,
350,352,353,348,349,351,
352,
349,
350,
350,
350,
367,350,
32,350,241,367,
352,
352,
353,
355,157,352,354,351,238,353,
352,349,351,
352,
352,
352,
352,
352,
449,353,
352,350,353,348,
353,
353,
354,
354,229,
354,229,
160,157,158,352,354,
157,352,354,358,355,350,353,351,
354,
355,239,348,238,236,240,
354,238,239,240,242,355,410,353,
355,
355,
355,350,
356,
359,357,356,
356,
359,357,356,
356,
85,357,
85,357,
357,
85,357,
85,357,355,356,359,
357,358,359,
189,358,
358,
358,
361,
359,
359,
359,
359,
359,
363,360,361,
360,361,
360,
362,360,361,
365,360,361,
360,361,
361,
361,
360,361,
362,
362,365,
362,
362,
362,
363,365,360,362,361,
363,
363,
363,
363,
114,368,363,364,366,369,
363,367,365,364,
367,
361,
365,364,367,
365,
365,
365,
365,
365,
366,
366,
366,
368,
5,363,365,366,361,
367,
365,367,364,
367,
417,367,
365,367,364,
368,
367,
368,366,369,
368,
368,366,369,
368,369,
369,
370,367,369,
369,
367,
370,
370,
370,367,369,
370,
370,368,367,369,
371,
371,
371,
371,
371,
372,
372,371,373,374,
372,
372,
372,
370,
370,
372,373,369,
373,
373,
374,
374,
374,
375,373,374,376,
375,373,374,376,
375,373,
375,
375,
375,
375,
375,376,378,385,
375,374,376,378,
375,376,378,
374,376,
375,374,376,378,
377,
377,
377,
377,
377,378,
377,
380,
379,377,380,378,381,
380,
377,380,379,378,381,
380,379,378,381,
379,
378,
379,378,
379,377,380,381,378,
380,
380,
380,
380,
380,
383,379,381,382,
382,383,381,
380,378,379,381,
381,
381,
384,385,382,387,388,
383,384,381,382,386,
382,
384,382,
384,382,
383,51,
383,
383,
383,
383,
384,
384,385,359,
384,382,383,386,
384,
384,
385,387,
385,238,
383,386,385,384,
385,
385,
386,
386,
383,384,386,
386,
383,
386,385,387,
384,383,386,387,388,389,
387,
108,383,384,386,387,388,389,
386,389,387,388,
386,389,387,388,
388,389,
388,389,
388,
389,388,
389,
386,237,389,385,387,388,390,391,392,
237,389,
389,
389,388,390,391,392,
388,389,390,391,392,
395,389,390,391,392,
390,427,
392,
390,391,392,
391,
391,
390,391,
391,
395,390,391,392,
390,391,392,393,
392,
390,391,392,393,
392,393,
392,
393,
392,393,
393,
393,
393,392,
395,394,
394,395,
394,395,
394,395,
394,
395,394,396,397,
395,
395,
395,
395,
396,397,
396,
396,
394,395,396,397,
396,397,
397,
397,
397,
397,
396,397,
398,
399,400,398,401,
400,398,
398,
398,
399,
399,
399,
399,
399,400,394,396,397,459,
397,400,
397,399,400,
399,401,400,398,
400,
400,
127,399,400,398,401,
401,
401,
401,
401,
401,402,
401,402,
401,402,
401,402,
402,
403,404,
403,
403,404,
403,404,
403,
404,409,
404,
404,
404,
403,404,
408,407,409,405,406,
405,406,407,408,
405,406,
405,
405,406,
405,406,
406,407,408,409,
405,406,407,408,
405,406,
403,404,402,405,406,
282,407,
406,407,408,409,
407,
407,
407,405,406,408,403,404,
408,
408,
408,
408,
408,
410,
409,
409,
409,
409,
410,
410,409,
410,
410,
410,
414,411,413,
414,411,413,415,
411,
411,
413,411,414,409,
412,
412,
412,
409,410,412,
409,413,410,412,
413,116,
413,
414,
413,
414,
414,
414,411,413,415,
262,414,
414,411,413,415,
413,415,
415,
415,
161,162,415,
415,
416,
416,
416,
416,
416,
417,
417,
417,
414,417,415,
417,
420,416,418,421,
418,
416,418,
418,
418,
419,
419,
419,
419,
203,419,
420,
420,417,
420,
420,
420,
421,422,
421,422,
421,422,
424,421,422,425,
419,320,422,421,
422,
422,
422,
422,
320,422,
426,423,424,425,427,
423,
426,427,423,424,425,
423,
425,
424,
424,426,427,423,425,
424,423,425,
424,422,423,425,
424,
425,
425,
424,425,
425,
425,359,
426,
424,426,423,425,427,
424,426,427,425,
426,
426,
427,
427,
427,
427,
424,426,422,425,427,423,
430,
2,429,428,431,
424,426,427,
12,426,
428,427,
429,
429,
429,317,
429,317,
429,
430,
2,4,430,431,432,433,
2,429,427,428,430,431,432,433,
2,430,
2,429,428,431,
429,
429,
2,429,428,334,431,
431,
4,435,436,433,434,432,
1,2,3,4,431,432,433,434,
435,
4,435,432,433,434,436,
435,
435,432,433,434,436,
434,433,
499,432,433,434,
435,432,433,434,436,
4,435,365,432,433,434,436,
434,
435,431,432,433,434,436,
435,37,152,441,433,434,436,437,
434,433,
4,432,433,434,
435,
435,
435,
435,
435,
434,436,437,438,439,
437,438,439,
231,438,434,436,437,439,
435,432,433,434,436,
440,483,434,436,437,
438,436,437,439,
440,437,
437,438,439,
437,
437,
231,
231,
440,438,
137,231,438,
231,
437,
438,437,439,
439,
441,442,439,
439,
440,
440,
440,
440,
440,
441,
441,
441,
440,441,438,439,
441,
442,
442,
442,
442,
443,
443,
443,
443,
443,
444,
444,
444,
444,
444,
444,445,
444,
444,442,445,
441,442,444,445,
444,445,
446,448,
446,
449,
446,
446,
386,447,
447,153,
447,
447,
447,
449,446,448,450,
449,
449,
449,446,448,450,
449,
449,
29,449,
449,
449,
449,
454,
451,452,453,
451,
449,450,451,
457,454,455,
449,446,450,451,
453,454,
453,454,
453,
453,454,
414,24,451,452,453,
414,449,448,450,451,452,453,454,
456,453,454,455,
453,454,
451,452,453,454,
22,24,451,414,446,450,452,453,454,
453,454,
397,414,23,24,456,452,453,454,455,
456,453,454,455,
460,459,454,455,458,
456,
459,280,456,460,458,461,462,
397,459,456,280,460,454,455,458,
457,
457,
456,
17,456,22,453,454,455,458,459,
456,
459,
456,
17,456,22,280,
456,
457,
457,
459,460,457,458,
457,
457,
456,
460,
456,
459,458,
457,
396,397,459,
459,
459,
396,397,459,
463,460,459,461,462,
460,459,457,458,461,462,
460,
460,
460,457,459,458,
460,
460,459,458,461,462,
459,460,457,458,461,462,
460,458,459,461,462,
460,459,458,461,462,
461,462,
461,462,
461,462,
461,462,
461,462,
461,462,
463,
463,
463,
463,375,
463,
464,468,467,466,462,463,465,
464,465,
464,465,
464,
464,463,461,462,465,
465,
465,
465,
465,
464,465,
469,468,467,466,
466,
466,
466,
466,
468,469,467,470,471,
467,
467,
467,
468,467,469,470,
468,
468,
468,467,
468,
468,467,
469,470,
469,
469,
469,
469,470,
467,469,468,470,471,
470,
470,471,
467,469,466,470,
470,
471,
471,472,470,
471,473,
471,473,
471,
472,
472,
472,
470,471,472,473,475,229,
472,
473,
470,472,473,
473,
473,471,
473,469,472,470,471,
160,475,163,474,
474,
474,
474,
474,
121,
475,473,476,477,
473,475,472,
473,475,476,472,477,
475,
476,
476,477,
476,477,
220,476,222,219,221,
476,
477,
478,476,477,480,479,
476,477,
481,478,480,477,479,482,
476,477,
478,480,477,479,
478,
478,
478,
478,480,479,
480,479,
481,480,483,479,482,
478,480,477,479,
480,479,
220,481,480,483,479,482,
480,
480,
480,
480,
480,
480,
482,483,481,480,
483,
482,483,480,481,
481,
486,484,482,483,
486,485,482,484,
484,
486,481,480,483,482,
482,
483,365,
486,
486,484,483,
483,
483,
381,484,
484,
486,485,483,484,482,
484,
484,
485,
485,
484,
485,
485,
486,
486,
486,
486,
486,
486,485,484,487,
486,485,484,487,
486,485,487,
487,
486,120,483,484,487,
488,
488,487,490,
435,488,
488,487,490,
486,488,487,490,
489,
489,492,490,491,
489,
489,
489,
488,490,
490,
488,490,
490,
120,492,490,
491,
492,491,494,493,
435,488,490,491,
491,
488,
491,492,
492,
492,491,
120,492,
488,494,491,489,490,492,493,
491,492,493,
492,490,491,493,
494,491,490,492,493,
494,493,
492,491,493,
494,
494,
494,
494,
494,
497,494,496,495,
0,1,2,3,498,499,4,424,488,
494,
494,496,495,
494,
496,
497,
1,2,3,497,4,435,494,495,
497,494,495,
496,493,495,
497,494,71,332,
497,
497,
332,
497,
0,499,424,
0,498,499,
499,
0,
0,498,
0,499,
0,499,
0,497,498,499,
0,1,2,3,499,424,
499,
