68,
2,
68,
0,
68,
422,
0,
0,
0,
0,
2,
2,
2,
2,
424,
2,
5,
67,
67,
0,
2,
4,
4,
0,
4,
2,
0,
37,
0,
486,
14,
11,
11,
12,
11,
8,
176,
37,
61,
176,
11,
486,
11,
12,
486,
15,
12,
12,
11,
190,
11,
11,
486,
486,
11,
16,
80,
80,
14,
12,
12,
12,
426,
427,
14,
80,
80,
13,
146,
80,
146,
81,
16,
16,
146,
16,
14,
14,
14,
149,
16,
16,
149,
16,
458,
15,
14,
14,
16,
17,
16,18,
18,
15,
19,
19,
499,
499,201,
17,
21,
21,
21,
21,
20,
280,
21,
21,
252,
280,
20,
17,
21,
24,
20,
20,
21,
24,173,
24,
21,
24,
173,
20,
21,
24,
24,
21,
24,
24,
176,
26,
24,
20,
24,
24,
28,
369,
24,
24,
27,
29,
399,
28,
28,
24,
32,
26,
30,
36,
367,
32,
365,
30,
28,
30,
499,
365,
365,
29,
31,
242,
31,
242,
28,
241,
36,
31,
31,
365,
36,
36,
36,
36,
36,
36,
242,
151,
38,
32,
36,
36,
486,
36,
36,
249,
37,
36,
242,
37,
36,
242,
242,
242,
242,
49,
137,
39,
40,
41,
242,
36,
38,
242,
37,
49,
40,
39,
39,
38,
40,
41,
45,
44,
39,
42,
43,
40,41,
46,
38,
38,
19,
19,
44,
44,
19,
47,
47,
46,
46,
49,
46,
216,
49,
49,
49,
49,
48,
49,
196,
106,
48,
48,
194,
48,
49,
51,
49,
49,
49,
108,
108,
53,
49,
50,
51,
51,
51,
467,
49,
52,
52,
52,
52,
49,
213,
51,
213,
51,
49,
53,
467,
54,
166,
58,
54,
58,
108,
51,
61,
175,
56,
57,
58,
50,
60,
58,
52,
58,
58,166,
168,
108,
58,
59,
474,
60,
175,
175,
58,
166,
60,
283,
167,
60,
60,
58,
475,
60,
190,
61,
61,
61,
474,
60,61,
64,
61,
60,
61,
66,
61,
285,
64,
67,
66,
64,
67,
67,
249,
67,
69,
61,
104,
61,
34,
287,
69,
365,
285,
67,
64,
68,
67,
66,
70,
104,
70,287,
287,
104,
104,
70,
70,
70,
285,287,
332,
68,
104,
69,
332,
104,
278,
71,
104,
332,
74,
314,
75,
75,
73,
75,
73,
75,
69,
72,
278,
78,
73,
314,
75,
76,
73,
72,
76,
72,
332,
76,
80,
73,
75,
81,
75,
312,
78,
82,
158,
80,
80,
80,77,
315,
82,
318,
314,
320,
81,
81,
83,
81,
164,
326,
82,
80,
85,
85,
85,
86,
83,
83,
83,
83,
84,
83,
82,
86,
83,
75,
83,
75,
312,
83,
97,
86,
88,
72,
83,
93,
312,
310,
85,
83,
72,
85,
72,
89,
95,
89,
93,
97,
239,
72,
72,
73,
86,
93,
73,
86,
91,
347,
96,
89,
93,
97,
96,
72,
93,
95,
73,
278,
95,
95,
97,
95,
95,
414,
365,
97,
95,
312,
97,
414,
311,
414,
414,
95,
97,
414,
95,
365,
99,
339,
97,
97,
97,
97,
97,
336,
96,
99,
97,
104,
97,
100,
97,
97,
97,
97,
100,
97,
105,
101,
105,
103,
106,
104,
104,
106,
105,
107,
104,
104,
107,
107,
106,
105,
105,
107,
107,
106,
197,
106,
104,
106,
106,
107,
104,
104,
271,
107,
108,
178,
474,
108,
108,
473,
471,
197,
197,
106,
265,
110,
262,
110,
109,
469,
469,
101,
147,
261,
109,
469,
109,
471,
109,
447,
116,
268,
469,
110,
265,
265,
265,
113,
265,
445,
448,
447,
114,
116,
447,
447,
447,
116,
447,
265,
114,
116,
113,
116,
120,
117,
120,
113,
117,
487,
447,
152,
119,
116,
117,
116,
120,
492,
120,
123,
447,
123,
117,
120,
123,
124,
123,
118,121,
123,
123,
303,
123,
123,
123,
262,124,
124,
127,
118,121,
124,
401,
127,
401,
123,
401,
127,
121,
401,
127,
123,
401,
401,
401,
124,
401,
127,
127,
401,
401,
401,
127,
127,
401,
127,
127,
401,
401,
401,
401,
401,
127,
124,
124,
124,
124,
127,
123,
124,
124,
124,
127,
401,
401,
127,
487,
124,
124,
124,
124,
137,
124,
137,
124,
124,
120,
270,
272,
129,
136,
120,
137,
136,
134,
45,
45,
403,
127,
124,
401,
138,
124,
474,
136,
124,
474,
136,
134,
40,41,
138,140,
124,
468,
138,140,
401,
468,
466,
474,
474,
401,
466,
109,
178,
466,
474,
468,
138,140,
149,
136,
149,
151,
140,144,
81,
149,
147,
149,
446,
149,
242,
149,
149,
149,
150,
151,
149,
150,
151,
150,
149,
151,
150,
395,
242,
150,
150,
242,
151,
441,
37,
242,
36,
37,
36,
441,
151,
36,
441,
37,
441,
441,
441,
156,
156,
153,
156,
197,
153,
150,
156,
49,
156,
153,
245,
156,
153,
156,
49,
156,
156,
156,
196,
157,
156,
156,
153,
354,
153,
162,
155,
161,
153,
156,
156,
120,
108,
153,
165,
60,
160,
157,
160,
161,
443,
443,
443,
443,
165,
165,
161,
168,
161,
171,
165,
161,
161,
161,
466,
161,
161,
164,161,
161,
165,
467,
159,
165,
328,
166,
168,
166,
168,
164,
164,
466,
168,
161,
173,
171,
168,
19,
499,
171,
166,
171,
166,
0,
171,173,
166,
173,
168,
171,
19,
2,146,
171,
19,
19,
170,
171,
168,
173,
171,
173,
174,
168,
173,
168,
173,
174,
307,
173,
48,
474,
176,
174,
403,474,
178,181,
174,
176,
174,
176,
176,
177,
177,
360,
177,
177,
181,
177,
178,
177,
181,
307,
307,
307,
307,
307,
175,
175,
474,
179,176,
181,
474,181,
180,
175,
181,
179,176,
307,
307,
307,
176,179,
181,
307,176,
180,
180,
180,
180,
175,
181,
179,176,
182,184,
180,
185,
360,
177,
408,
178,
184,
190,
185,
185,
188,
190,
191,
360,
193,
189,
193,
189,191,
193,
193,
193,
190,
358,
361,
85,
190,
193,
88,
190,
80,
190,193,
253,
88,
193,
253,
253,
193,
193,
193,
88,
88,
87,
88,
193,
83,
91,
474,
193,
197,
88,
197,
193,
208,
193,
197,
193,
196,
208,
208,
93,
196,
202,
67,
197,
197,
197,
197,
197,
202,
197,
196,
67,
202,
197,
199,
151,59,
245,
202,
245,
245,
202,
202,
201,
201,
202,
202,
245,
245,
245,
426,
202,
206,
209,
206,
206,
209,
202,
201,
67,
202,
245,
78,
80,77,
69,
245,
67,
67,
210,
67,
209,
202,
207,
80,77,
69,
80,
96,
208,
209,
208,
209,
208,
210,
217,
210,
207,
209,
217,
210,
267,
217,
278,
267,
217,
217,
45,
263,
216,
209,
217,
212,
216,
216,
210,
216,
211,
210,
231,
216,
217,
216,
209,
216,
215,
209,
217,
216,
215,
45,
40,
209,
40,
217,
217,
219,
219,
216,
219,
219,
231,
219,
221,
217,
219,
230,
236,
219,
222,
220,
24,
227,
220,
224,
227,
223,
222,
231,
221,
231,
337,
219,
219,
337,
223,
224,
186,
228,
337,
337,
337,
227,
489,
337,
233,
337,
227,
337,
231,
224,
228,
230,
228,
227,
228,
227,
227,
227,
231,
230,
231,
231,
231,
231,
231,230,
231,
231,
231,
231,
230,
231,
231,
231,
231,
335,
231,
231,
233,
230,
230,
231,
230,
230,
335,
233,
232,
231,
335,
335,
236,
234,235,
235,
233,
236,
232,
237,
236,
236,
236,
239,
238,240,
236,
242,
239,
239,
242,
237,
236,
230,
238,
232,
239,
235,
239,
239,
239,
232,
241,
242,
232,
239,
244,
244,
241,
239,
239,
245,
245,175,
232,
241,
244,
241,
52,
244,
245,
244,
107,
107,
244,
244,
244,
59,
232,
54,
426,
426,
249,
249,
37,
244,
249,
247,
245,
245,
249,
249,
176,
249,
151,
146,
176,
16,
249,
16,
249,
16,
253,
146,
253,
253,
245,
253,
249,
249,
244,
249,
239,
249,
242,
355,
240,
312,
252,
253,
252,
252,
253,
254,
253,
255,
252,
253,
255,
252,
256,
254,
256,
254,
252,
252,
249,
252,
249,
249,
258,
259,
21,
258,252,
256,
21,
254,
259,
257,
256,259,
262,
259,
259,
259,
263,
210,
261,
265,
261,
258,
262,
127,
127,
127,
262,
217,
219,
217,
220,
264,
49,
265,
217,
49,
362,
263,
262,
264,
264,
127,
128,
269,
264,
264,
264,
51,
267,
263,264,
49,
127,
269,
127,
264,
272,
276,
124,
269,
269,
128,
127,
272,
51,
49,
51,
271,
335,
272,
107,
269,
270,
272,
269,
49,
269,
51,
271,
271,
272,
51,
467,
271,
271,
51,
272,
0,
467,
275,276,
275,276,
1,
194,
194,
276,
194,
276,
283,
283,
283,
283,
278,
4,
281,
305,
278,
279,
283,
281,
281,
283,
283,
278,
279,
280,
286,
281,
308,311,
283,
401,
285,
282,
284,
285,
282,
286,
285,
283,
285,
60,
285,
286,
283,
286,
352,
286,
283,
286,
286,
286,
288,
285,
286,
285,
285,
286,
289,
290,
289,
288,
149,
312,
289,
292,
149,
289,
286,
428,
289,
289,
287,
104,
292,
286,
287,
245,
288,
429,
288,
288,
428,
52,
428,
292,
428,
296,
290,
290,
312,
287,
296,
292,
295,
298,
288,
296,
298,
312,
295,
292,
169,
169,
164,
169,
164,
449,
298,
297,
401,
169,
449,
449,
449,
297,
449,
449,
449,
449,
295,
303,
239,
304,
304,
304,
304,
299,
304,
304,
304,
302,
410,
304,
302,
304,
303,
401,
303,
124,
123,
304,
399,
304,
372,
304,
304,
306,
304,
304,
304,306,
304,
308,311,
303,
304,
308,311,
306,
305,
306,
307,
306,
304,
305,
305,
314,
311,
304,
314,
410,
309,
312,
410,
413,
312,
311,
410,
448,
314,
112,
314,
446,
312,
312,
311,
312,
311,
315,
315,
227,
313,
335,
315,
317,
109,
314,
332,
335,
332,
176,179,
429,
70,73,
72,
104,
112,
72,
332,
317,
422,
289,
448,
449,
321,
317,
332,
449,
67,
316,
318,321,
316,
322,
47,
202,
47,
47,
47,
48,
450,
201,
52,
448,450,
46,
321,
321,
46,47,
47,
449,
450,
448,450,
450,
448,450,
448,450,
327,
491,
324,
491,
449,
471,
318,
321,
72,
93,
327,
326,
324,327,
326,
327,
326,
327,
393,
327,
328,
475,
60,
60,
328,
60,
474,
328,
329,
335,
335,
329,
329,
283,
329,
333,
329,332,
332,
335,
337,
332,
335,
60,
475,
333,
333,
176,179,
318,
429,
335,
334,
429,
429,
429,
335,
232,
334,
335,
335,
271,
336,
335,
337,
336,
165,
167,
337,
167,
164,
335,
337,
337,
336,
335,
336,
166,
336,
336,
499,
167,
167,
164,
167,
469,
336,
337,
337,
429,
340,
340,
167,
341,340,
339,
338,
167,
161,
339,
337,
340,
340,341,
336,
341,340,
340,341,
340,
349,346,
349,
360,
350,
350,
351,
350,
345,
350,
350,
350,
241,
367,
349,
350,
367,
352,
352,
349,
157,
350,
352,
349,
241,
364,
349,
364,
352,
239,
352,358,
241,
350,
351,
352,
177,
353,
355,
157,
241,
367,
350,
360,
353,
239,
229,
156,
358,
157,
410,
239,
355,
355,
239,
355,
355,
355,
357,
355,
85,
85,
239,
357,
239,
361,
360,
360,
360,
2,
357,358,
359,
359,
359,
359,
363,
365,
361,
364,
365,
2,
363,
2,
364,
365,
365,
499,
365,
365,
2,
364,
2,
4,
363,
366,
365,
364,
365,
367,
365,
365,
499,
499,
367,
414,
366,
364,
357,
4,
417,
367,
369,
417,
364,
367,
367,
367,
367,
367,
364,
367,
367,
364,
365,
270,
51,
367,
270,
364,
364,
367,
241,
238,239,
359,
370,
304,
372,
364,
372,
416,
367,
364,
370,
370,
373,
373,
373,
373,
373,
51,
373,
53,
417,
375,
375,
87,
378,
378,
380,
373,
24,
24,
24,
376,
24,
380,
377,
24,
24,
24,
380,
380,
380,
24,
380,87,
24,
377,
380,
380,
108,
383,
378,
382,
383,
383,
51,
383,
383,
383,
51,
108,
51,
51,
51,
271,
48,
383,
384,
108,
384,
238,
383,
237,
384,387,
106,
106,
108,
104,
178,
107,
384,
388,
384,
107,
322,
391,
384,
384,
389,
391,
384,
238,
389,
395,
391,
390,
428,
392,
393,
488,
488,
391,
488,
391,
393,
242,
390,
393,
391,
391,
391,
93,
393,
395,
278,
390,
395,
397,
397,
414,
397,
395,
119,
242,
397,
397,
458,
397,
414,
397,
414,
414,
414,
414,
401,
401,
401,
413,
401,
399,
396,
401,
414,
397,
168,
397,
299,
414,
414,
401,
399,
399,
401,
262,
409,
401,
167,
168,
400,
401,
403,
404,
401,
401,
409,
161,
409,
165,
404,
408,
408,
408,
403,
408,
401,
406,
407,
404,
409,
407,
410,
404,
407,
404,
408,
408,
408,
2,
408,
408,
302,
302,
302,
302,
410,
408,
239,
410,
410,
401,
401,
409,
166,
411,
410,412,
409,
413,
410,
410,
116,
116,
413,
447,
414,
410,
413,
265,
410,
413,
162,
413,
443,
165,
428,
389,
427,
390,
379,
166,
409,
167,
413,
409,
420,
413,
418,
418,
413,
419,
426,
320,
67,351,
204,
417,
413,
420,
334,
417,
422,
419,
422,
422,
320,
422,
422,
422,
320,
320,
426,
426,
425,
422,
357,358,
425,
425,
425,
422,
425,
359,
323,
425,
320,
359,
426,
425,
425,
426,
425,
425,
426,
426,
385,
425,
431,
424,
425,
12,
426,
429,
429,
429,
72,
429,
431,
2,
431,
431,
429,
429,
429,
429,
429,
435,
2,
435,
435,
408,
435,
435,
431,
435,
4,
435,
435,
438,
435,
435,
19,
435,
4,
488,
435,
436,
440,
438,
435,
37,
486,
37,
440,
436,
438,
136,
231,
37,
231,
233,
436,
438,
442,
442,
438,
440,
37,
37,
37,
38,
443,
438,
441,
441,
438,
179,176,
176,179,
179,
442,
443,
443,
443,
487,
443,
281,
283,
444,
446,
444,
446,
444,
442,
442,
444,
449,
449,
353,
414,
446,
386,
150,
108,
181,
49,
449,
449,
486,
449,
449,
29,
449,
28,
350,
353,
454,
451,
457,
417,
458,
29,
449,
449,
449,
451,
450,
449,
450,
450,
486,
449,
450,
21,
454,
367,
454,
280,
459,458,
458,
486,484,
20,
454,
280,
458,
29,
280,
20,
458,
458,
459,
458,
458,
456,
460,
24,
280,
459,
414,
414,
449,
414,
459,
459,
280,
458,
458,
280,
458,
280,
280,
459,
458,
463,
463,
463,
458,
463,
463,
427,
375,
413,
463,
469,
463,
463,
464,
463,
466,
463,
463,
471,
463,
262,
474,
474,
466,
474,
474,
474,
465,
474,
466,
471,
465,
474,
471,
465,
474,
469,
469,
262,
194,
472,
467,
472,
262,
471,
474,
474,
474,
474,
474,
473,
472,
472,
230,
140,
473,222,476,
474,
474,
474,
474,
165,
474,
474,
474,
474,
118,
473,
473,
157,
474,
221,
120,479,
475,
337,
479,
337,
478,
120,
120,
473,
482,
480,
480,
478,
220,479,
36,
217,
486,
479,
365,
220,
483,
483,
483,
486,337,
482,
483,
483,
483,
31,
483,
486,
486,
483,
269,
365,
36,
486,
483,
483,
217,
381,
484,
486,
484,
264,
269,
486,
269,
120,
486,
486,
31,
486,
217,
120,
263,
486,
486,
120,
486,
486,
488,
486,
486,
489,
490,
489,
227,
489,
487,
486,
486,
486,
486,
488,
491,
486,
491,
487,
491,
492,
492,
120,
491,
491,
487,
487,
487,
486,
335,
423,
335,
423,
422,
496,
2,
9,
491,
335,
71,
496,
335,
422,
496,
496,
332,
335,
335,
335,
422,
68,
2,
2,
0,
424,
2,
429,
424,
2,
