2,
497,494,
3,
2,
499,
2,
2,
273,
2,
499,
275,
275,
3,
2,
2,
432,
2,4,
7,
2,
2,
499,
4,
408,
2,
4,
5,
365,
7,
365,
5,
5,
7,
5,
10,
5,
7,
7,
7,
58,
7,
5,
10,
10,
9,
10,
248,
15,
10,
2,
9,
10,
10,
10,
10,
10,
249,
13,
15,
15,
10,
12,
10,
426,
10,
15,
15,
13,
15,
13,
16,
16,
15,
18,
249,
15,
18,
12,
15,
15,
16,18,
249,
16,
16,
249,
19,
18,
18,
19,
18,
18,
18,
19,
16,
19,
19,
18,
19,171,
171,
18,
380,
24,
24,
20,
18,
21,
18,
21,
280,
24,
24,
24,
22,
24,
26,
377,
26,
20,
26,
24,
26,
377,
24,
24,
26,
26,
26,
26,
24,
26,
26,
26,
24,26,
220,
29,
32,
27,
26,
27,
32,
26,
399,
18,
27,
29,
27,
32,
152,
29,
32,
27,
481,
32,
29,
481,
31,32,
32,
32,
33,
34,
32,
35,
32,
32,
33,
33,32,
33,
440,
33,
36,
34,
34,
35,
34,
34,
32,
35,
35,
37,
34,
36,
33,
37,
36,
440,
249,
36,
440,
37,
36,
37,
36,
38,
37,
39,
39,
39,
41,
137,
41,
38,
39,
38,
39,
137,
41,
38,
39,
36,
41,
41,
45,
39,
40,
45,
40,
44,
47,
40,
44,
42,
44,
44,
45,
322,
45,
322,
45,
45,
44,
44,
45,
45,
44,
44,
48,
51,
51,
51,
48,
48,
48,
51,
49,
267,
156,
270,116,
156,
50,
50,
50,
58,
50,56,
51,156,
51,
383,
383,
51,
243,
49,
49,
243,
51,
53,
51,
53,
51,
51,
57,
58,
58,
160,
162,
58,
58,
58,
56,
56,
56,
243,
243,
57,
58,
58,
58,
56,
58,
166,
58,
108,
58,
56,
59,
245,
61,
245,
58,
58,
69,
61,
61,
57,
58,59,
59,
63,
57,
190,59,
62,
62,
245,
58,57,
61,
69,
61,
63,
57,
69,
245,
67,69,
67,
66,
72,
69,
69,
67,
67,
5,
72,
199,
69,
71,
34,
202,
72,
34,
67,
67,
5,67,
65,
67,
69,
72,
67,69,
69,
67,
69,
70,
272,
70,
70,
70,
72,
316,
71,
72,
71,
316,
72,
316,
93,
72,
71,
93,
75,
93,
207,205,
71,
72,
75,
71,
72,
93,
84,
75,
312,
85,
76,78,
93,
71,
75,
71,
77,
207,205,
75,
75,
205,207,
82,87,
74,
312,
75,
82,
80,
13,
79,
76,
80,
81,
76,78,
80,
80,
148,
158,
84,
312,
82,
86,
80,
80,
85,
87,
312,
86,
86,
83,
129,
81,
489,
84,
84,
84,
88,
312,
85,
85,
85,
94,
85,
87,
88,
87,
88,
85,
88,
88,
84,
92,
90,
85,88,
193,
195,
207,205,
89,
92,
93,
89,
90,
90,
92,
193,
92,
88,
90,
93,
91,
90,
89,
93,
207,
93,
93,
93,
207,205,
312,
93,
98,
94,
93,
94,
94,
96,
97,
96,
92,
93,
96,
96,
312,
96,
96,
97,
362,
98,
365,
365,
98,
98,
101,
101,
101,
98,
101,
102,
92,96,
102,
101,
103,
96,
100,
93,
100,
102,
101,
102,
100,
258,
290,
105,
258,
106,
102,
102,
69,
103,
102,
69,
103,
290,
105,
106,
108,
106,
105,
105,
108,
106,
106,
103,
109,
108,106,
105,
105,
270,
271,
107,
58,
108,
58,
58,
58,
109,
111,
112,
106,
108,
111,
112,
109,
112,
112,
114,
112,
109,
413,414,
109,
111,
112,
112,
314,
112,
111,
114,
114,
109,
112,
114,
116,
112,
265,
414,
113,
114,
119,
117,
117,
116,
116,117,
16,
413,414,
112,
116,
114,
117,
414,
121,
114,
118,
118,
118,
118,
118,
116,
16,
249,
16,
121,
121,
492,
120,
120,
124,
124,
121,
118,
13,
303,
124,
124,
124,
121,
303,
124,
303,
122,
123,
124,
124,
134,
124,
213,
128,269,
124,
128,
125,122,
126,124,
134,
266,
129,
129,
124,
130,
128,269,
262,
262,
128,269,
126,
134,
262,
134,
266,
129,
129,
124,
127,
129,
130,
262,
130,
134,
138,
134,
134,
134,
130,
137,
137,
135,
39,
136,
135,
135,
126,
134,
135,
135,
135,
134,
135,
134,
134,
136,
136,
137,
135,
135,
138,
134,
134,
136,
135,
231,
137,
231,
137,
137,
138,
138,
134,
138,
138,
230,
466,
142,
142,
143,
137,
140,
140,
142,
134,
145,
143,
140,
466,
148,
142,
467,
142,
143,
145,
467,
51,
142,
139,
467,
150,
142,
141,
33,
145,
143,
149,
145,
149,
149,
149,
149,
16,
16,
149,
152,
149,
148,
149,
148,
148,
148,
148,
148,
18,
149,
151,
149,
149,
149,
148,
288,
148,
148,
33,
150,
158,
151,
149,
152,
152,
152,
152,
152,
155,
152,
152,
155,
152,
158,
156,
158,
158,
156,
157,
156,
157,
155,
155,
156,
156,
447,
156,
156,
157,
156,
352,
158,
157,
156,
158,
157,
158,
156,
156,
158,
160,
161,444,
158,
160,
475,
163,
158,
162,
443,
160,
158,
443,
443,
158,
404,
163,
166,
163,
161,
162,
162,
162,
415,
164,
164,
164,
164,
158,
162,
334,
160,
166,
166,
404,
162,
163,
296,
167,
166,163,
58,
296,
167,
167,
166,
168,
169,
168,
296,
169,
296,
169,
168,
443,
170,
174,
168,
24,
171,
171,
171,
171,
171,
405,
174,
174,
174,
174,
24,
176,
174,
176,
171,
174,
170,
174,
174,
352,
59,
178,
177,
174,
474,
174,
248,
248,
174,
296,
108,
352,
177,
178,
177,
178,
248,
178,
175,
180,
180,
179,
179,
180,
178,
180,
180,
466,
180,
69,
183,
183,
71,
183,
183,71,
179,
183,
180,
180,
71,
180,
71,
71,
71,
183,
183,
71,
184,
183,
182,
188,
184,
184,
183,
188,
186,
189,
223,
186,
223,
188,
188,
189,
190,
188,
12,
188,
188,
188,
189,
189,
189,
191,
189,
191,
62,
190,
190,
190,
12,
188,
192,
191,
191,
191,
196,
194,
195,
193,
193,
193,
193,
190,
195,
193,
51,
255,
196,
195,
198,
195,
195,
193,
198,
196,
383,
199,
196,
195,
48,
199,
196,
199,
106,
197,
198,
196,
199,
198,
196,
199,
199,
150,
150,
150,
200,
200,
200,
200,
200,
48,
201,
19,
199,
148,
202,
245,
202,
200,
199,
203,
419,
203,
203,
203,
204,
199,
204,
200,
206,
207,208,205,
207,205,
205,207,
203,206,
200,
203,
203,
206,
205,207,
203,
207,205,
205,207,
207,205,
205,207,
93,
197,
209,
197,
207,205,
212,
197,
207,205,
212,
209,
209,
211,
211,
212,
203,
207,205,208,
212,
263,
211,
211,
267,
212,
212,
207,205,
212,
263,
213,
124,
53,
212,
212,
219,
263,
216,
213,
263,
211,
219,
212,
213,
215,
216,
45,
216,
218,
216,
486,
483,
263,
263,
212,
218,
219,
218,
218,
218,
238,
219,
219,
238,
238,
26,
220,
220,
221,
480,
220,
224,
220,
220,
221,
222,
222,
220,
219,
220,
224,
223,
223,
223,
223,
224,
224,
224,
224,
224,
224,
227,313,
226,
313,227,
224,
313,
223,
229,
229,
230,
313,227,
227,313,
313,
313,
313,
226,
226,
233,
186,
231,
313,227,
230,
313,227,
438,
232,
313,
230,
230,
230,
233,
231,
226,
438,
229,
231,233,
232,
227,313,
230,
426,
231,
233,
233,
233,
230,
233,
249,
237,
231,
231,
231,
231,234,
232,
237,
242,
245,
237,
237,
237,
240,
237,
249,
237,
389,
238,
219,
219,
238,
243,
240,
243,
245,
410,
409,
243,
238,
242,
238,
242,
242,
243,
395,
240,
240,
38,
244,
245,
245,
395,
245,
355,
243,
350,
243,
243,
50,
243,
243,
242,
245,
245,
243,
202,
244,
249,
246,
249,
249,
245,
247,
252,
243,
248,
246,
248,
248,
248,
248,
248,247,
249,
248,
249,
249,
249,
251,
247,250,
356,
356,
247,
252,
249,
36,
257,
250,
252,
257,
247,
247,
252,
253,
249,
255,
255,
257,
356,
255,
191,
255,
255,
255,
255,
191,
256,
258,
18,
255,
256,
255,
249,
257,
486,
249,
258,
259,260,
21,
259,260,
258,
259,260,
259,260,
263,
258,
259,260,
263,
262,
263,
263,
486,
261,
263,
262,
486,
414,
262,
266,
469,
265,
263,
263,
263,
486,
263,
265,
49,
265,
263,
264,
265,
265,
265,
267,
265,
269,
266,
272,
267,
266,
266,
270,
265,
265,
265,
270,
273,
271,
265,
266,
266,
272,273,
269,
269,
273,
270,
267,
272,
265,
270,
384,
269,
273,
270,
269,
272,
272,
272,
272,
278,
275,
273,
273,
272,
273,
272,
273,
269,
273,
278,
275,
275,
275,
275,
275,
276,
51,
278,
270,
279,
280,
279,
282,
282,
444,
282,
280,
278,
277,
279,
277,
279,
444,
279,
282,
280,
21,
280,
21,
281,
444,
281,
405,
282,
282,
282,
283,
280,
283,
283,
60,
280,
283,
280,
279,
282,
279,
284,
282,
282,
283,
283,
283,
283,
282,
283,
282,
283,
162,
283,
290,
290,
287,
288,
288,
288,
288,
288,
429,
286,
285,283,291,
293,
291,
290,
293,
296,
290,
293,
70,
283,
292,
282,
285,283,
245,
245,
292,
296,
292,
295,
290,
290,
296,
293,
295,
295,
297,
296,
296,294,
417,297,
295,
296,
296,294,
305,295,
296,
296,
295,
296,
295,
299,
297,
297,
398,
94,
299,
449,
299,
299,
299,
299,
299,
299,
303,
303,306,
306,
302,
303,
303,
303,
299,
303,
299,
305,
300,
409,
409,
306,
409,
303,
305,
306,
303,
306,
305,
303,
307,
303,
305,
305,
305,
307,
305,
307,
306,
312,
307,
306,
309,
179,
307,
179,
307,
307,
179,
308,
4,
310,
179,
309,
311,
309,
309,
309,
310,
310,
312,
310,
310,
312,
313,
313,
313,
310,
312,
296,
312,
312,
312,
313,
313,
313,
313,
314,
314,
314,
314,
314,
335,
315,
315,
315,
315,
316,
319,
316,
314,
316,
317,
314,
2,
317,
315,
45,
318,
317,
318,
315,
319,
317,
322,
322,
322,
322,
322,
322,
322,
322,
322,
322,
422,
325,
320,
322,
319,
319,
45,
383,
323,
45,
326,
325,
326,
323,
497,494,
324,
324,
324,
325,
325,
326,
319,
325,
326,
326,
87,
87,
328,
329,
329,
329,
327,
329,
328,
329,
328,
328,
328,
329,
327,
329,
332,
330,
327,
330,
332,
330,
233,
332,
332,
332,
497,494,
338,
333,
332,
332,
332,329,
333,
333,
335,
333,
333,
335,
333,
334,
334,
166,
233,
332,
233,
233,
233,
384,
336,
339,
339,
339,
340,
224,
339,
337,
339,
336,
224,
224,
341,
365,
336,
337,
107,
343,
365,
296,
339,
344,
337,
339,
339,
344,
338,
339,
344,
365,
343,
343,
365,
343,
344,
168,
344,
339,
409,
347,
344,
344,
344,
344,
365,
347,
92,
350,
347,
347,
350,
341,
350,
347,
367,
350,
367,
350,
352,
367,
352,
350,
409,
352,
350,
352,
352,
350,
350,
350,
365,
350,
348,
352,
350,
348,
349,
350,
352,
350,
177,
352,177,
32,
350,
32,
353,
157,
157,
354,
156,
354,
237,
355,
355,
365,369,
408,
354,
356,
359,
356,
359,
356,
357,
356,
357,
357,
357,
360,361,
358,
189,
359,
361,
371,
371,
384,
425,
371,
361,
360,
360,
361,
361,
362,
361,
361,
360,
362,
265,
265,
362,
362,
363,
363,
360,
363,
365,
366,
365,
365,
363,
362,
365,
362,
362,
365,
365,
363,
270,
363,
368,
362,
368,
369,
363,
365,
97,
371,
367,
366,
368,
368,
369,
371,
369,
369,
369,
370,
370,
369,
265,
369,
371,
371,
368,
371,
371,
304,
304,
374,
372,373,
303,
371,
371,
371,
374,
372,373,
377,
377,
377,
375,
375,
372,373,
375,
375,
375,
51,
383,386,
463,
379,
375,
376,
377,
377,
379,
374,
377,
377,
380,
377,
381,
377,
379,
295,
376,
377,
379,
371,
380,
381,
380,
379,
381,
379,
381,
381,
485,
383,
383,
383,
386,
383,
383,
381,
383,
383,
386,
359,
359,
384,
384,
386,
386,
245,
383,
385,
385,
108,
386,
383,
447,
383,
386,388,
447,
388,
386,
386,
386,
391,
388,
388,
391,
389,
383,
389,
389,
392,
393,
397,
416,
391,
391,
391,
391,
391,
391,
392,
393,
395,
390,
393,
391,
393,
393,
392,
327,
393,
394,
394,
393,
394,
400,
397,
394,
392,
394,
394,
394,
399,
396,
394,
400,
400,
397,
397,
397,
396,
398,
400,
417,
94,
94,
28,
28,
402,
399,
399,
399,
399,
400,
417,
417,
398,
127,
127,417,
94,
417,
402,
399,
402,
400,
402,
403,
138,
262,
403,
403,
403,
402,
174,
403,
403,
408,
405,
403,
403,
403,
405,
407,
405,
407,
127,
283,
408,
407,
407,
403,
174,
48,
435,432,
408,
408,
408,
408,
405,
409,
408,
309,
309,
410,
410,
408,
414,
310,
417,
404,
411,
417,
410,
415,
415,
412,
414,
414,
310,
414,
310,
417,
414,
414,
414,
414,
414,
417,
161,
417,
416,
416,
375,
416,
416,
417,
417,
97,
417,
417,
416,
418,
416,
419,
418,
422,
419,
418,
421,
419,
420,
419,
420,
420,
420,
421,
421,
424,
2,
422,
422,
421,
422,
422,
422,
426,
423,
425,
424,
425,
424,
426,
424,
426,
2,
359,
425,
425,
424,
425,
423,
426,
424,
245,
426,
416,
427,
416,
427,
424,
361,
429,
427,
426,
426,
429,
429,
315,
317,
429,
425,
437,
429,
427,
431,
429,
429,
431,
431,
435,432,
433,
363,
435,432,
408,
435,432,
433,
433,
435,432,
435,432,
432,
433,
437,
433,
433,
363,
363,
363,
408,
363,
434,
437,
433,
433,
437,
437,
437,
440,
433,
437,
438,
437,
437,
438,
237,
437,
440,
444,
444,
444,
440,
439,
439,
440,
440,
440,
441,
441,
445,
443,
180,
442,
179,
442,
444,
161,
444,
443,
443,
444,
444,
445,
444,
281,
445,
446,
442,
445,
446,
449,446,
414,
449,
446,
446,
447,
447,
447,
447,
386,
449,
444,
449,
449,
449,
299,
449,
449,
32,
449,
24,
453,
365,
446,
381,
449,
29,
24,
445,
457,
449,
453,
396,
453,
453,
22,
451,453,
449,
24,
457,
22,
457,
458,
457,
457,
381,
455,
461,
459,
461,
24,
24,
457,
457,
457,
457,
457,
24,
460,
461,
460,
394,
459,
461,
396,459,
396,
465,
459,
457,
457,
457,
459,
459,
460,
460,
457,
461,
465,
462,
461,
462,
462,
463,
463,
463,
464,
426,
142,
142,
466,
258,
464,
51,
466,
466,
467,
465,
470,
164,
466,
180,
466,
470,
466,
467,
51,
466,469,
470,
466,
470,
466,
466,
51,
467,
466,
142,
467,51,
470,
470,
470,
51,
470,
469,
466,
469,
470,
470,
472,
109,
472,
472,
470,
473,
470,
470,
470,
472,
175,
474,
175,
475,
473,
475,
475,
470,
475,
175,
477,
477,
476,
480,
476,
476,477,
478,
476,
477,
476,
478,
204,
204,
204,
203,
476,
476,
476,
479,
481,
479,
483,
476,
483,
476,
480,
481,
483,
479,
481,
485,
485,
481,
483,
481,
483,
35,36,
483,
483,
483,
381,
485,
482,
482,
481,
487,
486,
481,
487,
487,
486,
486,
487,
486,
481,
487,
486,
443,
487,
490,
488,
488,
435,432,
488,
489,
84,
489,
489,
489,
489,
490,
490,
493,
490,
490,
324,
324,
494,
494,
494,
489,
492,
490,
492,
324,
494,
488,
494,
0,
494,
494,
494,
494,
494,
494,
497,494,
1,
499,
324,
494,
68,
494,
365,
494,
497,494,
497,494,
497,494,
497,494,
497,494,
494,
2,
1,
19,
499,
1,
499,
499,
365,
0,
499,
