1
1
42
1
1
43
1
1
42
1
5
42
22
1
42
1
42
36
1
42
5
4
6
14
36
5
6
36
6
14
18
14
14
14
5
14
5
14
5
36
1
12
15
11
36
1
1
12
12
1
36
5
36
12
12
5
1
12
1
36
4
36
42
18
36
36
22
18
36
12
22
36
36
36
4
36
42
36
22
12
22
36
4
18
18
36
12
24
24
12
12
12
12
3
12
22
12
3
36
30
57
24
57
57
62
4
57
60
3
57
30
30
57
62
24
30
24
57
57
34
34
29
63
34
34
34
34
34
29
64
63
34
30
56
34
57
34
34
36
18
22
22
43
12
22
36
22
5
40
18
3
43
43
3
22
36
3
43
23
23
27
30
33
9
4
11
23
11
9
11
11
9
11
11
33
11
11
23
28
6
28
7
40
23
40
30
49
30
31
40
23
28
28
33
28
40
33
7
9
11
11
11
11
11
11
11
11
11
11
11
11
11
11
11
11
9
11
41
33
11
9
11
23
66
33
33
30
33
33
11
23
30
31
11
30
39
33
66
25
4
11
4
4
25
25
38
14
4
25
4
4
14
11
28
14
30
11
14
25
25
11
10
25
53
11
34
25
28
25
53
25
53
25
41
41
10
11
41
53
12
41
14
4
23
11
4
11
23
11
4
23
23
25
14
14
5
14
49
14
14
14
49
49
14
13
14
14
22
14
49
13
49
5
14
5
5
14
8
8
4
11
5
5
6
5
5
5
14
5
5
13
13
14
5
14
14
14
14
50
22
14
14
18
5
14
14
14
14
5
36
5
24
3
36
11
11
5
3
11
12
36
5
11
3
14
11
50
11
50
4
12
11
18
36
6
6
49
3
14
3
14
6
6
28
6
6
22
14
5
14
14
14
14
14
50
14
14
14
14
14
14
14
22
14
14
50
13
14
14
14
14
8
5
14
14
14
12
14
8
5
12
12
4
36
47
12
19
19
22
3
19
3
4
4
19
36
12
4
4
22
4
23
3
22
4
4
4
4
4
36
12
4
12
11
3
22
4
36
36
43
22
18
4
29
22
18
4
36
36
4
4
42
36
42
4
22
36
22
63
39
65
66
66
64
66
64
65
66
66
66
65
39
64
63
66
39
64
26
23
14
4
14
14
4
26
4
3
25
4
23
4
14
4
4
28
10
11
16
16
28
16
53
28
28
25
10
11
10
10
10
28
10
14
38
28
3
36
10
6
28
28
25
10
36
28
25
10
6
6
13
40
56
6
56
13
38
6
31
66
38
39
56
13
56
13
56
13
40
38
34
66
34
34
34
53
66
34
56
40
66
66
34
34
37
41
66
66
66
66
64
63
30
57
40
63
25
40
64
63
34
57
43
57
34
63
40
34
25
25
11
38
10
11
41
11
11
11
11
53
11
11
28
53
11
11
11
65
41
9
65
63
65
53
40
66
65
65
65
65
65
66
40
66
53
65
65
53
38
51
29
51
53
38
51
53
51
38
51
38
38
51
53
53
51
51
51
53
10
26
38
45
32
38
33
37
14
23
53
29
53
45
32
25
38
45
45
50
22
30
50
36
22
19
22
22
22
22
50
19
36
22
36
19
36
22
22
13
13
31
13
31
13
37
38
13
13
38
40
13
13
13
40
13
13
31
13
14
38
51
10
14
14
9
58
13
14
14
14
14
14
53
14
45
14
32
10
66
65
65
65
65
65
66
65
65
66
65
65
65
65
65
65
65
65
65
65
64
64
65
63
64
64
66
64
64
64
64
64
64
64
64
64
64
64
39
64
66
53
53
40
66
53
53
66
53
53
53
40
65
66
40
53
53
53
53
53
64
64
64
64
64
64
64
64
64
64
64
64
64
64
64
64
64
64
64
64
64
64
39
64
64
40
39
39
64
64
64
64
64
39
40
64
40
39
64
64
47
47
47
45
22
10
55
36
47
47
45
45
55
51
47
45
54
55
55
54
58
53
59
59
34
31
40
29
53
31
58
53
53
34
53
14
30
34
43
53
44
47
50
50
47
45
47
47
44
50
50
3
33
45
24
33
47
44
44
44
19
19
19
19
19
19
16
49
19
19
27
36
50
19
19
53
53
14
29
14
53
40
59
52
53
58
34
34
53
16
28
36
16
28
16
28
16
16
16
36
11
28
16
36
28
11
36
16
10
16
19
55
27
36
50
47
36
49
24
28
50
49
63
49
61
27
36
19
49
31
23
31
13
40
29
40
31
31
14
31
31
31
40
34
29
40
34
34
34
40
34
34
34
34
34
40
37
34
34
31
34
43
34
40
40
51
31
51
40
39
39
51
40
39
31
30
31
51
39
31
40
31
61
4
47
61
61
61
4
19
61
30
61
19
42
4
61
61
47
19
61
19
19
19
47
19
19
19
19
19
19
19
19
19
19
19
19
19
61
19
61
19
56
40
56
56
40
56
56
56
56
56
56
56
56
56
56
56
56
56
56
56
40
40
34
40
34
40
56
56
40
63
56
25
31
40
40
40
40
40
34
56
40
63
64
57
30
30
57
40
30
57
57
43
42
22
43
4
63
63
56
57
56
57
56
56
29
56
63
56
56
29
56
4
29
4
57
4
57
57
30
30
30
60
30
30
60
30
57
62
57
30
57
30
57
30
30
57
40
40
40
40
39
66
39
40
53
40
40
53
40
63
40
40
53
40
40
53
25
39
64
64
64
64
64
42
64
64
64
42
39
64
64
40
64
40
64
64
42
64
66
66
66
65
66
25
64
66
64
66
65
66
65
64
64
65
65
64
64
63
64
64
64
64
64
64
64
64
64
64
64
64
64
64
64
40
39
64
64
65
65
65
63
65
65
64
65
53
65
65
34
65
66
53
65
65
65
53
65
65
53
65
53
65
64
65
53
53
65
65
65
64
34
65
65
64
39
65
