6
58
59
30
25
43
6
59
18
30
6
59
40
30
43
59
22
2
30
59
14
1
14
6
58
17
17
16
17
17
14
14
14
50
14
14
1
17
22
23
23
12
15
14
0
12
23
6
12
12
0
12
5
12
15
12
23
15
5
42
42
42
42
42
42
50
22
42
42
22
22
52
52
42
4
52
15
42
22
52
52
50
15
52
52
52
52
52
52
52
52
25
52
22
50
52
52
5
50
6
57
31
6
6
62
4
6
58
3
57
58
30
6
6
24
30
58
57
6
34
42
5
63
58
43
6
43
58
5
64
6
58
60
58
58
60
58
29
52
25
58
25
63
52
6
6
15
5
40
25
36
15
63
5
25
52
22
63
23
7
14
14
7
14
13
14
14
28
14
14
14
14
14
28
14
14
28
7
12
23
12
7
14
23
7
12
14
12
7
12
19
12
12
7
12
19
14
7
12
12
12
28
11
12
12
28
28
12
12
11
11
39
28
28
43
11
66
12
14
12
11
14
23
23
14
32
14
14
14
28
14
30
19
12
14
39
34
12
14
4
10
31
23
13
30
38
9
14
51
51
13
10
13
29
10
28
14
35
19
28
28
28
19
19
19
53
19
36
28
28
28
53
19
28
28
28
16
28
43
12
12
51
33
13
28
25
13
23
14
10
23
7
12
9
17
22
24
49
17
17
17
17
8
27
13
52
19
17
17
17
8
17
13
17
17
8
17
8
8
14
11
17
13
14
8
8
8
0
5
14
13
13
50
22
22
17
24
22
50
17
17
22
0
20
22
17
6
50
22
17
18
17
36
25
14
14
15
15
14
6
14
15
14
15
35
14
9
20
9
50
19
14
17
36
14
24
49
17
17
17
32
4
22
28
28
24
17
22
17
22
50
22
14
22
50
17
22
17
22
17
17
17
17
22
22
50
13
17
17
14
16
8
20
17
17
17
12
0
8
17
52
50
52
47
47
47
47
22
52
22
25
52
22
18
18
47
52
22
12
15
22
24
22
15
22
12
12
15
15
25
52
12
12
14
22
6
22
24
42
40
22
29
4
29
22
18
4
4
30
6
4
45
40
22
4
22
43
22
64
61
33
33
66
64
42
64
33
33
62
65
42
42
64
40
65
61
64
10
14
7
51
7
35
10
14
51
14
10
14
14
13
10
14
48
19
19
19
16
16
19
16
36
19
19
66
19
11
19
19
19
19
19
17
49
16
17
36
19
34
19
36
16
36
36
16
16
19
16
34
38
41
56
6
38
33
64
6
66
66
38
38
56
43
66
66
56
38
66
38
5
66
34
31
6
53
53
6
6
40
66
66
6
31
58
41
66
66
66
66
6
63
6
64
6
64
64
6
30
63
64
57
57
66
64
6
64
58
29
64
28
19
19
11
43
19
11
28
66
53
28
11
43
53
11
28
28
28
28
12
33
33
33
53
33
33
42
33
33
33
33
40
64
33
53
33
33
53
38
51
53
51
53
38
51
53
51
51
51
38
38
51
53
53
51
51
51
42
48
51
28
51
51
51
35
51
51
51
51
29
51
51
51
51
34
45
51
50
22
30
50
30
52
19
22
22
50
22
50
47
25
22
30
22
52
22
22
33
33
42
42
33
41
41
38
42
41
32
33
41
33
41
38
33
38
33
33
13
51
52
10
52
51
48
58
52
11
11
52
52
51
13
52
11
52
51
52
33
64
64
33
64
42
65
64
33
42
64
33
33
33
43
33
33
33
42
33
40
64
33
40
40
64
66
64
64
64
40
40
64
40
40
64
40
64
61
64
42
53
53
33
33
53
53
33
53
53
53
33
33
33
33
53
53
53
53
53
64
64
64
64
40
64
64
40
64
64
64
64
40
40
64
40
64
64
64
64
64
64
64
64
64
61
61
61
64
64
64
64
64
42
33
64
33
64
64
66
28
45
28
48
38
51
25
36
45
54
22
54
22
51
51
54
38
48
51
51
45
51
51
51
45
48
48
52
51
51
58
45
51
48
51
52
26
51
45
51
33
54
33
33
22
45
45
16
33
33
13
54
33
45
22
33
39
33
33
36
22
19
22
19
19
25
40
49
22
19
27
25
22
47
34
52
53
14
52
52
51
45
51
45
45
45
51
48
51
16
36
36
16
36
16
19
16
16
36
36
11
19
36
36
19
17
36
16
16
16
47
13
27
22
25
22
22
40
18
49
22
27
27
49
22
27
61
34
49
51
38
51
48
48
11
48
51
51
14
48
45
48
45
58
58
60
60
5
58
40
43
42
6
3
58
40
58
5
58
5
5
6
42
51
51
51
51
45
48
45
48
26
45
45
51
48
48
35
51
11
51
51
47
34
47
50
61
50
4
22
47
47
47
19
42
40
47
47
47
22
31
22
19
22
22
47
22
22
22
22
47
22
19
22
19
33
19
29
42
47
50
47
66
6
66
33
40
56
56
56
56
56
56
56
6
56
56
56
56
42
56
66
6
40
6
40
5
40
6
6
40
63
58
25
6
40
6
31
40
6
6
24
6
6
6
57
59
64
58
6
30
57
58
31
42
22
6
4
6
3
4
5
56
57
56
56
6
3
63
4
56
29
64
4
42
4
57
4
57
24
30
30
30
61
30
30
58
30
57
30
57
30
57
61
57
30
30
57
30
62
33
42
34
66
64
42
53
33
33
53
64
33
33
33
53
33
33
53
39
61
64
40
64
64
64
42
64
64
64
42
61
40
64
61
40
33
64
40
33
64
65
65
66
42
66
42
64
33
66
65
65
65
33
64
65
33
64
65
64
64
40
40
64
64
64
40
40
64
40
40
64
40
64
64
40
61
61
40
40
42
64
65
34
64
33
65
64
53
42
42
64
64
33
53
64
64
33
53
64
42
53
42
53
42
64
33
53
53
42
62
65
65
64
42
65
65
64
42
