2
18
42
42
42
43
2
16
18
1
5
42
40
16
42
16
22
2
42
42
14
3
15
14
1
14
14
1
17
14
14
14
14
14
14
14
1
14
22
5
1
12
15
11
0
12
1
12
12
12
0
12
5
12
15
12
1
12
1
4
4
42
42
18
42
50
42
18
42
12
22
25
18
42
4
4
42
4
22
12
22
50
58
50
24
52
12
24
25
12
12
12
12
5
50
25
12
5
12
30
57
31
57
57
62
4
57
58
3
57
30
30
57
62
24
30
24
57
57
34
42
29
63
34
43
34
43
34
5
64
63
34
57
56
34
57
34
34
52
25
22
22
43
52
22
5
22
5
40
25
36
43
40
5
22
52
22
40
23
7
7
30
33
14
13
32
7
11
14
7
14
14
13
33
32
14
28
7
31
23
27
7
40
23
40
30
49
30
7
40
19
28
10
7
27
40
7
7
9
53
11
11
11
11
11
11
11
39
11
11
11
39
11
11
53
9
53
39
7
11
9
7
23
23
14
32
30
32
14
39
14
30
19
11
30
39
34
66
14
4
14
27
14
25
30
38
7
14
38
24
13
14
13
28
14
30
11
11
19
25
11
28
53
53
11
53
19
36
53
53
66
53
19
25
53
28
16
25
43
12
25
51
30
7
28
25
7
23
7
14
23
7
53
7
14
22
14
49
14
14
14
3
8
27
13
14
14
22
14
49
8
49
13
17
12
8
14
8
8
14
11
14
13
14
8
8
8
14
5
14
13
13
50
14
22
14
14
22
50
22
14
14
0
20
22
14
14
50
22
14
5
24
36
25
11
11
5
15
11
5
36
5
11
15
11
11
14
11
14
12
22
11
17
36
6
6
49
3
14
17
32
4
22
28
6
6
22
14
14
14
50
22
14
14
50
14
14
14
14
14
14
14
22
14
14
50
13
14
14
14
14
8
14
14
14
14
12
14
8
5
12
12
52
36
47
47
47
24
22
12
4
52
22
24
18
47
12
22
12
22
12
24
22
22
12
12
12
12
22
25
12
12
12
11
12
22
12
12
18
40
22
18
4
29
22
18
4
4
18
4
4
45
40
42
4
22
43
22
25
39
65
66
66
25
65
25
65
65
65
65
65
25
65
25
65
39
25
14
14
7
51
7
7
14
14
4
28
14
14
14
13
23
14
48
34
10
11
16
16
10
16
16
34
34
53
10
11
10
10
10
10
10
3
38
16
3
36
10
6
34
36
16
36
36
16
16
10
6
22
38
41
56
6
38
38
38
66
66
66
38
38
56
38
56
38
56
38
66
38
40
66
34
34
34
53
66
34
56
40
66
66
34
34
34
41
66
66
66
66
25
63
6
57
40
64
29
40
25
63
64
57
57
66
64
63
64
58
25
64
11
38
10
11
41
11
11
11
11
53
11
11
43
53
11
11
11
27
41
53
65
66
65
53
64
66
65
65
65
65
65
66
64
65
53
65
65
53
38
51
53
51
53
38
51
53
65
38
51
38
38
51
53
53
51
51
51
53
10
26
38
45
53
11
33
37
11
23
53
29
53
45
32
51
38
45
45
50
22
30
50
18
30
19
22
22
22
22
50
19
4
22
4
19
30
22
22
13
13
42
13
40
13
13
38
13
13
38
38
13
13
13
38
13
13
38
13
13
38
52
10
13
53
48
58
13
11
11
11
14
8
11
13
11
14
32
9
65
65
64
65
65
65
65
65
65
65
65
65
65
65
65
65
65
65
65
65
64
25
65
25
64
25
66
25
25
25
64
64
25
64
64
25
64
25
25
25
65
53
53
40
66
53
53
66
53
53
53
40
65
66
40
53
53
53
53
53
25
25
25
25
64
25
25
64
25
25
25
25
64
25
25
64
25
25
25
25
25
25
34
25
25
25
39
39
25
25
25
25
25
34
34
25
33
34
25
66
45
45
45
45
22
51
25
55
45
54
45
45
22
51
51
45
54
55
51
51
51
51
53
52
51
31
40
29
52
53
58
51
53
35
53
13
12
51
51
53
33
45
33
33
45
45
45
16
33
33
50
3
33
45
55
33
39
33
33
36
19
19
19
19
19
36
16
49
19
19
27
25
50
19
19
53
52
14
29
14
53
45
52
52
51
58
51
48
51
16
36
36
16
36
16
10
16
16
16
36
11
34
16
36
34
17
36
16
16
16
47
47
27
49
28
47
50
49
55
49
28
49
63
49
61
27
61
16
49
35
38
51
13
48
11
48
42
39
14
48
45
48
33
34
24
40
34
34
34
40
43
42
34
3
34
40
34
34
34
5
34
30
42
35
51
35
51
42
48
45
35
38
45
45
35
30
48
57
51
11
35
35
61
4
47
61
61
61
4
22
61
47
47
19
42
4
47
47
47
19
61
19
19
22
47
47
22
47
47
19
47
19
19
19
19
33
19
19
61
47
50
47
66
40
56
56
40
56
56
56
56
56
56
56
56
56
56
56
56
56
56
56
40
40
56
40
56
40
56
56
40
63
56
25
6
40
40
40
40
40
56
56
6
63
64
57
30
30
57
6
30
57
57
31
42
22
64
4
6
63
56
57
56
57
56
56
29
56
63
56
56
29
56
4
29
4
57
4
57
57
30
30
30
60
30
30
58
30
57
62
57
30
57
61
57
30
30
57
40
40
34
40
34
66
64
25
53
34
61
53
64
63
33
33
53
40
33
53
39
39
25
64
25
25
25
25
25
25
25
25
39
64
25
25
64
33
25
64
25
65
65
65
66
65
66
66
65
66
25
65
65
65
65
65
25
65
65
25
65
25
64
64
25
25
25
64
64
25
64
64
25
64
25
25
64
25
39
64
64
65
64
65
34
64
65
65
40
53
42
42
64
62
65
53
65
64
65
53
64
65
53
65
53
65
65
65
53
53
65
62
65
64
64
65
65
65
64
65
