0 1 0.08
0 2 0.59
0 3 0.06
0 4 0.52
0 5 0.17
0 6 0.43
0 7 0.85
0 8 0.3
0 16 0.77
0 42 0.37
0 95 0.8
0 104 0.18
0 105 0.45
0 122 0.31
0 127 0.84
1 3 0.41
1 4 0.87
1 5 0.37
1 6 0.19
1 7 1.0
1 8 0.55
1 9 0.3
1 10 0.88
1 12 0.7
1 13 0.05
1 18 0.19
1 26 0.79
1 28 0.72
1 42 0.69
1 43 0.4
1 44 0.32
1 45 0.68
1 46 0.58
1 47 0.75
1 48 0.93
1 49 0.43
1 50 0.89
1 51 0.5
1 52 0.26
1 53 0.71
1 112 0.6
1 178 0.9
1 190 0.67
1 199 0.23
2 3 0.99
2 4 0.91
2 5 0.97
2 6 0.55
2 7 0.28
2 8 0.38
2 9 0.31
2 12 0.2
2 13 0.42
2 16 0.58
2 21 0.85
2 26 0.81
2 42 0.07
2 43 0.18
2 44 0.4
2 56 0.01
2 58 0.58
2 59 0.67
2 62 0.39
2 96 0.17
2 104 0.36
2 105 0.44
2 112 0.74
2 126 0.66
2 127 0.76
2 128 0.62
3 4 0.76
3 9 0.96
3 10 0.61
3 28 0.15
3 42 0.99
3 43 0.63
3 44 0.81
3 47 0.23
3 55 0.08
3 104 0.7
3 107 0.62
3 131 0.54
3 132 0.36
4 9 0.83
4 11 0.88
4 12 0.91
4 13 0.84
4 28 0.93
4 42 0.31
4 43 0.4
4 48 0.9
4 50 0.31
4 96 0.19
4 97 0.6
4 104 0.08
4 108 0.55
4 156 0.11
5 8 0.02
5 48 0.2
5 70 0.85
5 97 0.13
5 104 0.61
5 112 0.74
5 116 0.52
5 190 0.69
5 196 0.66
6 7 0.84
6 13 0.84
6 21 0.13
6 26 0.79
6 58 0.73
6 105 0.35
6 106 0.24
6 112 0.64
6 122 0.93
6 123 0.57
6 127 0.23
6 139 0.97
7 13 0.2
7 16 0.21
7 26 0.18
7 27 0.74
7 30 0.56
7 34 0.27
7 38 0.24
7 41 0.16
7 42 0.35
7 63 0.35
7 106 0.9
7 112 0.68
7 123 0.98
8 48 0.78
8 104 0.52
8 112 0.06
8 116 0.61
8 122 0.22
8 190 0.24
8 196 0.36
9 10 0.23
9 11 0.49
9 12 0.7
9 13 0.7
9 14 0.86
9 15 0.15
9 16 0.37
9 17 0.19
9 18 0.25
9 19 0.11
9 20 0.13
9 21 0.28
9 22 0.32
9 23 0.23
9 51 0.21
9 107 0.92
9 159 0.59
10 15 0.02
10 22 0.25
10 51 0.14
10 68 0.3
10 86 0.68
10 87 0.22
10 88 0.02
10 104 0.25
10 107 0.19
11 12 0.12
11 22 0.78
11 86 0.58
11 107 0.87
11 108 0.53
11 109 0.87
11 110 0.77
11 111 0.19
11 129 0.29
11 134 0.86
11 198 0.28
12 21 0.98
12 22 0.21
12 23 0.81
12 24 0.25
12 25 0.96
12 35 0.65
12 42 0.84
12 43 0.15
12 44 0.69
12 51 0.19
12 52 0.35
12 99 0.83
12 107 0.43
12 119 0.69
12 127 0.91
12 129 0.24
12 130 0.2
12 212 0.65
13 21 0.6
13 26 0.02
13 35 0.6
13 42 0.12
13 43 0.52
13 58 0.88
13 59 0.89
13 62 0.51
13 104 0.65
13 105 0.71
13 112 0.24
13 125 0.59
13 129 0.89
13 135 0.19
13 139 0.81
14 17 0.77
14 22 0.0
14 67 0.22
14 86 0.12
14 141 0.43
14 149 0.64
14 159 0.86
14 216 0.97
15 20 0.16
15 23 0.88
15 31 0.36
15 68 0.6
15 69 0.55
15 88 0.51
15 99 0.7
15 100 0.05
15 101 0.55
15 103 0.52
15 119 0.87
15 132 0.85
16 17 0.37
16 19 0.67
16 23 0.1
16 24 0.97
16 30 0.74
16 34 0.29
16 43 0.67
16 49 0.9
16 50 0.21
16 53 0.41
16 58 0.48
16 104 0.6
16 106 0.59
16 123 0.18
16 126 0.81
16 130 0.53
16 146 0.27
16 147 0.01
16 159 0.59
16 178 0.05
16 188 0.24
16 197 0.83
16 200 0.1
16 201 0.73
17 18 0.78
17 19 0.29
17 44 0.94
17 67 0.78
17 96 0.26
17 101 0.77
17 159 0.61
17 193 0.82
18 20 0.25
18 31 0.72
18 39 0.33
18 44 0.2
18 47 0.84
18 49 0.56
18 69 0.56
18 71 0.61
18 72 0.76
18 112 0.57
18 117 0.24
18 119 0.6
18 123 0.9
18 126 0.79
18 132 0.92
18 139 0.0
18 159 0.31
18 162 0.5
18 178 0.53
18 198 0.71
18 200 0.38
18 203 0.94
19 24 0.17
19 26 0.28
19 29 0.11
19 68 0.74
19 72 0.76
19 98 0.38
19 114 0.69
19 126 0.03
19 159 0.54
19 162 0.49
19 178 0.67
20 35 0.38
20 45 0.62
20 49 0.91
20 50 0.57
20 52 0.1
20 69 0.02
20 86 0.8
20 87 0.65
20 88 0.66
21 26 0.89
21 44 0.54
21 52 0.7
21 56 0.64
21 57 0.91
21 58 0.18
21 59 0.29
21 105 0.17
21 112 0.37
21 122 0.6
22 86 0.47
22 107 0.68
22 108 0.03
22 109 0.13
22 110 0.95
22 111 0.71
22 128 0.8
22 129 0.89
22 132 0.93
22 136 0.42
22 205 0.58
23 44 0.03
23 51 0.29
23 54 0.88
23 69 0.28
23 72 0.33
23 91 0.72
23 99 0.19
23 107 0.19
23 110 0.79
23 114 0.77
23 126 0.58
23 140 0.17
23 147 0.87
23 148 0.41
23 162 0.71
23 178 0.02
23 186 0.43
23 188 0.95
23 198 0.78
23 200 0.92
24 25 0.86
24 26 0.67
24 27 0.27
24 28 0.26
24 29 0.46
24 30 0.47
24 31 0.85
24 32 0.46
24 33 0.41
24 34 0.26
24 35 0.25
24 36 0.56
24 37 0.61
24 38 0.91
24 39 0.84
24 40 0.11
24 41 0.92
24 112 0.69
25 35 0.74
25 44 0.0
25 48 0.44
25 53 0.74
25 60 0.86
25 113 0.52
25 114 0.17
25 115 0.89
25 116 0.79
25 117 0.25
25 118 0.1
25 119 0.16
25 120 0.32
26 27 0.64
26 28 0.41
26 33 0.57
26 39 0.52
26 41 0.04
26 43 0.14
26 44 0.01
26 46 0.31
26 53 0.92
26 58 0.9
26 59 0.92
26 65 0.27
26 76 0.36
26 104 0.93
26 105 0.62
26 106 0.39
26 112 0.6
26 121 0.2
26 122 0.53
26 123 0.34
26 124 0.82
26 125 0.41
26 195 0.53
26 203 0.75
27 28 0.93
27 32 0.12
27 33 0.19
27 34 0.08
27 36 0.96
27 38 0.72
27 39 0.03
27 41 0.15
27 73 0.38
27 105 0.03
27 106 0.66
27 123 0.11
28 29 0.24
28 44 0.35
28 47 0.59
28 49 0.44
28 50 0.16
28 107 0.16
28 131 0.68
28 137 0.43
28 138 0.13
28 157 0.19
29 121 0.59
29 150 0.53
29 152 0.26
29 157 0.3
29 195 0.47
30 34 0.85
30 83 0.52
30 106 0.87
30 146 0.15
30 197 0.76
31 35 0.89
31 49 0.67
31 92 0.61
31 96 0.4
31 99 0.82
31 100 0.19
31 101 0.39
31 102 0.26
31 112 0.85
31 159 0.03
31 178 0.56
31 198 0.72
32 33 0.15
32 34 0.92
32 36 0.17
32 38 0.88
32 39 0.9
32 41 1.0
32 123 0.93
32 127 0.47
33 36 0.21
33 38 0.48
33 39 0.08
33 41 0.48
33 123 0.99
33 127 0.4
34 41 0.06
34 103 1.0
34 106 0.23
34 112 0.8
34 170 0.36
34 197 0.43
35 38 0.72
35 45 0.55
35 49 0.7
35 50 0.58
35 52 0.2
35 67 0.17
35 112 0.67
35 113 0.89
35 114 0.45
35 118 0.34
35 119 0.69
35 132 1.0
35 135 0.92
35 168 0.11
35 170 0.29
35 172 0.35
35 178 1.0
35 203 0.07
36 106 0.34
36 170 0.24
36 197 0.8
37 73 0.25
37 75 0.37
37 79 0.1
37 81 0.94
37 82 0.06
37 83 0.94
37 85 0.83
37 121 0.58
37 138 0.83
37 147 0.65
37 184 0.16
37 195 0.02
38 41 0.71
39 41 0.86
39 53 0.02
39 112 0.37
39 119 0.53
39 123 0.94
39 127 0.6
39 132 0.43
39 191 0.09
40 51 0.05
40 54 0.06
40 56 0.77
40 57 0.53
40 60 0.19
40 61 0.16
40 64 0.46
40 69 0.54
40 115 0.8
40 119 0.96
40 127 0.37
40 130 0.0
40 143 0.87
40 144 0.1
40 145 0.92
40 149 0.56
40 155 0.19
40 162 0.21
40 165 0.17
40 166 0.5
40 168 0.73
40 171 0.44
40 174 0.86
40 177 0.26
40 182 0.17
40 183 0.45
40 184 0.7
40 208 0.15
40 213 0.62
40 214 0.99
41 112 0.47
41 123 0.04
42 58 0.16
42 96 0.4
42 104 0.6
42 112 0.76
43 58 0.08
43 96 0.29
43 104 0.22
43 106 0.57
43 112 0.71
43 211 0.16
44 66 0.91
44 68 0.32
44 86 0.05
44 107 0.93
44 111 0.22
44 126 1.0
44 127 0.81
44 128 0.58
44 130 0.07
44 139 0.55
44 158 0.24
45 46 0.34
45 47 0.97
45 48 0.13
45 49 0.57
45 52 0.56
45 68 0.38
45 72 0.09
45 89 0.43
45 91 0.06
45 92 0.5
45 95 0.43
45 97 0.99
45 98 0.27
45 99 0.12
45 102 0.78
45 114 0.45
45 146 0.82
45 147 0.11
45 160 0.12
45 161 0.48
45 172 0.27
46 53 0.71
46 89 0.32
46 91 0.46
46 92 0.48
46 93 0.57
46 95 0.79
46 105 0.94
46 114 0.63
46 115 0.79
46 120 0.78
46 124 0.43
46 137 0.83
46 140 0.24
46 145 0.75
46 146 0.35
46 162 0.85
46 165 0.21
46 166 0.59
46 169 0.89
46 171 0.28
46 176 0.01
47 54 0.04
47 55 0.29
47 57 0.72
47 68 0.12
47 90 0.44
47 91 0.42
47 95 0.55
47 97 0.91
47 145 0.83
47 160 0.53
47 192 0.83
48 67 0.2
48 93 0.05
48 97 0.67
48 116 0.74
48 198 0.5
49 50 0.23
49 52 0.12
49 53 0.34
49 67 0.7
49 72 0.88
49 98 0.1
49 99 0.61
49 100 0.48
49 101 0.97
49 117 0.18
49 119 0.75
49 147 0.34
49 159 0.73
49 169 0.91
49 178 0.71
50 51 0.61
50 52 0.91
50 53 0.62
50 69 0.18
50 72 0.35
50 98 0.93
50 117 0.01
50 120 0.03
50 124 0.75
50 130 0.57
50 147 0.18
50 161 0.65
50 178 0.53
50 203 0.21
51 52 0.48
51 53 0.4
51 60 0.15
51 66 0.51
51 69 0.07
51 72 0.79
51 87 0.86
51 96 0.24
51 97 0.24
51 101 0.37
51 103 0.3
51 125 0.02
51 130 0.32
51 136 0.12
51 147 0.53
51 168 0.09
51 171 0.56
51 214 0.64
52 66 0.13
52 69 0.88
52 97 0.36
52 98 0.8
52 124 0.92
52 130 0.82
52 139 0.08
52 161 0.92
52 166 0.86
52 168 0.59
52 199 0.63
53 63 0.84
53 64 0.86
53 70 0.35
53 114 0.45
53 115 0.5
53 119 0.04
53 120 0.43
53 121 0.19
53 123 0.97
53 130 0.84
53 132 0.6
53 147 0.56
53 161 0.83
53 169 0.52
53 178 0.52
53 183 0.43
53 195 0.19
53 200 0.01
53 203 0.38
54 55 0.79
54 56 0.31
54 57 0.12
54 58 0.14
54 59 0.44
54 60 0.37
54 61 0.02
54 62 0.34
54 63 0.78
54 64 0.48
54 65 0.33
54 69 0.56
54 97 0.25
54 111 0.17
54 145 0.42
55 56 0.4
55 57 0.88
55 59 0.77
55 62 0.63
55 63 0.27
55 64 0.32
55 75 0.95
55 143 0.54
55 144 0.38
55 145 0.72
56 57 0.08
56 58 0.43
56 59 0.41
56 60 0.47
56 62 0.29
56 63 0.97
56 73 0.66
56 75 0.49
56 78 0.27
56 79 0.84
56 85 0.54
56 145 0.66
56 146 0.26
56 147 0.86
56 148 0.19
56 149 0.81
57 58 0.17
57 59 0.01
57 60 0.11
57 61 0.32
57 62 0.62
57 63 0.43
57 145 0.17
58 59 0.78
58 62 0.94
58 69 0.93
58 104 0.99
58 105 0.38
58 112 0.18
58 145 0.66
59 62 0.37
59 63 0.06
59 125 0.98
60 61 0.17
60 62 0.86
60 69 0.57
60 115 0.86
60 119 0.51
60 120 0.91
60 127 0.67
60 130 0.58
60 132 0.24
60 145 0.51
60 147 0.66
60 164 0.69
60 166 0.38
60 168 0.73
60 169 0.25
60 213 0.71
60 214 0.77
61 62 0.92
61 69 0.31
61 115 0.87
61 119 0.39
61 120 0.82
61 127 0.75
61 130 0.8
61 132 0.46
61 144 0.29
61 145 0.9
61 147 0.92
61 164 0.99
61 166 0.61
61 168 0.47
61 169 0.93
61 208 0.17
61 214 0.96
62 63 0.06
62 65 0.91
62 69 0.78
62 119 0.81
62 125 0.18
62 145 0.25
62 149 0.29
62 164 0.37
62 201 0.26
63 64 0.97
63 65 0.9
63 70 0.41
63 120 0.89
63 145 0.3
63 148 0.87
63 149 0.85
63 157 0.32
63 211 0.54
63 215 0.02
64 65 0.81
64 70 0.19
64 74 0.92
64 76 0.21
64 84 0.26
64 97 0.32
64 120 0.31
64 125 0.77
64 127 0.99
64 143 0.7
64 144 0.63
64 148 0.2
64 149 0.79
64 155 0.62
64 177 0.03
64 181 0.96
64 182 0.69
64 183 0.38
64 184 0.41
64 193 0.9
64 201 0.47
64 211 0.49
64 213 0.44
65 70 0.91
65 74 0.5
65 76 0.05
65 125 0.81
65 133 0.21
65 134 0.72
65 149 0.53
65 156 0.33
65 182 0.37
65 201 0.22
65 204 0.53
65 209 0.6
66 67 0.26
66 68 0.7
66 69 0.97
66 70 0.52
66 71 0.55
66 72 0.71
66 98 0.59
66 130 0.74
66 148 0.88
66 168 0.23
67 71 0.4
67 96 0.58
67 101 0.39
67 132 0.73
67 176 0.23
68 71 0.37
68 72 0.93
68 84 0.47
68 86 0.12
68 87 0.27
68 88 0.09
68 98 0.91
68 124 0.81
68 155 0.08
68 163 0.83
68 165 0.95
68 168 0.88
68 190 0.31
68 192 0.87
68 195 0.69
68 200 0.83
68 203 0.02
68 210 0.87
69 72 0.08
69 82 0.3
69 86 0.18
69 87 0.82
69 107 0.42
69 110 0.84
69 111 0.83
69 115 0.66
69 118 0.02
69 119 0.02
69 120 0.21
69 124 0.0
69 126 0.79
69 127 0.22
69 130 0.82
69 132 0.06
69 140 0.46
69 141 0.65
69 143 0.15
69 144 0.69
69 145 0.57
69 146 0.45
69 147 0.85
69 149 0.78
69 155 0.33
69 156 0.41
69 161 0.9
69 162 1.0
69 164 0.41
69 165 0.03
69 166 0.22
69 168 0.65
69 169 0.86
69 171 0.87
69 178 0.3
69 180 0.16
69 181 0.22
69 185 0.69
69 205 0.9
69 206 0.14
69 212 0.57
69 214 0.5
70 71 0.11
70 84 0.64
70 93 0.29
70 105 0.12
70 114 0.82
70 120 0.81
70 125 0.81
70 140 0.97
70 142 0.47
70 148 0.37
70 155 0.4
70 157 0.52
70 165 0.33
70 166 0.08
70 177 0.88
70 183 0.29
70 193 0.57
70 194 0.58
70 195 0.95
70 201 0.81
70 204 0.89
70 211 0.3
70 212 0.98
70 215 0.22
71 84 0.39
71 87 0.77
71 88 0.8
71 119 0.47
71 124 0.36
71 140 0.74
71 142 0.17
71 155 0.88
71 161 0.66
71 165 0.1
71 192 0.95
71 193 0.58
71 200 0.69
72 117 0.63
72 125 0.08
72 126 0.4
72 130 0.47
72 146 0.64
72 161 0.57
72 162 0.47
72 164 0.13
72 165 0.84
72 168 0.92
72 169 0.33
72 178 0.25
72 183 0.18
72 187 0.15
72 192 0.31
72 198 0.38
73 74 0.57
73 75 0.44
73 76 0.28
73 77 0.43
73 78 0.67
73 79 0.88
73 80 0.3
73 81 0.75
73 82 0.46
73 83 0.01
73 84 0.21
73 85 0.56
74 75 0.96
74 76 0.58
74 78 0.87
74 82 0.02
74 83 0.77
74 85 0.69
74 133 0.68
74 134 0.85
75 76 0.28
75 78 0.71
75 79 0.67
75 81 0.35
75 82 0.04
75 83 0.48
75 85 0.21
75 121 0.41
75 138 0.66
75 150 0.83
75 152 0.1
75 153 0.08
75 157 0.12
75 172 0.4
75 183 0.47
76 78 0.05
76 82 0.88
76 83 0.16
76 85 0.79
76 134 0.46
77 78 0.11
77 80 0.32
77 81 0.42
77 150 0.04
77 167 0.53
77 168 0.66
77 172 0.85
77 173 0.56
77 175 0.11
77 185 0.23
77 186 0.67
77 187 0.4
77 189 0.02
77 194 0.06
77 195 0.01
78 80 0.32
78 81 0.79
78 82 1.0
78 133 0.65
78 143 0.11
78 150 0.63
78 173 0.56
78 183 0.32
79 82 0.82
79 83 0.01
79 85 0.38
79 94 0.26
79 112 0.28
79 122 0.53
79 138 0.5
79 150 0.71
79 173 0.42
79 183 0.51
79 194 0.15
80 81 0.87
80 114 0.73
80 125 0.75
80 133 0.25
80 150 0.12
80 167 0.37
80 168 0.19
80 172 0.75
80 173 0.52
80 175 0.43
80 183 0.33
80 185 0.03
80 186 0.87
80 187 0.2
80 194 0.32
80 195 0.58
80 204 0.8
81 94 0.89
81 121 0.86
81 133 0.25
81 150 0.27
81 152 0.66
81 153 0.55
81 168 0.07
81 183 0.8
82 83 0.37
82 85 0.42
82 124 0.59
82 128 0.44
82 130 0.28
82 138 0.48
82 143 0.41
82 144 0.39
82 168 0.23
82 180 0.62
82 181 0.32
82 183 0.68
82 184 0.15
83 85 0.9
83 134 0.69
84 87 0.47
84 93 0.33
84 94 0.86
84 124 0.94
84 125 0.61
84 134 0.2
84 138 0.38
84 140 0.56
84 141 0.28
84 142 0.5
84 143 0.56
84 157 0.5
84 163 0.51
84 164 0.91
84 165 0.61
84 168 1.0
84 183 0.66
84 184 0.45
84 193 0.28
84 204 0.73
84 211 0.65
85 134 0.38
85 183 0.65
86 87 0.34
86 88 0.73
86 109 0.6
86 110 0.47
86 111 0.81
86 128 0.67
86 129 0.61
86 149 0.39
86 154 0.16
86 205 0.96
86 206 0.86
86 212 0.74
87 88 0.78
87 93 0.06
87 130 0.16
87 140 0.39
87 142 0.86
87 160 0.71
87 161 0.88
87 165 0.11
87 192 0.25
87 193 0.05
87 200 0.19
88 161 0.2
88 193 0.8
88 200 0.41
89 90 0.67
89 91 0.83
89 92 0.0
89 93 0.54
89 94 0.31
89 95 0.21
90 195 1.0
91 92 0.28
91 93 0.24
91 94 0.69
91 95 0.66
91 97 0.66
91 114 0.69
91 137 0.49
91 146 0.75
91 162 0.34
91 169 0.13
91 171 0.03
91 174 0.32
91 176 0.4
91 177 0.66
91 185 0.92
92 95 0.35
92 99 0.14
92 114 0.17
92 146 0.32
92 162 0.68
92 169 0.49
92 174 0.93
92 176 0.8
92 185 0.22
93 94 0.09
93 95 0.75
93 97 0.67
93 137 0.07
93 140 0.44
93 150 0.0
93 165 0.1
93 166 0.72
93 174 0.11
93 177 0.54
93 192 0.78
94 95 0.9
94 137 0.56
94 142 0.14
94 146 0.24
94 153 0.12
94 165 0.46
94 183 0.77
94 189 0.41
94 192 0.04
94 193 0.53
95 114 0.17
95 115 0.14
95 128 0.57
95 137 0.4
95 140 0.73
95 146 0.6
95 162 0.83
95 169 0.54
95 171 0.07
95 176 0.94
96 97 0.76
96 98 0.38
96 99 0.81
96 100 0.8
96 101 0.04
96 102 0.22
96 103 0.03
96 190 0.64
96 191 0.21
96 210 0.77
97 98 0.17
97 107 0.61
97 116 0.84
97 125 0.97
97 140 0.33
97 143 0.28
97 144 0.81
97 153 0.08
97 161 0.07
97 162 0.19
97 167 0.71
97 168 0.49
97 170 0.69
97 183 0.65
97 198 0.25
97 205 0.05
97 214 0.85
98 188 0.51
99 100 0.9
99 101 0.91
99 102 0.55
99 103 0.1
99 111 0.74
99 114 0.63
99 119 0.07
99 147 0.94
99 190 0.22
99 206 0.09
100 101 0.49
100 103 0.16
101 102 0.7
101 103 0.19
101 159 0.68
101 199 0.98
102 148 0.44
104 105 0.2
104 106 0.93
104 107 0.5
104 129 0.47
105 112 0.59
105 123 1.0
105 139 0.37
105 140 0.02
105 141 0.35
105 142 0.11
106 112 0.85
106 119 0.1
106 121 0.69
106 123 0.86
106 197 0.33
106 201 0.38
106 207 0.92
107 108 0.68
107 109 0.44
107 110 0.79
107 111 0.65
107 112 0.74
107 116 0.94
107 129 0.17
107 131 0.06
107 132 0.73
107 200 0.44
107 205 0.48
107 210 0.48
108 109 0.01
108 110 0.21
108 129 0.66
108 135 0.02
108 136 0.34
109 110 0.36
109 111 0.76
109 128 0.31
109 129 0.02
109 205 0.25
109 206 0.93
110 111 0.32
110 128 0.23
110 129 0.14
110 205 0.27
110 206 0.08
110 212 0.81
111 118 0.24
111 119 0.32
111 120 0.82
111 128 0.35
111 129 0.21
111 148 0.36
111 205 0.41
111 206 0.14
111 212 0.75
111 216 0.63
112 121 0.65
112 122 0.5
112 123 0.54
112 124 0.97
112 132 0.57
112 139 0.58
112 155 0.23
112 158 0.63
112 170 0.84
112 183 0.18
112 184 0.67
112 197 0.35
113 114 0.73
113 115 0.9
113 119 0.27
113 120 0.7
113 166 0.31
114 115 0.18
114 119 0.11
114 137 0.49
114 146 0.75
114 147 0.96
114 162 0.39
114 164 0.33
114 169 0.91
114 172 0.7
114 176 0.41
114 183 0.59
114 195 0.12
115 119 0.22
115 120 0.66
115 127 0.5
115 155 0.69
115 164 0.92
115 169 0.92
115 171 0.92
116 139 0.24
116 191 0.65
116 198 0.58
117 119 0.29
117 130 0.33
117 178 0.95
117 191 0.22
118 119 0.07
118 120 0.92
118 169 0.66
118 212 0.39
119 120 0.49
119 126 0.01
119 127 0.94
119 168 0.97
119 169 0.26
119 170 0.22
119 172 0.89
119 178 0.82
119 191 0.01
119 203 0.27
119 206 0.42
119 214 0.58
120 127 0.91
120 128 0.82
120 135 0.04
120 148 0.55
120 149 0.26
120 169 0.18
120 178 0.76
120 183 0.81
120 205 0.23
120 206 0.58
120 211 0.21
120 212 0.82
120 215 0.49
121 138 0.44
121 150 0.6
121 151 0.77
121 152 0.45
121 153 0.41
121 154 0.75
121 155 0.22
122 123 0.4
122 132 0.28
124 125 0.35
124 126 0.52
124 127 0.08
124 130 0.31
124 139 0.31
124 165 0.71
124 166 0.73
124 183 0.5
124 184 0.07
124 191 0.18
124 192 0.45
124 193 0.13
124 208 0.19
124 210 0.51
125 138 0.88
125 141 0.99
125 143 0.21
125 149 0.81
125 156 0.11
125 164 0.01
125 165 0.03
125 168 0.87
125 175 0.82
125 179 0.92
125 180 0.95
125 182 0.75
125 183 0.07
125 184 0.21
125 194 0.83
126 135 0.45
126 147 0.46
126 158 0.7
126 162 0.29
126 178 0.81
126 200 0.05
127 139 0.76
127 140 0.28
127 143 0.18
127 145 0.1
127 149 0.07
127 155 0.18
127 160 0.93
127 164 0.36
127 165 0.25
127 166 0.29
127 168 0.76
127 171 0.19
127 177 0.3
127 183 0.92
127 184 0.37
127 211 0.74
128 129 0.32
128 136 0.54
128 205 0.77
128 206 0.55
128 212 0.17
128 216 0.97
129 131 0.65
129 205 0.72
129 206 0.17
129 210 0.36
129 216 0.07
130 137 0.63
130 141 0.34
130 147 0.34
130 161 0.63
130 168 0.95
130 171 0.09
130 178 0.27
130 203 0.34
130 214 0.85
131 200 0.64
132 135 0.12
132 136 0.93
132 154 0.38
132 155 0.4
132 198 0.81
132 216 0.09
133 134 0.22
133 156 0.49
133 157 0.1
133 163 0.4
133 183 0.93
133 186 0.94
133 194 0.67
133 201 0.54
133 204 0.21
133 209 0.78
134 137 0.16
134 138 0.09
134 143 0.82
134 148 0.59
134 156 0.73
134 160 0.31
134 173 0.87
134 175 0.8
134 183 0.45
134 184 0.01
134 195 0.85
134 201 0.42
134 204 0.27
134 209 0.16
134 213 0.26
134 215 0.67
135 136 0.74
135 169 0.26
135 170 0.77
136 157 0.97
136 170 0.26
136 202 0.78
136 216 0.73
137 146 0.48
137 150 0.05
137 152 0.5
137 153 0.07
137 157 0.56
137 160 0.51
137 162 0.23
137 167 0.1
137 169 0.21
137 171 0.06
137 172 0.49
137 173 0.96
137 183 0.02
137 185 0.85
137 186 0.99
137 204 0.15
138 143 0.46
138 144 0.77
138 151 0.94
138 155 0.61
138 161 0.44
138 168 0.09
138 175 0.61
138 179 0.77
138 180 0.47
138 181 0.84
138 182 0.09
138 183 0.16
138 184 0.6
138 192 0.49
138 208 0.11
138 210 0.03
138 213 0.85
139 155 0.08
139 210 0.2
140 142 0.4
140 160 0.97
140 162 0.28
140 163 0.19
140 164 0.52
140 165 0.57
140 166 0.51
140 174 0.23
140 185 0.22
141 142 0.78
141 164 0.1
141 165 0.96
141 183 0.77
141 193 0.46
142 163 0.66
142 165 0.89
142 166 0.94
142 193 0.87
142 195 0.48
143 144 0.05
143 149 0.38
143 151 0.62
143 155 0.81
143 160 0.98
143 163 0.28
143 168 0.35
143 175 0.61
143 179 0.73
143 180 0.17
143 181 0.63
143 182 0.9
143 183 0.6
143 184 0.74
143 194 0.31
143 208 0.77
143 211 0.06
143 213 0.67
144 151 0.91
144 155 0.02
144 168 0.78
144 179 0.11
144 180 0.42
144 181 0.12
144 182 0.16
144 183 0.34
144 184 0.04
144 194 0.32
144 208 0.13
144 213 0.57
145 171 0.82
145 210 0.52
146 150 0.56
146 160 0.64
146 166 0.26
146 169 0.93
146 171 0.73
146 174 0.24
146 176 0.8
147 154 0.53
147 162 0.28
147 177 0.14
147 178 0.82
148 149 0.43
148 162 0.73
148 168 0.57
148 211 0.63
148 215 0.28
149 155 0.29
149 164 0.01
149 177 0.74
149 183 0.26
149 184 0.69
149 211 0.64
149 213 0.96
149 215 0.8
150 152 0.9
150 153 0.15
150 157 0.69
150 160 0.44
150 167 0.12
150 168 0.62
150 171 0.61
150 172 0.14
150 173 0.53
150 174 0.3
150 175 0.58
150 185 0.98
150 186 0.81
150 187 0.33
150 204 0.94
151 179 0.94
151 180 0.35
151 181 0.25
151 182 0.25
151 183 0.55
151 184 0.82
152 153 0.23
152 172 0.03
152 188 0.36
152 189 0.67
153 167 0.36
153 172 0.7
153 173 0.72
153 175 0.98
153 183 0.51
153 189 0.85
154 202 0.64
155 160 0.78
155 163 0.19
155 164 0.48
155 165 0.79
155 168 0.95
155 175 0.5
155 177 0.48
155 179 0.25
155 180 0.38
155 183 0.52
155 184 0.69
155 185 0.2
155 192 0.75
155 193 0.52
155 200 0.57
155 210 0.54
155 211 0.04
155 215 0.08
156 157 0.51
156 168 0.98
156 201 0.39
156 202 0.97
156 204 0.77
156 207 0.76
156 209 0.92
157 168 0.73
157 171 0.76
157 195 0.91
157 204 0.41
157 213 0.23
159 178 0.07
160 163 0.86
160 165 0.12
160 166 0.64
160 168 0.82
160 171 0.15
160 177 0.06
160 185 0.69
160 186 0.73
161 168 0.5
161 189 0.38
161 192 0.68
162 164 0.86
162 169 0.75
162 171 0.28
162 176 0.27
162 178 0.11
162 186 0.23
163 165 0.58
163 167 0.68
163 173 0.13
163 175 0.29
163 183 0.3
163 189 0.27
163 193 0.91
163 204 0.38
164 168 0.37
164 169 0.91
164 175 0.86
164 178 0.62
164 185 0.64
164 194 0.06
164 211 0.95
165 166 0.06
165 168 0.82
165 171 0.43
165 174 0.01
165 177 0.1
165 183 0.26
165 185 0.54
165 192 0.61
166 168 0.51
166 171 0.86
166 174 0.57
166 177 0.87
166 183 0.53
166 193 0.74
167 168 0.2
167 171 0.89
167 172 0.57
167 173 0.5
167 174 0.48
167 175 0.55
167 185 0.85
167 186 0.76
167 187 0.83
167 189 0.72
167 192 0.0
167 194 0.55
167 204 0.1
168 175 0.95
168 177 0.55
168 182 0.82
168 183 0.33
168 184 0.55
168 189 0.57
168 214 0.72
169 171 0.96
169 176 0.97
169 178 0.54
170 187 0.58
170 191 0.99
170 198 0.68
170 202 0.36
171 172 0.35
171 174 0.23
171 185 0.18
171 186 0.96
172 173 0.36
172 175 0.07
172 186 0.88
172 187 0.34
173 175 0.28
173 182 0.32
173 185 0.21
173 186 0.09
173 187 0.2
173 189 0.25
173 194 0.5
173 204 0.52
174 175 0.88
174 185 0.9
174 186 0.86
175 184 0.87
175 185 0.19
175 186 0.56
175 187 0.28
175 189 0.47
175 194 0.71
175 204 0.88
177 183 0.43
177 185 0.02
177 192 0.51
177 211 0.78
178 198 0.73
178 200 0.98
179 180 0.13
179 181 0.41
179 182 0.93
179 183 0.21
179 184 0.57
179 194 0.09
179 208 0.72
179 213 0.35
180 181 0.92
180 182 0.16
180 183 0.58
180 184 0.34
180 194 0.3
180 208 0.61
180 213 0.75
181 182 0.2
181 183 0.83
181 184 0.58
181 194 0.05
181 208 0.9
182 183 0.15
182 184 0.48
182 194 0.45
182 208 0.39
182 213 0.42
183 184 0.88
183 186 0.15
183 189 0.24
183 192 0.1
183 194 0.34
183 200 0.33
183 208 0.83
183 213 0.94
183 214 0.81
184 194 0.94
184 195 0.4
184 208 0.49
184 213 0.71
185 186 0.33
185 187 0.8
185 192 0.43
186 187 0.03
186 189 0.02
186 194 0.28
186 210 0.7
187 189 0.21
187 194 0.12
187 204 0.5
188 198 0.07
189 204 0.78
190 191 0.44
191 198 0.02
192 208 0.53
193 200 0.47
194 204 0.0
194 208 0.78
194 215 0.01
195 203 0.58
199 200 0.06
201 204 0.61
201 207 0.97
201 209 0.67
202 204 0.89
202 207 0.43
202 209 0.98
202 210 0.5
203 210 0.74
204 207 0.58
204 209 0.39
205 206 0.8
205 212 0.98
205 216 0.59
206 212 0.26
206 216 0.37
207 209 0.6
211 215 0.01
212 216 0.84
