0 1 0.78
0 2 0.32
0 3 0.93
0 4 0.18
0 5 0.45
0 6 0.88
0 7 0.56
0 8 0.09
0 10 0.73
0 11 0.51
0 12 0.93
0 13 0.26
0 22 0.16
0 23 0.06
0 26 0.14
0 29 0.86
0 31 0.03
0 32 0.54
0 36 0.74
0 37 0.41
0 38 0.02
0 40 0.9
0 41 0.42
0 45 0.16
0 46 0.14
0 50 0.48
0 58 0.35
0 60 0.94
0 66 0.45
0 70 0.56
0 71 0.89
0 72 0.12
0 74 0.54
0 75 0.15
0 77 0.14
0 79 0.44
0 81 0.09
0 83 0.6
0 87 0.16
0 92 0.77
0 93 0.53
0 94 0.72
0 100 0.83
0 108 0.77
0 125 0.86
0 140 0.36
0 141 0.45
0 142 0.08
0 147 0.17
0 148 0.32
0 149 0.97
0 153 0.44
0 168 0.17
0 175 0.18
0 178 0.01
0 184 0.99
0 191 0.2
0 202 0.64
0 215 0.31
0 226 0.21
0 239 0.56
0 256 0.48
0 266 0.95
0 277 0.78
0 280 0.38
0 288 0.98
0 290 0.24
0 295 0.11
0 317 0.13
0 355 0.92
0 362 0.63
0 368 0.34
0 396 0.6
0 416 0.71
0 418 0.68
0 419 0.54
0 434 0.02
0 441 0.99
0 454 0.18
0 479 0.93
0 493 0.89
0 516 0.02
0 521 0.08
0 524 0.06
0 529 0.58
0 532 0.02
0 551 0.44
0 565 0.84
0 571 0.76
0 582 0.08
0 626 0.9
0 673 0.58
0 699 0.89
0 718 0.78
0 735 0.14
0 739 0.04
0 795 0.71
0 817 0.91
0 829 0.37
0 846 0.66
0 867 0.32
0 875 0.32
0 891 0.82
0 906 0.66
0 909 0.54
0 911 0.99
0 930 0.53
0 937 0.89
0 939 0.22
0 943 0.24
0 946 0.97
0 954 0.4
0 968 0.89
1 4 0.83
1 5 0.08
1 6 0.26
1 7 0.23
1 9 0.54
1 10 0.57
1 12 0.67
1 15 0.11
1 17 0.15
1 19 0.61
1 20 0.79
1 27 0.55
1 33 0.53
1 36 0.88
1 41 1.0
1 58 0.51
1 66 0.64
1 74 0.84
1 75 1.0
1 77 0.3
1 87 0.35
1 89 0.51
1 96 0.72
1 97 0.13
1 114 0.76
1 119 0.45
1 127 0.69
1 145 0.18
1 150 0.27
1 151 0.1
1 153 0.43
1 197 0.54
1 200 0.64
1 210 0.3
1 212 0.78
1 223 0.66
1 234 0.25
1 240 0.19
1 249 0.58
1 252 0.12
1 253 0.1
1 265 0.33
1 284 0.75
1 313 0.95
1 315 0.49
1 318 0.06
1 344 0.38
1 349 0.18
1 357 0.88
1 367 0.57
1 368 0.34
1 377 0.43
1 381 0.3
1 388 0.26
1 417 0.67
1 424 0.22
1 428 0.56
1 429 0.84
1 440 0.35
1 446 0.02
1 455 0.42
1 462 0.72
1 485 0.21
1 488 0.5
1 559 0.67
1 601 0.12
1 611 0.17
1 621 0.1
1 633 0.43
1 656 0.73
1 658 0.06
1 667 0.61
1 707 0.86
1 720 0.88
1 734 0.07
1 735 0.41
1 740 0.65
1 741 0.69
1 779 0.6
1 790 0.45
1 805 0.75
1 823 0.57
1 860 0.18
1 861 0.08
1 879 0.61
1 883 0.47
1 887 0.89
1 894 0.01
1 909 0.67
1 925 0.36
1 949 0.31
1 955 0.19
2 4 0.33
2 24 0.87
2 84 0.75
2 281 0.7
2 669 0.5
2 759 0.25
2 772 0.97
3 6 0.95
3 7 0.23
3 9 0.83
3 11 0.99
3 12 0.06
3 14 0.79
3 15 0.5
3 16 0.96
3 17 0.24
3 18 0.31
3 19 0.9
3 21 0.97
3 23 0.53
3 25 0.7
3 34 0.75
3 35 0.84
3 36 0.49
3 42 0.1
3 45 0.18
3 54 0.91
3 59 0.4
3 61 0.56
3 63 0.26
3 78 0.95
3 86 0.17
3 89 0.3
3 95 0.39
3 98 0.28
3 99 0.89
3 102 0.72
3 111 0.96
3 116 0.97
3 125 0.29
3 128 0.98
3 137 0.22
3 165 0.29
3 167 0.04
3 172 0.84
3 187 0.65
3 188 0.79
3 192 0.41
3 200 0.76
3 209 0.78
3 253 0.38
3 254 0.44
3 255 0.54
3 262 0.69
3 298 0.14
3 314 0.5
3 319 0.96
3 321 0.55
3 333 0.58
3 347 0.79
3 363 0.09
3 395 0.96
3 411 0.86
3 413 0.47
3 431 0.71
3 433 0.03
3 443 0.15
3 462 0.55
3 471 0.01
3 478 0.61
3 494 0.63
3 510 0.25
3 523 0.1
3 525 0.48
3 533 0.6
3 537 0.07
3 548 0.99
3 571 0.52
3 591 0.84
3 683 0.09
3 711 0.59
3 723 0.74
3 746 0.71
3 760 0.21
3 795 0.51
3 802 0.93
3 826 0.1
3 896 0.5
3 899 0.69
3 902 0.39
3 910 0.64
3 965 0.44
3 976 0.22
4 5 0.97
4 8 0.8
4 18 0.14
4 20 0.18
4 22 0.38
4 27 0.98
4 32 0.87
4 33 0.04
4 39 0.45
4 91 0.56
4 101 0.0
4 107 0.76
4 113 0.76
4 124 0.99
4 146 0.7
4 152 0.26
4 164 0.37
4 181 0.7
4 201 0.43
4 251 0.08
4 255 0.75
4 288 0.75
4 299 0.58
4 319 0.56
4 365 0.59
4 373 0.16
4 379 0.25
4 471 0.21
4 489 0.29
4 502 0.3
4 512 0.79
4 538 0.98
4 551 0.72
4 577 0.74
4 622 0.49
4 701 0.14
4 771 0.79
4 796 0.03
4 810 0.34
4 811 0.66
4 859 0.29
4 870 0.36
4 905 0.41
4 927 0.54
4 965 0.22
5 11 0.56
5 13 0.9
5 15 0.69
5 17 0.02
5 21 0.92
5 37 0.48
5 74 0.68
5 78 0.49
5 85 0.64
5 110 0.2
5 123 0.98
5 138 0.55
5 176 0.32
5 215 0.11
5 267 0.27
5 301 0.87
5 308 0.18
5 318 0.45
5 354 0.1
5 358 0.92
5 370 0.39
5 388 0.56
5 391 0.05
5 401 0.4
5 474 0.4
5 481 0.6
5 515 0.36
5 549 0.03
5 555 0.99
5 589 0.57
5 616 0.65
5 631 0.04
5 687 0.99
5 724 0.62
5 737 0.63
5 758 0.59
5 927 0.61
5 931 0.46
5 950 0.57
5 962 0.36
5 980 0.04
6 30 0.64
6 43 0.09
6 46 0.95
6 52 0.69
6 66 0.84
6 70 0.71
6 82 0.77
6 97 0.93
6 107 0.21
6 118 0.86
6 120 0.91
6 141 0.78
6 238 0.08
6 246 0.05
6 279 0.67
6 327 0.82
6 465 0.63
6 468 0.61
6 563 0.82
6 608 0.99
6 633 0.68
6 644 0.78
6 774 1.0
6 873 0.7
6 907 0.3
6 921 0.79
7 8 0.39
7 9 0.42
7 24 0.47
7 42 0.87
7 50 0.95
7 51 0.15
7 69 0.31
7 76 0.13
7 77 0.98
7 93 0.51
7 118 0.68
7 143 0.36
7 151 0.64
7 155 0.87
7 170 0.66
7 182 0.56
7 234 0.07
7 248 0.85
7 293 0.62
7 331 0.33
7 335 0.04
7 390 0.45
7 419 0.4
7 446 0.78
7 472 0.1
7 501 0.71
7 691 0.74
7 713 0.22
7 804 0.13
7 830 0.06
7 885 0.98
7 915 0.98
7 940 0.97
7 955 0.36
8 30 0.49
8 42 0.87
8 44 0.42
8 45 0.48
8 51 0.08
8 53 0.6
8 73 0.64
8 106 0.74
8 113 0.02
8 150 0.73
8 156 0.79
8 173 0.27
8 175 0.28
8 205 0.05
8 216 0.92
8 240 0.71
8 248 0.66
8 315 0.08
8 328 0.14
8 347 0.14
8 375 0.05
8 519 0.41
8 530 0.32
8 568 0.22
8 660 0.36
8 767 0.09
8 776 0.0
8 803 0.14
8 828 0.1
8 837 0.65
9 10 0.5
9 13 0.98
9 16 0.3
9 18 0.31
9 19 0.04
9 21 0.9
9 23 0.65
9 24 0.41
9 25 0.25
9 26 0.66
9 28 0.32
9 34 0.27
9 39 0.82
9 40 0.39
9 43 0.65
9 44 0.94
9 46 0.4
9 47 0.2
9 49 0.94
9 50 0.26
9 55 0.79
9 60 0.29
9 68 0.94
9 80 0.34
9 97 0.82
9 100 0.44
9 119 0.44
9 122 0.73
9 124 0.39
9 136 0.93
9 145 0.13
9 146 0.25
9 147 0.51
9 170 0.43
9 181 0.25
9 204 0.89
9 210 0.4
9 222 0.48
9 250 1.0
9 269 0.22
9 286 0.7
9 329 0.38
9 334 0.92
9 365 0.6
9 399 0.61
9 403 0.89
9 422 0.99
9 457 0.18
9 486 0.68
9 491 0.29
9 500 0.84
9 504 0.22
9 554 0.93
9 563 0.14
9 565 0.77
9 573 0.34
9 602 0.69
9 624 0.49
9 646 1.0
9 695 0.82
9 696 0.88
9 711 0.36
9 725 0.62
9 743 0.85
9 756 0.68
9 758 0.03
9 770 0.94
9 774 0.16
9 799 0.86
9 823 0.35
9 916 0.14
9 931 0.78
9 933 0.5
9 961 0.0
9 963 0.38
9 989 0.89
9 995 0.36
10 22 0.04
10 55 0.36
10 83 0.25
10 105 0.65
10 201 0.17
10 225 0.89
10 510 0.67
10 612 0.81
10 628 0.87
10 752 0.38
10 776 0.56
10 964 0.24
11 14 0.38
11 31 0.44
11 39 0.99
11 65 0.85
11 90 0.58
11 95 0.06
11 99 0.99
11 133 0.63
11 158 0.64
11 261 0.13
11 294 0.02
11 313 0.56
11 368 0.46
11 376 0.61
11 412 0.06
11 519 0.79
11 539 0.61
11 559 1.0
11 569 0.04
11 629 0.95
11 635 0.1
11 760 0.71
11 863 0.54
11 903 0.48
11 956 0.24
11 975 0.63
12 14 0.65
12 20 0.58
12 25 0.29
12 27 0.48
12 53 0.62
12 56 0.47
12 59 0.44
12 65 0.39
12 72 0.67
12 73 0.47
12 138 0.24
12 159 0.32
12 164 0.24
12 188 0.1
12 275 0.61
12 356 0.28
12 398 0.71
12 406 0.04
12 508 0.32
12 537 0.97
12 580 0.18
12 583 0.72
12 666 0.36
12 703 0.21
12 705 0.83
12 712 0.89
12 806 0.51
12 945 0.39
12 958 0.41
12 988 0.9
13 34 0.96
13 56 0.55
13 61 0.21
13 62 0.58
13 65 0.17
13 76 0.52
13 86 0.83
13 96 0.37
13 123 0.83
13 132 0.54
13 159 0.0
13 162 0.0
13 179 0.81
13 184 0.26
13 220 0.63
13 229 0.44
13 305 0.79
13 323 0.52
13 361 0.49
13 439 0.77
13 450 0.55
13 503 0.06
13 513 0.27
13 550 0.96
13 564 0.28
13 620 0.74
13 627 0.19
13 638 0.3
13 647 0.13
13 728 0.54
13 755 0.8
13 778 0.11
13 789 0.4
13 832 0.3
13 854 0.98
13 893 0.15
13 939 0.14
14 38 0.22
14 67 0.88
14 76 0.72
14 99 0.52
14 149 0.83
14 165 0.73
14 214 0.37
14 229 0.71
14 247 0.72
14 249 0.29
14 263 0.53
14 385 0.32
14 398 0.79
14 409 0.97
14 424 0.14
14 501 0.11
14 533 0.08
14 572 0.85
14 579 0.19
14 618 0.56
14 665 0.66
14 868 0.03
14 914 0.44
14 977 0.86
15 16 0.2
15 29 0.04
15 35 0.59
15 38 0.43
15 52 0.79
15 64 0.38
15 114 0.49
15 117 0.98
15 187 0.88
15 202 0.59
15 218 0.31
15 251 0.31
15 270 0.03
15 276 0.71
15 309 0.53
15 336 0.26
15 421 0.01
15 460 0.17
15 525 0.77
15 596 0.49
15 621 0.21
15 657 0.54
15 665 0.5
15 757 0.32
15 770 0.33
15 777 0.51
15 918 0.69
15 984 0.83
16 26 0.92
16 30 0.83
16 41 0.28
16 63 0.68
16 83 0.62
16 159 0.93
16 212 0.95
16 230 0.26
16 242 0.64
16 243 0.76
16 244 0.79
16 260 0.65
16 293 0.43
16 307 0.68
16 312 0.96
16 336 0.81
16 353 0.33
16 366 0.43
16 374 0.91
16 377 0.71
16 441 0.91
16 558 0.92
16 583 0.59
16 596 0.66
16 667 0.37
16 680 0.15
16 721 0.52
16 731 0.78
16 769 0.8
16 812 0.66
16 881 0.86
16 914 0.37
17 57 0.03
17 58 0.34
17 194 0.47
17 216 0.79
17 295 0.03
17 340 0.66
17 405 0.03
17 460 0.9
17 463 0.64
17 784 0.92
18 28 0.14
18 29 0.05
18 40 0.09
18 48 0.65
18 57 0.87
18 78 0.85
18 128 0.38
18 269 0.56
18 315 0.4
18 406 0.85
18 411 0.72
18 415 0.78
18 430 0.32
18 499 0.38
18 501 0.52
18 750 0.98
18 767 0.63
18 873 0.25
19 685 0.35
20 69 0.45
20 163 0.04
20 166 0.14
20 319 0.29
20 364 0.25
20 384 0.77
20 403 0.26
20 587 0.53
20 588 0.83
20 670 0.61
21 143 0.5
21 179 0.18
21 211 0.22
21 963 0.4
21 992 0.54
22 35 0.57
22 54 0.37
22 105 0.21
22 131 0.9
22 171 0.91
22 653 0.61
22 839 0.51
23 541 0.22
23 598 0.13
24 56 0.44
24 62 0.4
24 73 0.38
24 372 0.11
24 414 0.01
24 659 0.99
24 785 0.02
24 842 0.44
25 32 0.45
25 64 0.8
25 67 0.68
25 71 0.46
25 84 0.57
25 94 0.07
25 130 0.31
25 186 0.72
25 199 0.65
25 202 0.73
25 234 0.9
25 283 0.98
25 310 1.0
25 387 0.47
25 445 0.48
25 462 0.87
25 485 0.07
25 489 0.85
25 525 0.07
25 755 0.29
25 808 0.18
25 814 0.28
25 825 0.77
25 861 0.75
25 907 0.77
25 913 0.85
25 967 0.02
26 28 0.94
26 51 0.15
26 105 0.04
26 115 0.1
26 177 0.19
26 207 0.4
26 237 0.31
26 276 0.5
26 546 0.11
26 594 0.35
26 624 0.05
26 675 0.4
26 676 0.45
26 853 0.24
26 996 0.81
27 80 0.78
27 98 0.01
27 122 0.04
27 217 0.21
27 252 0.18
27 268 0.43
27 291 0.47
27 386 0.26
27 402 0.01
27 457 0.64
27 578 0.86
27 616 0.96
27 793 0.97
27 899 0.42
27 935 0.19
27 956 0.07
28 33 0.65
28 54 0.43
28 64 0.98
28 68 0.19
28 69 0.84
28 88 0.86
28 89 0.82
28 94 0.2
28 130 0.33
28 135 0.33
28 142 0.34
28 176 0.78
28 200 0.02
28 217 0.12
28 254 1.0
28 303 0.11
28 306 0.72
28 314 0.04
28 365 0.11
28 389 0.0
28 425 0.17
28 426 0.29
28 427 0.62
28 489 0.12
28 511 0.1
28 523 0.44
28 530 0.14
28 542 0.27
28 601 0.87
28 617 0.2
28 668 0.55
28 671 0.96
28 676 0.51
28 714 0.42
28 890 0.92
28 964 0.44
29 31 0.81
29 59 0.19
29 101 0.84
29 103 0.8
29 138 0.82
29 195 0.79
29 225 0.76
29 243 0.55
29 280 0.42
29 363 0.27
29 455 0.43
29 477 0.38
29 535 0.98
29 540 0.44
29 587 0.6
29 689 0.43
29 748 0.52
29 852 0.5
29 876 0.5
29 877 0.83
29 943 0.44
29 966 0.89
29 984 0.11
30 92 0.88
30 106 0.26
30 140 0.83
30 162 0.06
30 196 0.93
30 247 0.49
30 259 0.12
30 331 0.24
30 345 0.01
30 397 0.75
30 412 0.92
30 435 0.25
30 437 0.88
30 674 0.87
30 816 0.13
30 910 0.16
30 924 0.35
31 91 0.51
31 107 0.18
31 152 0.56
31 186 0.35
31 188 0.84
31 215 0.93
31 279 0.01
31 596 0.39
31 881 0.75
32 48 1.0
32 63 0.14
32 134 0.41
32 151 0.71
32 157 0.14
32 171 0.74
32 210 0.47
32 238 0.35
32 264 0.29
32 372 0.19
32 378 0.83
32 392 0.85
32 401 0.55
32 569 0.49
32 579 0.51
32 631 0.2
32 735 0.96
32 839 0.64
32 977 0.0
32 980 0.73
33 47 0.48
33 111 0.66
33 135 0.68
33 150 0.54
33 161 0.45
33 191 0.67
33 360 0.31
33 527 0.06
33 545 0.7
33 606 0.65
33 643 0.71
33 661 0.55
33 747 0.55
33 834 0.53
33 993 0.59
34 104 0.26
34 111 0.67
34 133 0.49
34 231 0.2
34 397 0.53
34 641 0.19
34 694 0.85
34 836 0.9
35 43 0.7
35 49 0.22
35 68 0.42
35 90 0.02
35 96 0.64
35 115 0.48
35 121 0.67
35 146 0.46
35 165 0.04
35 169 0.74
35 186 0.95
35 228 0.52
35 230 0.79
35 300 0.53
35 307 0.93
35 343 0.34
35 478 0.13
35 679 0.61
35 733 0.31
35 734 0.89
35 837 0.22
35 897 0.36
35 920 0.83
36 37 0.04
36 62 0.38
36 75 0.77
36 86 0.02
36 108 0.13
36 125 0.66
36 126 0.49
36 156 0.85
36 224 0.69
36 337 0.63
36 351 0.33
36 364 0.05
36 887 0.32
36 974 0.78
37 55 0.31
37 141 0.91
37 312 0.58
37 419 0.07
37 786 0.18
37 792 0.6
37 809 0.1
37 850 0.13
38 85 0.17
38 140 0.18
38 203 0.07
38 271 0.17
38 279 0.12
38 353 0.07
38 417 0.75
39 44 0.13
39 136 0.57
39 160 0.82
39 185 0.46
39 233 0.46
39 487 0.52
39 495 0.09
39 509 0.81
39 662 0.85
39 987 0.25
40 88 0.72
40 227 0.09
40 320 0.9
40 432 0.08
40 445 0.56
40 530 0.88
40 567 0.63
40 760 0.08
40 944 0.53
41 408 0.58
42 47 0.75
42 48 0.15
42 49 0.32
42 52 0.58
42 57 0.41
42 60 0.45
42 106 0.77
42 129 0.97
42 189 0.02
42 287 0.67
42 306 0.37
42 376 0.07
42 400 0.03
42 449 0.93
42 500 0.05
42 509 0.21
42 535 0.06
42 558 0.05
42 576 0.1
42 845 0.06
42 936 0.43
43 91 0.69
43 124 0.94
43 348 0.58
43 449 0.97
43 512 0.67
43 554 0.08
43 713 0.98
44 98 0.95
44 121 0.76
44 246 0.96
44 518 0.43
44 576 0.5
44 592 0.99
44 619 0.14
44 892 0.91
44 922 0.8
45 242 0.25
45 537 0.54
45 554 0.99
45 643 0.68
45 722 0.0
45 793 0.85
45 882 0.9
46 61 0.64
46 79 0.28
46 85 0.41
46 163 0.19
46 178 0.93
46 294 0.82
46 382 0.15
46 434 0.09
46 630 0.83
46 672 0.5
46 726 0.34
46 746 0.29
46 834 0.88
46 875 0.77
46 933 0.12
47 168 0.06
47 169 0.02
47 193 0.29
47 195 0.43
47 198 0.28
47 209 0.22
47 251 0.07
47 283 0.05
47 363 0.65
47 405 0.56
47 427 0.36
47 518 0.02
47 573 0.67
47 690 0.69
47 694 0.14
47 726 0.17
47 757 0.21
47 780 0.88
47 895 0.14
47 947 0.34
47 974 0.48
48 53 0.9
48 108 0.34
48 332 0.44
48 349 0.79
48 371 0.92
48 529 0.61
48 544 0.77
48 547 0.02
48 559 0.54
48 741 0.41
48 759 0.99
48 804 0.32
49 126 0.27
50 84 0.81
50 110 0.4
50 137 0.93
50 219 0.64
50 256 0.55
50 357 0.92
50 638 0.7
50 650 0.2
50 704 0.6
50 874 0.01
51 918 0.35
52 72 0.76
52 81 0.84
52 114 0.95
52 204 0.09
52 300 0.43
52 562 0.89
52 704 0.92
52 841 0.61
52 919 0.74
53 641 0.96
54 101 0.49
54 102 0.24
54 120 0.77
54 405 0.97
54 438 0.88
54 467 0.07
54 474 0.89
54 528 0.49
54 738 0.6
54 749 0.22
54 779 0.76
54 929 0.96
55 132 0.61
55 561 0.22
56 203 0.5
56 569 0.17
56 588 0.1
57 82 0.81
57 95 0.96
57 139 0.42
58 394 0.87
58 447 0.64
58 466 0.64
58 468 0.11
58 731 0.07
58 736 0.89
58 869 0.47
59 485 0.65
59 545 1.0
59 620 0.01
59 844 0.37
59 890 0.01
60 79 0.34
60 100 0.78
60 104 0.2
60 118 0.58
60 139 0.23
60 177 0.27
60 193 0.3
60 206 0.35
60 214 0.37
60 262 0.32
60 274 0.86
60 276 0.95
60 292 0.82
60 352 0.2
60 385 0.33
60 417 0.06
60 510 0.65
60 520 0.27
60 549 0.8
60 585 0.32
60 685 0.04
60 705 0.96
60 713 0.4
60 753 0.57
60 765 0.21
60 856 0.95
60 913 0.26
60 926 0.52
60 959 0.82
60 975 0.14
61 198 0.88
61 225 0.86
61 262 0.86
61 358 0.36
61 436 0.08
61 753 0.33
61 857 0.18
61 934 0.89
62 88 0.91
62 102 0.42
62 158 0.35
62 216 0.1
62 292 0.73
62 303 0.7
62 322 0.29
62 335 0.8
62 534 0.1
62 863 0.45
63 70 0.1
63 136 0.92
63 173 0.84
63 197 0.67
63 218 0.12
63 360 0.85
63 661 0.49
63 694 0.12
63 708 0.46
64 148 0.69
64 213 0.88
64 271 0.22
64 301 0.16
64 349 0.73
64 361 0.1
64 536 0.97
64 571 0.24
64 622 0.73
64 632 0.37
64 641 0.93
64 696 0.41
64 709 0.2
64 773 0.04
64 960 0.05
65 67 0.72
65 109 0.7
65 192 0.42
65 325 0.37
65 388 0.37
65 436 0.46
65 702 0.06
65 801 0.58
65 832 0.22
65 908 0.15
66 71 0.43
66 87 0.3
66 431 0.04
66 542 1.0
66 604 0.29
66 762 0.02
66 827 0.77
67 235 0.04
67 342 0.03
67 476 0.73
68 81 0.93
68 137 0.77
68 172 0.63
68 264 0.73
68 420 0.43
68 572 0.11
68 926 0.86
68 967 0.95
69 104 0.54
69 302 0.2
69 379 0.89
69 602 0.15
69 929 0.35
70 154 0.45
70 285 0.07
70 611 0.68
70 653 0.83
71 272 0.26
71 536 0.44
71 623 0.21
71 778 0.64
71 897 0.99
72 223 0.87
72 272 0.84
72 443 0.09
72 464 0.85
72 966 0.26
72 990 0.01
73 133 0.05
73 166 0.49
73 192 0.15
73 208 0.78
73 218 0.88
73 244 0.67
73 257 0.86
73 316 0.1
73 448 0.61
73 508 0.32
73 710 0.28
73 824 0.53
73 938 0.9
74 90 0.83
74 134 0.06
74 143 0.21
74 172 0.36
74 208 0.74
74 650 0.18
74 900 0.39
75 157 0.5
75 309 0.94
75 533 0.46
75 799 0.4
75 855 0.8
75 960 0.22
76 113 0.08
76 130 0.97
76 214 0.32
76 301 0.18
76 358 0.26
76 398 0.14
76 592 0.23
76 690 0.62
76 738 0.05
76 997 0.55
77 117 0.7
77 239 0.62
77 325 0.44
77 475 0.23
77 588 0.3
77 624 0.02
77 934 0.53
78 80 0.05
78 82 0.73
78 92 0.26
78 115 0.44
78 116 0.34
78 126 0.31
78 160 0.01
78 163 0.57
78 174 0.14
78 222 0.19
78 226 0.81
78 244 0.1
78 278 0.6
78 326 0.48
78 338 0.88
78 369 0.38
78 440 0.1
78 461 0.66
78 480 0.68
78 649 0.43
78 763 0.87
78 773 0.87
78 888 0.58
78 896 0.86
78 962 0.39
79 134 0.6
79 167 0.52
79 869 0.9
80 117 0.64
80 383 0.66
80 445 0.03
80 728 0.36
81 144 0.71
81 155 0.03
81 341 0.42
81 469 0.3
81 660 0.33
81 692 0.56
82 129 0.5
82 179 0.8
82 205 0.05
82 261 0.1
83 229 0.63
83 253 0.1
83 260 0.87
83 303 0.67
83 486 0.47
84 266 0.17
84 514 0.06
84 740 0.04
84 838 0.47
85 570 0.7
86 122 0.78
86 277 0.7
86 320 0.14
86 348 0.37
86 729 0.19
87 197 0.57
87 238 0.39
87 376 0.7
87 504 0.77
87 625 0.59
87 766 0.43
87 900 0.12
87 974 0.38
87 985 0.27
88 103 0.46
88 240 0.28
88 283 0.28
88 285 0.39
88 300 0.88
88 339 0.07
88 422 0.64
88 435 0.87
88 557 0.8
88 727 0.57
88 858 0.86
89 387 0.02
89 404 0.28
89 707 0.59
89 722 0.23
89 857 0.28
89 993 0.42
90 116 0.58
90 296 0.87
90 311 0.6
90 685 0.68
90 782 0.78
90 843 0.86
91 103 0.53
91 265 0.67
91 297 0.35
91 310 0.2
91 351 0.31
91 379 0.63
91 506 0.61
91 574 0.17
91 790 0.09
91 807 0.16
91 815 0.05
92 93 0.17
92 120 0.34
92 135 0.74
92 153 0.83
92 222 0.51
92 241 0.85
92 266 0.62
92 311 0.96
92 429 0.73
92 431 0.8
92 513 0.22
92 549 0.16
92 600 0.96
92 681 0.85
92 850 0.78
92 898 0.07
93 132 0.41
93 263 0.79
93 418 0.72
94 119 0.72
94 174 0.56
94 219 0.55
94 247 0.31
94 267 0.83
94 415 0.32
94 469 1.0
94 470 0.18
94 580 0.1
94 597 0.11
94 648 0.77
94 737 0.87
94 749 0.93
94 807 0.11
94 813 0.49
94 822 0.61
94 902 0.74
94 977 0.81
95 112 0.4
95 428 0.19
95 435 0.56
95 479 0.48
95 496 0.51
95 572 0.07
95 715 0.05
96 127 0.21
96 355 0.95
96 613 0.34
96 629 0.94
96 679 0.39
96 848 0.33
96 941 0.09
97 514 0.95
98 157 0.82
98 175 0.43
98 185 0.85
98 195 0.13
98 335 0.2
98 396 0.91
98 466 0.91
98 505 0.69
98 607 0.82
98 629 0.82
98 630 0.74
98 687 0.28
98 880 0.74
98 882 0.78
98 932 0.77
98 970 0.63
99 123 0.23
99 194 0.48
99 343 0.37
99 514 0.74
99 762 0.61
99 806 0.81
99 856 0.71
100 109 0.2
100 184 0.83
100 194 0.98
100 236 0.96
100 261 0.06
100 439 0.19
100 483 0.22
100 615 0.8
100 667 0.32
100 678 0.34
100 742 0.72
101 112 0.17
101 121 0.01
101 203 0.22
101 268 0.2
101 281 0.14
101 439 0.19
101 453 0.76
101 509 0.42
101 577 0.73
101 621 0.71
101 637 0.25
101 698 0.05
101 820 0.06
101 976 0.75
102 155 0.89
102 213 0.24
102 282 0.16
102 307 0.22
102 330 0.54
102 412 0.05
102 420 0.3
102 470 0.63
102 529 0.18
102 612 0.3
102 658 0.2
102 701 0.86
102 704 0.97
102 820 0.23
103 110 0.42
103 129 0.33
103 639 0.06
103 680 0.24
104 148 0.16
104 258 0.16
104 851 0.53
105 190 0.16
105 209 0.9
105 507 0.96
105 835 0.52
106 131 0.83
106 149 0.52
106 160 0.63
106 185 0.38
106 226 0.92
106 245 0.89
106 271 0.92
106 370 0.58
106 381 0.99
106 399 0.86
106 466 0.15
106 628 0.1
106 645 0.31
106 668 0.96
106 701 0.13
106 782 0.07
107 272 0.06
107 472 0.77
107 628 0.69
107 744 0.3
108 109 0.4
108 112 0.81
108 139 0.37
108 169 0.35
108 174 0.99
108 190 0.19
108 308 0.79
108 346 0.43
108 409 0.66
108 436 0.77
108 454 0.43
108 791 0.18
109 173 0.44
109 308 0.08
109 472 0.55
109 598 0.94
109 706 0.11
109 765 0.95
109 808 0.81
110 147 0.17
110 235 0.91
110 768 0.57
110 791 0.61
110 963 0.75
111 254 0.54
111 332 0.83
111 336 0.1
111 464 0.87
111 475 0.28
111 593 0.41
111 779 0.8
111 822 1.0
112 191 0.64
112 291 0.62
112 391 0.53
112 467 0.55
112 601 0.33
112 651 0.8
112 717 0.94
112 915 0.45
114 127 0.13
114 162 0.02
114 189 0.93
114 237 0.63
114 338 0.01
114 356 0.37
114 400 0.23
114 468 0.61
114 471 0.47
114 496 0.73
114 497 0.31
114 539 0.02
114 540 0.83
114 541 0.83
114 581 0.7
114 616 0.84
114 766 0.41
114 768 0.15
114 816 0.38
114 929 0.53
115 152 0.99
115 183 0.24
115 220 0.96
115 227 0.38
115 232 0.38
115 321 0.69
115 359 0.06
115 427 0.74
115 522 0.87
115 562 0.66
115 574 0.7
115 599 0.12
115 637 0.02
115 682 0.88
115 705 0.2
115 806 0.88
115 952 0.97
116 131 0.05
116 258 0.46
116 362 0.63
116 448 0.35
116 522 0.55
116 552 0.86
117 193 0.45
117 290 0.33
117 423 0.26
117 463 0.04
117 491 0.93
117 521 0.42
117 531 0.54
117 678 0.77
117 852 0.22
117 969 0.36
118 243 0.35
118 702 0.97
119 263 0.32
119 451 0.57
119 590 0.73
119 706 0.64
120 831 0.01
120 894 0.65
121 196 0.1
121 320 0.11
121 326 0.54
121 341 0.28
121 647 0.43
121 709 0.72
121 712 0.73
121 981 0.3
121 982 0.23
122 128 0.29
122 154 0.63
122 375 0.02
122 540 0.07
122 686 0.03
122 753 0.98
123 142 0.7
123 161 0.48
123 351 0.75
123 356 0.82
123 440 0.18
123 487 0.43
123 511 0.89
123 602 0.23
123 835 0.74
124 278 0.28
124 421 0.67
124 504 0.56
125 212 0.48
125 326 0.48
125 819 0.28
126 156 0.53
126 180 0.05
126 245 0.88
126 270 0.87
126 743 0.29
127 168 0.67
127 221 0.42
127 237 0.79
127 280 0.51
127 371 0.45
127 488 0.75
127 581 0.95
127 925 0.92
127 943 0.82
128 145 0.82
128 288 0.33
128 424 0.4
128 526 0.86
128 827 0.44
128 866 0.19
129 177 0.46
129 275 0.57
129 341 0.62
129 354 0.51
129 372 0.35
129 380 0.52
129 383 0.3
129 651 0.98
129 676 0.71
129 815 0.02
129 831 0.43
129 930 0.35
130 860 0.3
130 985 0.23
131 255 0.72
131 306 0.37
131 423 0.71
131 591 0.06
131 617 0.92
132 232 0.59
132 597 0.01
133 206 0.13
133 413 0.33
133 512 0.58
134 166 0.71
134 208 0.24
134 268 0.13
134 324 0.99
134 333 0.61
134 355 0.21
134 371 0.79
134 408 0.53
134 423 0.6
134 460 0.29
134 521 0.63
134 576 0.43
134 577 0.29
134 632 0.74
134 746 0.91
135 574 0.89
135 590 0.55
135 599 0.77
136 158 0.33
136 199 0.44
136 297 0.16
136 311 0.76
136 551 0.18
136 594 0.63
136 715 0.12
136 987 0.53
137 233 0.94
137 285 0.65
137 389 0.7
137 428 0.77
137 605 0.81
137 805 0.62
138 144 0.68
138 274 0.09
138 331 0.54
138 348 0.57
138 422 0.7
138 703 0.01
138 941 0.88
139 144 0.65
139 190 0.83
139 313 0.14
139 769 0.64
139 975 0.68
140 632 0.98
140 656 0.62
141 287 0.24
141 507 0.67
141 605 0.87
142 284 0.81
142 305 0.87
142 449 0.35
143 794 0.46
144 282 0.6
145 178 0.38
145 228 0.61
145 329 0.64
145 338 0.69
146 201 0.2
146 246 0.38
146 260 0.39
146 290 0.33
146 309 0.05
146 343 0.12
146 494 0.43
146 794 0.87
146 834 0.12
147 154 0.06
147 273 0.26
147 811 0.46
147 864 0.77
147 877 0.27
147 952 0.77
148 164 0.43
148 176 0.02
148 259 0.87
148 524 0.1
149 232 0.47
149 236 0.86
149 473 0.96
149 535 0.47
149 652 0.94
149 717 0.24
150 198 0.65
150 284 0.08
150 527 0.67
150 553 0.08
150 612 0.27
150 812 0.93
151 400 0.49
151 561 0.42
152 289 0.92
152 374 0.92
152 477 0.88
152 642 0.05
152 799 0.5
152 828 0.02
152 867 0.96
152 900 0.97
153 369 0.16
153 484 0.55
153 543 0.15
153 552 0.98
153 618 0.36
153 761 0.96
153 797 0.5
153 801 0.45
154 408 0.02
154 953 0.27
155 213 0.44
155 404 0.75
155 459 0.13
155 498 0.48
155 909 0.06
156 161 0.47
156 171 0.61
156 430 0.89
156 481 0.24
156 492 0.75
156 677 0.15
157 236 0.22
157 252 0.28
157 374 0.02
157 421 0.39
157 433 0.85
157 507 0.79
157 508 0.82
157 606 0.77
157 615 0.35
157 789 0.7
157 858 0.34
157 896 0.87
158 181 0.72
158 204 0.88
158 241 0.94
158 296 0.22
158 402 0.16
158 442 0.02
158 532 0.09
158 745 0.45
158 876 0.4
158 895 0.03
158 901 0.87
158 939 0.07
159 273 0.49
159 672 0.55
160 418 0.56
161 180 0.1
161 296 0.53
161 566 0.11
161 940 0.99
162 182 0.16
162 206 0.39
162 299 0.17
162 446 0.67
162 450 0.3
162 561 0.49
162 568 0.15
162 686 0.81
162 721 0.99
162 756 0.32
162 865 0.88
163 342 0.12
163 353 0.38
163 548 0.62
163 689 0.16
163 771 0.7
163 908 0.21
164 207 0.71
164 231 0.29
164 686 0.46
165 167 0.82
165 324 0.92
165 390 0.17
165 478 0.12
165 548 0.31
165 649 0.14
165 654 0.36
165 817 0.7
165 824 0.3
165 916 0.76
166 170 0.74
166 183 0.46
166 187 0.5
166 199 0.89
166 205 0.13
166 220 0.09
166 444 0.99
166 589 0.92
166 649 0.56
167 480 0.7
167 635 0.0
167 644 0.67
167 851 0.21
167 902 0.09
167 972 0.2
168 339 0.73
168 553 0.13
169 224 0.05
169 270 0.43
169 438 0.87
169 511 0.46
169 619 0.2
170 183 0.8
170 245 0.63
170 304 0.02
170 515 0.5
171 180 0.62
172 395 0.43
172 557 0.94
172 567 0.82
172 776 0.3
172 987 0.33
173 729 0.19
175 321 0.64
175 486 0.07
175 627 0.63
175 645 0.83
175 910 0.59
175 979 0.2
176 346 0.34
177 257 0.18
177 345 0.07
178 333 0.5
178 524 0.81
178 570 0.9
178 671 0.24
178 727 0.68
178 731 0.52
178 761 0.45
179 227 0.1
179 239 0.44
179 426 0.11
180 289 0.41
180 337 0.38
180 538 0.51
181 182 0.78
181 189 0.78
181 207 0.71
181 256 0.36
181 287 0.25
181 291 0.41
181 323 0.61
181 373 0.38
181 407 0.62
181 430 0.59
181 502 0.42
181 531 0.19
181 608 0.6
181 680 0.07
181 768 0.05
181 958 0.57
182 257 0.82
182 269 0.04
182 404 0.63
182 498 0.75
182 693 0.74
182 813 0.99
182 821 0.07
183 945 0.37
184 482 0.41
184 564 0.63
184 856 0.32
186 211 0.44
186 233 0.73
186 278 0.3
186 367 0.92
186 639 0.41
186 646 0.17
186 670 0.57
186 807 0.03
187 230 0.1
187 258 0.4
187 265 0.95
187 543 0.5
187 575 0.06
188 196 0.45
188 345 1.0
188 444 0.22
188 800 0.87
188 842 0.28
189 399 0.36
189 454 0.11
189 984 0.87
190 235 0.16
190 517 0.11
190 784 0.11
190 837 0.42
191 259 0.4
191 608 0.93
191 833 0.71
191 992 0.16
192 223 0.01
192 913 0.44
193 211 0.43
193 224 0.82
193 250 0.22
193 491 0.55
193 954 0.76
194 282 0.94
194 298 0.42
194 437 0.42
194 495 0.49
194 952 0.81
195 736 0.33
195 783 0.84
195 946 0.48
196 221 0.2
196 878 0.67
198 386 0.78
198 662 0.75
199 305 0.45
199 968 0.41
200 219 0.17
200 328 0.4
200 841 0.99
201 553 0.34
202 264 0.25
202 382 0.48
202 547 0.41
203 323 0.06
203 775 0.71
205 217 0.32
205 406 0.99
205 483 0.4
206 221 0.95
206 360 0.37
206 659 0.12
206 923 0.88
207 249 0.8
208 425 0.26
208 786 0.0
209 917 0.79
210 352 0.51
210 389 0.8
210 599 0.41
210 923 0.84
211 277 0.34
211 281 0.9
211 818 0.39
212 250 0.54
212 286 0.1
212 933 0.96
212 951 0.46
213 432 0.3
214 302 0.3
214 316 0.8
214 327 0.81
214 330 0.59
214 334 0.43
214 527 0.73
215 893 0.43
215 962 0.93
216 298 0.98
216 392 0.44
216 397 0.89
216 434 0.51
216 457 0.25
216 464 0.08
216 993 0.63
217 242 0.25
217 520 0.55
217 712 0.93
217 723 0.57
218 357 0.65
218 497 0.33
218 550 0.04
218 603 0.74
218 716 0.68
218 879 0.48
219 302 0.63
219 438 0.1
219 626 0.56
220 241 0.38
220 248 0.28
220 299 0.36
220 394 0.84
220 482 0.97
220 528 0.92
220 556 0.83
221 350 0.92
221 426 0.66
221 452 0.29
221 505 0.3
221 729 0.95
222 482 0.66
222 536 0.22
222 546 0.05
222 754 0.47
223 314 0.96
223 505 0.01
223 748 0.04
223 936 0.67
225 781 0.37
226 228 0.57
226 411 0.26
226 456 0.74
226 467 0.97
226 564 0.76
226 625 0.4
226 655 0.75
226 697 0.16
226 727 0.36
226 742 0.96
226 747 0.49
226 949 0.93
227 378 0.72
227 566 0.23
227 578 0.27
227 709 0.54
227 744 0.22
227 832 0.11
228 231 0.31
228 369 0.68
228 390 0.72
228 458 0.72
228 484 0.88
228 605 0.46
228 860 0.67
229 267 0.2
229 273 0.95
229 334 0.26
229 758 0.7
230 584 0.31
230 652 0.79
231 469 0.45
231 664 0.06
231 681 0.14
232 293 0.54
232 361 0.29
232 414 0.31
232 663 0.27
233 844 0.59
233 884 0.29
234 384 0.8
234 636 0.4
235 324 0.99
235 498 0.64
236 950 0.04
237 332 0.68
237 604 0.12
237 846 0.85
237 923 0.42
238 339 0.37
238 447 0.52
238 668 0.48
238 833 0.58
238 844 0.88
239 350 0.78
239 820 0.97
240 619 0.85
240 745 0.96
240 898 0.74
241 295 0.55
241 575 0.43
241 785 0.63
242 378 0.04
242 481 0.79
242 675 0.18
243 318 0.61
243 322 0.11
243 330 0.41
243 373 0.67
243 407 0.15
243 526 0.01
243 557 0.8
243 763 0.19
243 991 0.7
244 607 0.85
244 770 0.65
244 798 0.73
246 275 0.97
247 384 0.23
248 294 0.52
248 310 0.72
248 855 0.53
248 881 0.6
250 565 0.15
250 593 1.0
250 752 0.62
251 327 0.45
251 352 0.71
251 394 0.42
251 425 0.08
251 480 0.48
251 636 0.26
252 304 0.0
252 538 0.66
252 825 0.32
252 919 0.72
254 409 0.85
254 410 0.62
254 448 0.45
254 690 0.34
254 859 0.73
255 325 0.52
255 410 0.74
255 587 0.31
255 714 0.27
255 862 0.01
256 297 0.97
256 822 0.13
256 836 0.21
257 344 0.59
259 442 0.93
259 579 0.91
259 586 0.77
259 797 0.59
259 891 0.42
259 895 0.97
260 748 0.22
260 878 0.92
261 317 0.32
261 415 0.06
262 567 0.2
262 812 0.73
264 292 0.96
264 337 0.6
264 589 0.7
265 664 0.62
266 396 0.62
266 789 0.11
266 853 0.04
267 274 0.52
267 312 0.77
267 407 0.92
269 289 0.52
269 316 0.95
269 377 0.7
269 393 0.66
269 433 0.7
270 402 0.17
270 459 0.83
270 805 0.23
271 359 0.67
274 286 0.03
274 869 0.48
275 470 0.81
275 477 0.14
276 322 0.68
276 367 0.56
276 817 0.7
277 908 0.18
277 924 0.17
278 845 0.79
278 988 0.19
279 730 0.81
279 951 0.94
279 954 0.91
279 972 0.02
280 552 0.06
281 623 0.67
281 691 0.3
282 603 0.84
283 473 0.94
283 503 0.81
284 982 0.83
285 344 0.13
285 476 0.87
285 953 0.43
286 625 0.74
286 703 0.5
287 595 0.88
287 659 0.67
287 697 0.78
287 848 0.77
287 866 0.39
288 541 0.45
288 643 0.39
288 652 0.4
288 657 0.92
288 821 0.21
289 475 0.48
289 888 0.75
290 359 0.21
290 487 0.36
290 810 0.19
291 586 0.59
291 639 0.13
292 380 0.58
292 420 0.63
292 653 0.07
294 463 0.81
295 340 0.28
295 346 0.64
295 366 0.56
295 375 0.77
295 539 0.53
295 583 0.93
295 662 0.81
295 672 0.29
295 692 1.0
296 494 0.84
296 528 0.17
296 562 0.16
296 883 0.66
296 921 0.51
296 944 0.02
297 304 0.76
298 503 0.36
298 775 0.82
299 610 0.38
299 618 0.31
299 808 0.58
300 444 0.53
300 531 0.28
300 721 0.33
300 888 0.51
300 971 0.71
301 556 0.25
301 700 0.92
302 516 0.57
302 935 0.03
304 317 0.63
305 380 0.56
305 903 0.55
305 978 0.25
306 387 0.65
306 401 0.98
307 328 0.58
307 354 0.19
307 429 0.04
307 453 0.92
307 600 0.8
307 684 0.41
307 858 0.62
308 513 0.23
308 555 0.45
308 560 0.34
309 547 0.37
309 790 0.52
309 932 0.54
309 967 0.02
310 413 0.55
310 456 0.21
310 560 0.3
310 566 0.9
310 614 0.09
310 951 0.24
311 474 0.15
311 843 0.42
313 329 0.78
313 340 0.17
313 526 0.9
313 937 0.3
313 948 0.84
313 985 0.27
314 347 0.04
314 763 0.71
315 859 0.16
316 842 0.04
316 847 0.77
317 610 0.22
317 719 0.05
318 451 0.03
318 465 0.73
318 493 0.23
318 603 0.66
318 666 0.18
318 802 0.24
319 499 0.54
321 732 0.07
322 749 0.83
323 364 0.43
323 823 0.11
324 393 0.52
324 490 0.57
324 956 0.25
325 458 0.75
325 675 0.1
326 350 0.49
326 392 0.97
326 631 0.84
326 635 0.19
326 744 0.2
326 889 0.98
327 495 0.51
328 490 0.63
328 648 0.15
328 757 0.26
330 455 0.26
330 665 0.07
330 759 0.78
330 850 0.25
331 870 0.45
331 912 0.36
331 928 0.01
332 452 0.37
332 461 0.24
332 594 0.7
332 642 0.54
332 657 0.38
332 996 0.03
333 755 0.57
333 775 0.98
334 611 0.92
335 342 0.23
336 560 0.22
336 826 0.51
337 381 0.29
337 410 0.39
337 492 0.59
337 633 0.44
337 835 0.44
339 479 0.7
339 640 0.82
340 678 0.09
340 918 0.88
341 679 0.72
342 650 0.94
343 395 0.67
343 717 0.56
344 456 0.49
344 615 0.05
344 781 0.22
344 938 0.66
344 973 0.01
346 370 0.49
346 609 0.35
346 674 0.47
347 441 0.51
347 640 0.37
348 578 0.95
348 931 0.1
351 393 0.32
351 488 0.36
351 819 0.19
352 573 0.5
352 991 0.88
353 382 0.37
354 838 0.71
355 499 0.05
357 634 0.6
358 362 0.99
358 416 0.07
358 979 0.6
359 593 0.32
359 627 0.56
359 830 0.34
359 873 0.85
360 682 0.77
361 550 0.91
362 925 0.46
363 432 0.11
363 751 0.5
364 833 0.86
364 995 0.63
365 366 0.76
365 391 0.55
365 563 0.07
365 637 0.42
365 901 0.47
365 986 0.69
366 614 0.89
366 772 0.49
368 684 0.56
368 845 0.04
368 851 0.21
369 451 0.63
369 782 0.37
371 383 0.7
371 922 0.95
372 416 0.83
373 476 0.83
373 620 0.77
374 911 0.38
376 385 0.86
376 459 0.7
376 788 0.58
377 386 0.69
377 874 0.15
378 492 0.33
381 414 0.15
383 720 0.64
384 941 0.57
385 634 0.87
387 506 0.32
388 437 0.22
389 774 0.33
389 828 0.44
389 914 0.37
390 461 0.05
392 945 0.3
393 607 0.53
394 698 0.54
396 484 0.79
396 584 0.59
397 876 0.39
398 403 0.04
398 716 0.99
400 443 0.27
400 496 0.61
400 584 0.93
400 664 0.3
400 719 0.91
400 734 0.05
400 983 0.44
400 989 0.56
400 998 0.58
402 947 0.79
403 647 0.49
403 803 0.79
403 942 0.31
404 787 0.69
404 874 0.35
405 613 0.42
405 994 0.3
406 868 0.78
408 442 0.92
408 600 0.68
408 959 0.99
409 754 0.25
410 543 0.67
410 656 0.2
410 957 0.96
411 585 0.58
412 517 0.11
412 710 0.64
413 453 0.4
413 638 0.42
413 769 0.07
414 724 0.18
415 490 0.4
415 609 0.22
415 739 0.61
415 771 0.88
415 843 0.38
415 971 0.71
416 818 0.5
421 648 0.84
421 893 0.95
422 614 0.79
422 970 0.11
423 783 0.07
425 447 0.13
425 532 0.58
425 800 0.65
425 935 0.07
426 517 0.25
426 714 0.31
426 798 0.17
426 831 0.53
426 871 0.82
427 534 0.19
427 730 0.75
427 855 0.81
428 515 0.13
428 700 0.33
428 707 0.67
429 849 0.7
430 575 0.77
430 634 0.05
430 899 0.01
431 886 0.95
433 458 0.23
433 606 0.41
433 761 0.42
434 483 0.62
434 595 0.09
435 519 0.98
435 699 0.38
436 736 0.99
437 778 0.47
438 497 0.1
440 663 0.09
440 733 0.67
440 942 0.92
443 450 0.65
443 597 0.64
443 959 1.0
444 849 0.8
445 556 0.37
445 592 0.33
447 626 0.56
447 786 0.1
447 826 0.61
447 930 0.76
448 904 0.43
449 816 0.95
450 506 0.93
450 754 0.5
451 452 0.53
451 981 0.31
452 978 0.21
454 473 0.12
454 764 0.88
455 773 0.83
455 978 0.49
457 465 0.64
459 502 0.58
459 904 0.8
460 644 0.45
461 544 0.48
461 711 0.06
462 493 0.0
462 595 0.87
463 544 0.5
463 609 0.95
463 722 0.36
463 810 0.37
463 948 0.09
464 500 0.44
464 520 0.36
464 542 0.24
464 558 0.72
464 861 0.05
464 866 0.72
465 766 0.41
465 903 0.69
466 728 0.06
468 518 0.47
468 555 0.05
468 695 0.93
468 723 0.46
468 798 1.0
469 586 0.93
469 747 0.67
469 919 1.0
471 580 0.81
471 718 0.54
472 708 0.27
472 997 0.45
474 681 0.6
475 660 0.81
478 698 0.61
478 702 0.43
479 795 0.8
480 752 0.69
481 670 0.65
484 788 0.69
484 892 0.25
485 957 0.77
488 582 0.7
489 610 0.92
489 674 0.46
490 654 0.9
494 522 0.97
494 642 0.42
494 693 0.33
495 640 0.92
495 688 0.08
496 516 0.98
496 582 0.87
497 581 0.93
497 878 0.74
499 682 0.34
499 741 0.09
501 545 0.59
501 655 0.24
502 613 0.72
502 756 0.45
502 785 0.68
503 523 0.94
503 781 0.89
503 884 0.78
504 706 0.93
506 591 0.24
506 920 0.23
508 948 0.6
509 691 0.96
515 802 0.59
515 818 0.96
517 677 0.76
517 692 0.87
518 897 0.16
520 623 0.09
520 742 0.16
520 780 0.82
522 839 0.22
522 946 0.01
524 570 0.21
524 958 0.29
525 534 0.33
526 696 0.81
526 772 0.36
527 673 0.06
528 700 0.04
528 982 0.31
532 598 0.86
532 688 0.89
532 857 0.17
532 988 0.05
533 846 0.81
534 689 0.96
534 800 0.59
535 568 0.84
535 733 0.0
535 926 0.82
536 655 0.95
537 966 0.52
539 546 0.97
545 687 0.76
545 796 0.68
545 872 0.7
546 585 0.99
546 590 0.9
546 886 0.52
546 907 0.05
549 677 0.55
549 710 0.11
549 777 0.31
551 604 0.12
551 780 0.86
552 788 0.12
552 847 0.56
552 965 0.76
554 887 0.12
555 622 0.01
555 854 0.27
555 882 0.53
555 889 0.41
557 791 0.95
560 864 0.72
561 738 0.31
561 853 0.02
561 906 1.0
563 792 0.76
564 646 0.47
564 671 0.5
565 617 0.67
565 787 0.05
565 917 0.83
568 636 0.77
568 787 0.39
568 814 0.27
569 936 0.58
570 765 0.09
570 891 0.28
572 725 0.75
575 949 0.32
576 730 0.37
576 865 0.86
577 651 0.59
578 862 0.33
579 720 0.63
580 683 0.26
582 885 0.88
583 814 0.02
583 829 0.6
583 830 0.11
586 663 0.06
586 708 0.26
586 836 0.95
586 970 0.73
586 996 0.98
588 739 0.83
588 880 0.31
588 995 0.39
589 658 0.31
590 981 0.79
594 871 0.87
598 688 0.25
599 715 0.39
603 912 0.23
607 912 0.15
608 838 0.61
608 947 0.14
612 750 0.75
614 863 0.28
619 645 0.2
619 819 0.43
621 740 0.04
621 750 0.89
621 942 0.51
624 693 0.43
624 973 0.63
625 840 0.9
626 630 0.62
627 784 0.43
629 811 0.72
632 724 0.17
633 669 0.29
633 699 0.99
633 885 0.5
635 764 0.26
635 783 0.54
635 841 0.43
636 654 0.46
638 794 0.18
638 829 0.84
639 666 0.93
639 868 0.45
641 821 0.05
648 673 0.84
649 669 0.79
651 718 0.52
654 661 0.39
656 697 0.72
656 898 0.81
658 725 0.6
658 847 0.36
660 992 0.38
661 695 0.03
663 777 0.37
668 849 0.05
670 751 0.01
673 683 0.7
675 892 0.45
678 737 0.05
680 889 0.53
680 976 0.11
682 684 0.84
682 719 0.46
682 732 0.01
682 809 0.42
684 998 0.65
692 726 0.04
692 883 0.49
693 793 0.47
693 801 0.97
694 927 0.01
697 767 0.97
697 928 0.29
697 934 0.03
698 916 0.84
699 999 0.77
700 884 0.33
702 797 0.24
704 877 0.3
705 803 0.2
706 716 0.74
706 905 0.86
708 732 0.73
708 815 0.03
708 875 0.02
716 940 0.87
718 796 0.44
719 848 0.05
719 989 0.67
721 872 0.49
723 915 0.82
724 745 0.41
726 968 0.41
727 809 0.36
728 840 0.34
729 871 0.11
730 743 0.24
730 999 0.46
732 762 0.19
732 879 0.05
739 751 0.88
742 969 0.39
749 904 0.55
749 937 0.92
751 792 0.32
757 764 0.25
757 824 0.22
759 827 0.17
759 901 0.12
760 804 0.77
762 813 0.59
763 886 0.42
764 990 0.91
769 928 0.71
769 932 0.05
770 880 0.94
770 953 0.74
772 862 0.04
772 911 0.0
774 971 0.89
791 867 0.99
791 991 0.78
794 890 0.01
797 825 0.66
797 917 0.78
799 854 0.66
799 944 0.42
803 872 0.09
810 998 0.43
815 986 0.23
816 957 0.15
819 840 0.88
819 980 0.29
820 865 0.15
824 920 0.66
829 955 0.28
834 870 0.96
836 973 0.13
850 852 0.66
850 961 0.42
853 990 1.0
854 921 0.71
860 969 0.92
863 864 0.68
866 906 0.41
871 894 0.09
872 924 0.07
876 999 0.89
880 950 0.33
885 922 0.32
886 905 0.72
890 983 0.04
897 972 0.88
904 994 0.5
905 983 0.25
912 979 0.71
913 961 0.35
918 960 0.79
922 964 0.43
931 994 0.32
932 938 0.44
951 986 0.16
990 997 0.77
