0 3 0.05
0 4 0.03
0 6 0.05
0 21 0.19
0 63 0.25
0 83 0.31
0 88 0.86
0 95 0.07
1 3 0.24
1 4 0.63
1 5 0.85
1 9 0.26
1 12 0.75
1 18 0.72
1 20 0.35
1 25 0.92
1 31 0.53
1 33 0.03
1 37 0.14
1 39 0.25
1 44 0.69
1 45 0.31
1 47 0.26
1 48 0.49
1 52 0.03
1 56 0.47
1 62 0.86
1 64 0.84
1 71 0.86
1 72 0.76
1 99 0.23
2 3 0.49
2 4 0.69
2 5 0.08
2 7 0.42
2 8 0.28
2 9 0.26
2 10 0.06
2 11 0.61
2 15 0.33
2 21 0.22
2 33 0.67
2 40 0.12
2 50 0.17
2 52 0.44
2 53 0.57
2 63 0.55
2 76 0.21
2 83 0.57
2 85 0.2
2 91 0.71
3 6 0.46
3 9 0.53
3 10 0.29
3 12 0.65
3 15 0.81
3 16 0.65
3 19 0.01
3 23 0.94
3 25 0.13
3 30 0.7
3 31 0.68
3 38 0.08
3 50 0.49
3 60 0.88
3 73 0.47
4 5 0.32
4 28 0.41
4 64 0.14
4 83 0.54
5 6 0.01
5 7 0.11
5 8 0.87
5 13 0.5
5 14 0.67
5 20 0.36
5 26 0.26
5 47 0.25
5 67 0.83
6 7 0.12
6 8 0.24
6 10 0.95
6 11 0.75
6 13 0.06
6 14 0.87
6 17 0.43
6 18 0.8
6 22 0.6
6 23 0.24
6 24 0.06
6 28 0.32
6 30 0.83
6 39 0.88
6 54 0.83
6 64 0.26
6 69 0.47
6 77 0.8
6 81 0.77
6 92 0.81
6 97 0.01
6 99 0.04
7 14 0.23
7 48 0.36
7 49 0.98
7 56 0.03
7 65 0.6
8 11 0.07
8 13 0.57
8 27 0.77
8 31 0.71
8 37 0.13
8 68 0.47
8 73 0.85
9 21 0.35
9 41 0.46
9 49 0.58
9 59 0.55
9 84 0.63
10 12 0.55
10 15 0.42
10 16 0.93
10 27 0.97
10 47 0.39
10 51 0.55
10 63 0.21
10 68 0.52
10 74 0.33
10 85 0.89
10 94 0.91
11 36 0.94
11 45 0.05
11 78 0.72
12 42 0.22
12 82 0.04
12 87 0.67
13 17 0.56
13 20 0.7
13 30 0.53
13 33 0.16
13 34 0.19
13 41 0.98
13 42 0.98
13 43 0.46
13 49 0.17
13 75 0.4
13 84 0.82
13 89 0.75
13 93 0.43
14 19 0.84
15 16 0.37
15 25 0.61
15 32 1.0
15 35 0.73
15 40 0.26
15 81 0.55
15 88 0.6
16 17 0.16
16 24 0.88
16 26 0.58
16 55 0.78
16 66 0.22
16 70 0.28
17 18 0.95
17 22 0.5
17 23 0.55
17 28 0.9
17 29 0.12
17 35 0.38
17 36 0.52
17 46 0.6
17 53 0.22
17 55 0.99
17 61 0.84
17 69 0.92
17 77 0.54
17 79 0.32
17 86 0.07
17 98 0.13
18 19 0.69
18 29 0.81
18 61 0.07
18 75 0.44
19 22 0.47
19 40 0.24
19 41 0.02
19 43 0.5
19 48 0.68
19 61 0.12
19 65 0.74
19 85 0.03
19 89 0.08
19 91 0.71
20 29 0.5
20 54 0.97
20 59 0.95
20 82 0.23
21 32 0.41
22 26 0.99
22 32 0.51
22 46 0.17
23 24 0.49
23 35 0.67
23 39 0.08
23 44 0.37
23 60 0.22
23 77 0.5
23 92 0.68
23 98 0.07
24 74 0.35
25 27 0.41
25 36 0.59
25 53 0.16
25 87 0.02
25 95 0.01
26 72 0.93
28 56 0.17
28 68 0.04
29 43 0.07
29 67 0.92
29 80 0.41
29 90 0.58
30 37 0.17
30 42 0.58
30 71 0.33
30 73 0.25
31 38 0.76
31 44 0.07
31 54 0.71
31 57 0.52
32 34 0.91
32 80 0.8
33 34 0.16
33 38 0.49
33 89 0.72
34 62 0.87
34 65 0.81
35 45 0.19
35 57 0.87
36 93 0.45
37 97 0.1
39 71 0.49
39 91 0.95
40 59 0.31
41 62 0.82
41 87 0.4
42 76 0.66
42 90 0.42
43 60 0.68
43 90 0.73
43 96 0.73
44 46 0.8
44 51 0.92
44 74 0.29
46 55 0.98
47 52 0.07
47 66 0.17
47 70 0.74
47 76 0.72
47 82 0.18
47 95 0.96
48 51 0.26
48 58 0.71
49 50 0.7
49 99 0.77
50 70 0.32
50 79 0.98
51 58 0.78
51 67 0.06
51 78 0.67
51 97 0.88
52 78 0.86
53 66 0.84
54 57 0.05
55 58 0.37
57 86 0.01
57 93 0.26
58 69 0.48
58 84 0.81
59 79 0.82
62 80 0.49
64 75 0.33
64 81 0.35
70 72 0.49
70 94 0.91
72 88 0.32
75 94 0.14
75 96 0.27
77 98 0.28
81 92 0.54
82 86 0.39
83 96 0.44
