0 1 0.39
0 2 0.52
0 3 0.44
0 6 0.29
0 12 0.89
0 14 0.76
0 15 0.4
0 16 0.2
0 21 0.91
0 24 0.49
0 25 0.83
0 27 0.05
0 35 0.9
0 40 0.1
0 41 0.66
0 48 0.76
0 50 0.16
0 58 0.71
0 69 0.56
0 70 0.11
0 76 0.8
0 92 0.61
0 100 0.84
0 106 0.23
0 110 0.45
0 115 0.69
0 132 0.27
0 143 0.65
0 149 0.64
0 154 0.07
0 156 0.03
0 167 0.36
0 175 0.21
0 181 0.31
1 3 0.34
1 4 0.21
1 5 0.52
1 7 0.98
1 8 0.25
1 13 0.07
1 18 0.1
1 35 0.86
1 46 0.99
1 66 0.79
1 77 0.14
1 83 0.72
1 94 0.58
1 105 0.59
1 107 0.31
1 140 0.95
2 8 0.59
2 12 0.03
2 20 0.06
2 23 0.8
2 29 0.92
2 36 0.44
2 42 0.59
2 43 0.74
2 52 0.32
2 67 0.7
2 83 0.44
2 97 0.62
2 102 0.21
2 133 0.7
2 138 0.29
2 140 0.95
2 168 0.0
2 177 0.04
2 178 0.27
3 4 0.16
3 5 0.05
3 6 0.11
3 9 0.61
3 11 0.45
3 19 0.93
3 25 0.73
3 28 0.32
3 32 0.45
3 54 0.88
3 79 0.31
3 93 0.52
3 117 0.67
3 119 0.86
3 128 0.55
3 160 0.52
3 164 0.51
3 169 0.49
3 174 0.92
3 189 0.28
3 196 0.7
3 199 0.18
4 26 0.28
4 28 0.84
4 42 0.81
4 47 0.11
4 63 0.47
4 64 0.07
4 91 0.89
5 7 0.83
5 10 0.38
5 23 0.44
5 29 0.53
5 40 0.92
5 56 0.5
5 58 0.72
5 65 0.75
5 69 0.74
5 89 0.08
5 98 0.62
5 100 0.93
5 118 0.01
5 139 0.87
5 150 0.55
5 155 0.79
5 176 0.19
5 185 0.33
5 191 0.79
6 9 0.48
6 10 0.5
6 11 0.87
6 36 0.35
6 37 0.83
6 39 0.67
6 43 0.35
6 52 0.76
6 68 0.25
6 88 0.61
6 90 0.93
6 106 0.48
6 171 0.01
6 183 0.52
6 184 0.93
8 15 0.37
8 17 0.34
8 19 0.72
8 22 0.44
8 37 0.49
8 53 0.23
8 66 0.25
8 79 0.78
8 81 0.83
8 85 0.47
8 111 0.89
8 142 0.77
8 146 0.81
8 162 0.71
8 165 0.07
8 185 0.09
9 111 0.58
10 20 0.38
10 21 0.54
10 30 0.05
10 44 0.15
10 68 0.58
10 130 0.87
10 137 0.49
10 155 0.61
10 191 0.48
11 17 0.8
11 50 0.01
11 112 0.67
11 121 0.96
11 124 0.33
11 125 0.4
11 197 0.78
12 13 0.09
12 16 0.23
12 27 0.04
12 30 0.93
12 31 0.48
12 45 0.06
12 56 0.49
12 133 0.38
12 135 0.58
12 136 0.25
12 152 0.93
12 180 0.22
12 186 0.09
12 189 0.13
13 14 0.43
13 38 0.55
13 144 0.12
13 165 0.54
14 38 0.69
14 86 0.18
14 117 0.83
14 166 0.05
15 22 0.93
15 72 0.32
15 116 0.76
16 31 0.41
16 109 0.99
17 18 0.28
17 59 0.87
17 94 0.53
17 99 0.79
17 101 0.13
17 110 0.2
17 121 0.33
17 129 0.11
17 160 0.87
17 169 0.24
17 178 0.99
18 95 0.71
18 97 0.13
18 145 0.44
19 64 0.22
19 183 0.1
19 184 0.41
20 33 0.89
20 34 0.24
20 71 0.22
20 73 0.7
20 113 0.8
21 57 0.49
22 48 0.76
22 81 0.71
22 120 0.37
22 145 0.16
23 24 0.34
23 26 0.56
23 33 0.79
23 54 0.72
23 59 0.55
23 77 0.08
23 109 0.51
23 131 0.66
23 137 0.99
24 55 0.81
24 78 0.73
24 151 0.78
24 163 0.72
26 44 0.97
26 51 0.53
26 53 0.98
26 65 0.9
26 119 0.51
26 123 0.67
26 134 0.92
26 141 0.79
26 193 0.27
27 34 0.38
27 55 0.97
27 91 0.3
28 32 0.63
28 39 0.69
28 192 0.67
29 41 0.4
29 126 0.18
29 188 0.57
31 45 0.51
31 63 0.34
31 82 0.51
31 142 0.32
31 167 0.23
32 99 0.05
32 192 1.0
32 195 0.31
34 61 0.32
34 187 0.67
35 103 0.08
36 60 0.91
36 113 0.48
36 177 0.22
36 187 0.42
37 47 0.61
37 84 0.6
37 87 0.24
37 146 0.25
37 159 0.14
38 62 0.24
38 102 0.76
38 141 0.55
39 49 0.33
40 151 0.7
41 49 0.74
41 134 0.81
41 157 0.87
42 84 0.72
43 112 0.79
44 46 0.45
44 72 0.78
44 86 0.86
44 88 0.51
44 89 0.31
44 157 0.01
44 173 0.68
45 75 0.93
45 158 0.05
46 144 0.15
47 51 0.05
47 122 0.53
47 168 0.45
47 179 0.32
47 194 0.75
48 87 0.15
49 101 0.71
49 196 0.77
50 61 0.93
50 92 0.27
50 104 0.53
50 116 0.05
50 143 0.28
51 73 0.46
51 105 0.31
52 57 0.43
54 108 0.84
55 62 0.5
55 76 0.88
55 80 0.4
55 90 0.54
55 114 0.28
55 152 0.25
56 60 0.53
56 80 0.06
56 153 0.61
58 115 0.47
59 74 0.23
59 75 0.22
59 96 0.62
59 103 0.63
59 122 0.79
59 190 0.8
61 74 0.69
62 170 0.99
62 193 0.35
63 71 0.69
63 120 0.91
64 70 0.18
64 186 0.22
65 96 0.21
66 67 0.48
67 78 0.99
69 98 0.04
71 108 0.19
72 128 0.34
73 166 0.51
74 107 0.73
76 118 0.78
77 130 0.88
77 131 0.38
77 158 0.97
77 181 0.91
78 161 0.1
79 104 0.83
79 198 0.24
80 82 0.68
81 162 0.38
83 85 0.46
86 148 0.19
89 163 0.48
91 95 0.84
91 124 0.39
91 127 0.84
91 159 0.95
91 174 0.72
92 93 0.17
92 114 0.79
92 127 0.88
92 148 0.73
93 125 0.23
93 132 0.23
94 171 0.63
99 123 0.42
99 154 0.19
103 129 0.58
103 153 0.21
105 139 0.63
108 126 0.82
111 147 0.86
115 176 0.88
115 188 0.17
115 197 0.9
122 147 0.78
124 136 0.14
124 175 0.13
124 180 0.17
127 135 0.95
130 138 0.82
130 173 0.4
135 150 0.44
136 161 0.99
139 156 0.08
139 182 0.63
140 149 0.57
142 172 0.56
151 164 0.17
154 179 0.84
156 172 0.76
161 198 0.3
166 170 0.17
172 182 0.4
185 190 0.2
186 195 0.08
188 194 0.34
197 199 0.46
