0 3 0.91
0 4 0.14
0 7 0.52
0 10 0.23
0 11 0.03
0 17 0.33
0 18 0.83
0 22 0.91
0 23 0.61
0 25 0.96
0 27 0.31
0 28 0.67
0 45 0.45
0 50 0.26
0 61 0.31
0 75 0.03
0 79 0.32
0 80 0.53
0 83 0.73
0 86 0.99
0 91 0.3
0 95 0.6
0 99 0.42
0 104 0.2
0 119 0.5
0 127 0.78
0 153 0.87
0 158 0.94
0 160 0.7
0 165 0.44
0 173 0.45
1 3 0.27
1 6 0.05
1 8 0.48
1 9 0.75
1 11 0.85
1 13 0.29
1 14 0.3
1 15 0.51
1 22 0.95
1 24 0.33
1 26 0.89
1 35 0.25
1 36 0.3
1 38 0.25
1 42 0.5
1 43 0.16
1 44 0.47
1 46 0.33
1 49 0.2
1 73 0.16
1 75 0.88
1 77 0.16
1 101 0.98
1 104 0.23
1 107 0.72
1 139 0.48
1 147 0.59
1 155 0.11
1 157 0.86
1 170 0.39
1 189 0.72
1 193 0.94
2 3 0.75
2 4 0.08
2 5 0.61
2 18 0.81
2 29 0.23
2 37 0.45
2 38 0.85
2 65 0.9
2 115 0.75
3 4 0.58
3 5 0.46
3 6 0.62
3 7 0.17
3 16 0.24
3 26 0.97
3 31 0.52
3 41 0.09
3 71 0.14
3 88 0.02
3 90 0.73
3 103 0.42
3 116 0.36
3 128 0.45
3 136 0.97
3 144 0.18
3 183 0.27
4 5 0.89
4 6 0.03
4 7 0.73
4 8 0.61
4 9 0.69
4 10 1.0
4 17 0.91
4 20 0.74
4 37 0.24
4 57 0.43
4 66 0.42
4 87 0.73
4 89 0.54
4 92 0.22
4 95 0.27
4 97 0.17
4 110 0.4
4 113 0.3
4 114 0.47
4 117 0.59
4 138 0.1
5 8 0.43
5 12 0.08
5 15 0.53
5 19 0.95
5 31 0.9
5 44 0.61
5 49 0.77
5 74 0.45
5 88 0.51
5 125 0.74
5 132 0.12
5 156 0.48
5 162 0.53
6 10 0.98
6 20 0.53
6 23 0.8
6 31 0.74
6 35 0.97
6 40 0.83
6 43 0.04
6 48 0.43
6 51 0.5
6 55 0.49
6 65 0.06
6 68 0.75
6 70 0.31
6 85 0.73
6 129 0.37
6 153 0.9
6 163 0.12
6 169 0.24
6 171 0.49
6 180 0.77
6 182 0.38
6 184 0.76
7 12 0.8
7 13 0.71
7 15 0.69
7 16 0.04
7 30 0.73
7 45 0.56
7 58 0.18
7 70 0.56
7 75 0.13
7 76 0.83
7 79 0.75
7 94 0.32
7 96 0.99
7 135 0.55
7 139 0.98
7 145 0.53
7 158 0.65
7 189 0.97
7 199 0.21
8 9 0.64
8 14 0.33
8 52 0.87
8 56 0.37
8 74 0.04
8 80 0.94
8 111 0.63
8 121 0.36
8 125 1.0
8 137 0.38
8 187 0.01
9 11 0.07
9 23 0.84
9 25 0.75
9 43 0.15
9 52 0.09
9 63 0.37
9 78 0.57
9 110 0.15
9 119 0.44
9 127 0.13
9 151 0.36
9 164 0.16
9 172 0.92
9 191 0.83
10 13 0.92
10 18 0.15
10 32 0.12
10 33 0.1
10 36 0.25
10 41 0.82
10 59 0.08
10 64 0.57
10 72 0.98
10 76 0.34
10 92 0.46
10 108 0.52
10 113 0.75
10 137 0.99
10 161 0.21
10 199 0.02
11 12 0.11
11 14 0.76
11 178 0.89
12 19 0.87
12 30 0.52
12 34 0.59
12 55 0.03
12 72 0.78
12 101 0.92
12 130 0.47
12 144 0.25
12 157 0.21
12 175 0.6
12 181 0.35
12 194 0.81
13 21 0.59
13 39 0.52
14 27 0.63
14 32 0.85
14 41 0.41
14 51 0.5
14 56 0.97
14 57 0.45
14 60 0.16
14 129 0.96
14 147 0.96
14 171 0.4
15 16 0.63
15 17 0.65
15 51 0.2
15 68 0.61
15 70 0.54
15 99 0.27
15 123 0.33
15 178 0.03
15 191 0.7
16 20 0.95
16 24 0.34
16 25 0.86
16 26 0.03
16 27 0.45
16 34 0.15
16 46 0.95
16 52 0.31
16 53 0.41
16 63 0.62
16 114 0.33
16 115 0.6
16 125 0.08
16 134 0.9
16 140 0.18
16 141 0.31
17 19 0.62
17 21 0.02
17 24 0.99
17 28 0.29
17 46 0.75
17 50 0.24
17 91 0.91
17 106 0.64
17 139 0.78
17 168 0.9
17 179 0.43
17 190 0.89
18 21 0.66
18 28 0.81
18 48 0.47
18 53 0.43
18 59 0.61
18 96 0.39
18 114 0.95
18 173 0.28
18 185 0.27
18 186 0.47
19 22 0.2
19 29 0.91
19 32 0.14
19 35 0.69
19 86 0.55
19 123 0.9
19 142 0.49
19 155 0.77
20 49 0.03
20 83 0.93
21 33 0.11
21 136 0.01
21 160 0.34
21 181 0.15
22 29 0.78
22 33 0.29
22 62 0.05
22 68 0.4
22 95 0.79
22 99 0.9
22 135 0.49
22 192 0.98
23 39 0.64
23 44 0.24
23 88 0.85
23 102 0.5
23 166 0.04
24 91 0.37
24 183 0.6
24 189 0.99
25 47 0.91
25 48 0.13
25 58 0.51
25 66 0.64
25 71 0.16
25 93 0.92
25 98 0.62
25 112 0.32
25 120 0.28
25 130 0.88
25 147 0.76
25 154 0.12
25 166 0.6
25 185 0.48
26 30 0.14
26 40 0.1
26 45 0.61
26 55 0.91
26 60 0.23
26 64 0.73
26 69 0.66
26 73 0.4
26 94 0.96
26 123 0.29
26 131 0.75
26 136 0.22
26 198 0.28
27 39 0.24
27 40 0.54
27 53 0.81
27 60 0.55
27 73 0.5
27 84 0.94
27 115 0.14
27 196 0.56
27 197 0.23
28 34 0.79
28 64 0.22
28 86 0.07
28 90 0.63
28 103 0.19
28 105 0.27
28 107 0.04
28 148 0.58
28 150 0.58
28 156 0.06
28 176 0.75
28 194 0.81
29 100 0.07
30 37 0.55
30 42 0.64
30 63 0.45
30 67 0.11
30 69 0.1
30 82 0.59
30 85 0.74
30 116 0.7
30 162 0.28
30 179 0.87
31 80 0.43
31 148 0.66
32 47 0.86
33 42 0.19
33 141 0.15
33 164 0.66
35 36 0.64
35 56 0.83
35 66 0.48
35 77 0.94
35 81 0.75
35 98 0.1
35 102 0.68
35 124 0.99
36 38 0.25
36 67 0.06
36 82 0.58
36 109 0.16
36 171 0.66
37 74 0.3
37 124 0.54
38 148 0.1
38 192 0.21
38 198 0.36
39 120 0.12
39 195 0.19
40 54 0.02
40 57 0.65
40 69 0.8
40 172 0.62
40 175 0.04
40 176 0.25
40 193 0.09
41 50 0.39
41 84 0.17
42 62 0.28
42 106 0.9
42 111 1.0
42 149 0.62
42 187 0.2
43 58 0.14
43 65 0.58
43 84 0.01
43 94 0.86
43 131 0.74
43 150 0.05
44 61 0.28
44 67 0.38
44 106 0.59
44 131 0.86
44 132 0.94
44 173 0.56
45 59 0.85
45 168 0.48
46 47 0.07
46 142 0.96
48 102 0.03
48 110 0.66
48 118 0.02
48 153 0.7
48 165 0.57
48 180 0.06
50 54 0.36
50 77 0.8
50 87 0.29
50 89 0.88
50 103 0.05
50 112 0.06
50 134 0.4
50 146 0.2
50 187 0.02
52 177 0.3
53 54 0.81
53 79 0.48
53 81 0.11
53 109 0.98
53 111 0.47
53 122 0.71
53 138 0.21
54 96 0.32
54 168 0.64
54 177 0.24
55 100 0.36
55 174 0.07
56 188 0.1
57 169 0.45
57 174 0.09
58 61 0.88
58 92 0.98
58 142 0.1
58 180 0.16
59 112 0.06
60 62 0.19
60 71 0.99
61 118 0.14
61 126 0.47
61 155 0.72
61 161 0.91
62 97 0.54
62 140 0.19
62 159 0.3
62 170 0.34
63 138 0.51
64 145 0.13
64 192 0.11
65 184 0.64
66 82 0.01
66 128 0.43
66 133 0.74
68 122 0.17
68 151 0.45
68 183 0.43
69 87 0.87
69 100 0.85
70 72 0.6
70 83 0.91
70 113 0.04
70 118 0.25
70 146 0.38
70 159 0.82
70 161 0.62
70 166 0.24
70 198 0.47
73 76 0.61
73 78 0.2
73 120 0.13
74 104 0.99
75 89 0.64
75 93 0.16
75 121 0.06
76 176 0.89
77 78 0.19
77 81 0.94
77 122 0.26
78 109 0.27
79 90 0.72
79 124 0.34
79 133 0.43
80 85 0.06
80 156 0.66
81 105 0.86
81 143 0.01
84 158 0.13
85 143 0.79
89 117 0.67
90 116 0.69
91 105 0.43
92 93 0.78
92 98 0.15
92 107 0.71
92 108 0.76
92 119 0.23
93 128 0.22
94 126 0.1
94 197 0.96
95 97 0.46
95 145 0.79
95 191 0.58
96 130 0.92
96 160 0.85
97 196 0.02
99 101 0.1
99 146 0.69
99 152 0.07
100 121 0.94
100 195 0.13
101 137 0.4
106 108 0.7
106 188 0.41
107 163 0.09
107 177 0.38
107 182 0.38
108 129 0.3
111 134 0.42
111 178 0.13
112 117 0.15
112 135 0.49
112 141 0.29
112 159 0.54
113 144 0.05
113 149 0.61
113 152 0.52
113 167 0.37
113 172 0.57
113 193 0.28
114 132 0.51
114 154 0.57
121 126 0.76
121 127 0.92
122 149 0.85
122 157 0.28
123 133 0.77
123 163 0.1
123 182 0.56
125 169 0.5
128 167 0.78
129 167 0.87
130 154 0.02
131 179 0.85
132 186 0.44
134 164 0.23
134 184 0.82
134 194 0.65
135 170 0.61
135 186 0.3
136 140 0.67
136 150 0.42
137 165 0.25
137 174 0.53
137 188 0.29
139 151 0.12
139 181 0.63
140 143 0.94
141 175 0.59
144 152 0.06
147 162 0.29
147 190 0.17
157 190 0.61
163 196 0.57
171 199 0.84
174 185 0.19
181 195 0.07
193 197 0.24
