0 1 0.3
0 2 0.51
0 3 0.08
0 4 0.96
0 5 0.18
0 7 0.3
0 9 0.71
0 10 0.8
0 13 0.12
0 15 0.3
0 16 0.09
0 17 0.9
0 18 0.52
0 19 0.21
0 20 0.29
0 24 0.56
0 25 0.47
0 27 0.77
0 34 0.79
0 37 0.22
0 40 0.54
0 42 0.17
0 70 0.34
0 77 0.14
0 84 0.24
0 102 0.13
0 106 0.37
0 112 0.05
0 115 0.37
0 119 0.43
0 138 0.78
0 151 0.61
0 163 0.45
0 182 0.95
0 209 0.07
0 211 0.36
0 222 0.5
0 238 0.61
0 241 0.53
0 245 0.23
0 251 0.2
0 259 0.58
0 271 0.66
0 281 0.3
0 290 0.86
1 4 0.3
1 6 0.25
1 8 0.59
1 12 0.41
1 17 0.98
1 22 0.89
1 24 0.92
1 31 0.16
1 33 0.67
1 37 0.8
1 39 0.75
1 40 0.32
1 44 0.11
1 46 0.84
1 47 0.7
1 48 0.72
1 50 0.55
1 52 0.51
1 53 0.62
1 58 0.18
1 60 0.1
1 65 0.82
1 66 0.4
1 69 0.97
1 74 0.3
1 81 0.95
1 82 0.41
1 86 0.86
1 96 0.93
1 118 0.9
1 133 0.88
1 139 0.53
1 140 0.27
1 153 0.41
1 171 0.43
1 176 0.45
1 192 0.74
1 197 0.95
1 199 0.74
1 208 0.0
1 210 0.81
1 220 0.1
1 226 0.28
1 244 0.66
1 256 0.33
1 269 0.32
1 272 0.31
1 273 0.76
2 4 0.11
2 5 0.45
2 6 0.2
2 7 0.49
2 8 0.44
2 10 0.05
2 11 0.28
2 14 0.66
2 19 0.03
2 22 0.15
2 26 0.66
2 27 0.4
2 31 0.54
2 32 0.06
2 41 0.07
2 44 0.78
2 51 0.86
2 54 0.2
2 56 0.65
2 62 0.63
2 67 0.26
2 69 0.9
2 75 0.75
2 80 0.97
2 81 0.1
2 85 0.09
2 86 0.06
2 87 0.41
2 106 0.36
2 107 0.29
2 121 0.4
2 135 0.16
2 149 0.58
2 168 0.95
2 173 0.95
2 178 0.1
2 199 0.64
2 200 0.17
2 229 0.59
2 233 0.38
2 239 0.76
2 250 0.28
2 253 0.75
2 268 0.52
2 280 0.13
2 287 0.99
2 295 0.94
2 296 0.61
3 6 0.94
3 10 0.01
3 22 0.31
3 39 0.97
3 46 0.92
3 53 0.0
3 79 0.38
3 129 0.11
3 133 0.97
3 157 0.91
4 5 0.92
4 9 0.3
4 26 0.61
4 40 0.43
4 41 0.35
4 61 0.53
4 74 0.68
4 105 0.93
4 135 0.5
4 136 0.65
4 142 0.76
4 150 0.63
4 168 0.64
4 201 0.62
4 208 0.77
4 210 0.2
4 214 0.88
4 222 0.4
4 233 0.47
4 241 0.03
4 279 0.67
4 287 0.32
5 13 0.68
5 14 0.66
5 17 0.16
5 24 0.99
5 78 0.43
5 94 0.89
5 132 0.58
5 137 0.28
5 150 0.23
5 170 0.91
5 175 0.09
5 188 0.88
5 240 0.19
6 7 0.72
6 8 0.23
6 9 0.16
6 12 0.77
6 15 0.0
6 18 0.01
6 19 0.31
6 21 0.14
6 23 0.55
6 25 0.43
6 31 0.82
6 36 0.14
6 47 0.61
6 49 0.41
6 52 0.68
6 53 0.29
6 91 0.64
6 97 0.31
6 103 0.19
6 104 0.53
6 106 0.67
6 109 0.65
6 117 0.41
6 132 0.94
6 136 0.39
6 141 0.45
6 148 0.72
6 152 0.71
6 171 0.71
6 176 0.73
6 192 0.19
6 203 0.65
6 204 0.0
6 218 0.65
6 225 0.52
6 251 0.36
6 263 0.58
6 291 0.25
7 11 0.73
7 12 0.25
7 30 0.85
7 42 0.21
7 45 0.92
7 48 0.14
7 56 0.07
7 60 0.06
7 73 0.16
7 89 0.04
7 169 0.42
7 188 0.35
7 189 0.56
7 190 0.69
7 198 0.86
7 227 0.81
7 231 0.49
7 243 0.96
7 249 0.53
7 263 0.38
7 268 0.89
7 271 0.68
8 16 0.32
8 33 0.0
8 34 0.27
8 49 0.58
8 119 0.83
8 136 0.24
8 242 0.84
9 11 0.88
9 13 0.39
9 14 0.23
9 16 0.56
9 20 0.74
9 26 0.31
9 27 0.77
9 28 0.97
9 29 0.41
9 36 0.43
9 45 0.61
9 47 0.72
9 59 0.39
9 64 0.49
9 77 0.38
9 86 0.5
9 95 0.26
9 101 0.82
9 102 0.67
9 111 0.33
9 113 0.18
9 114 0.95
9 120 0.86
9 122 0.19
9 127 0.59
9 140 0.27
9 151 0.47
9 156 0.09
9 179 0.58
9 184 0.64
9 202 0.09
9 219 0.18
9 236 0.86
9 242 0.77
9 255 0.91
10 15 0.45
10 43 0.45
10 45 0.48
10 71 0.87
10 75 0.79
10 100 0.03
10 107 0.86
10 114 0.7
10 129 0.51
10 142 0.69
10 153 0.25
10 177 0.27
10 178 0.33
10 207 0.11
10 211 0.66
10 273 0.54
10 293 0.61
11 35 0.76
11 56 0.03
11 62 0.42
11 72 0.87
11 81 0.5
11 124 0.91
11 128 0.73
11 247 0.82
11 265 0.49
12 89 0.71
12 92 0.54
12 144 0.79
12 151 0.09
12 153 0.47
12 194 0.67
12 213 0.88
12 260 0.76
12 270 0.26
13 28 0.95
13 29 0.23
13 44 0.87
13 57 0.25
13 123 0.57
13 128 0.37
13 147 0.92
13 198 0.77
13 209 0.6
13 217 0.36
13 295 0.34
14 25 0.13
14 36 0.18
14 38 0.47
14 57 0.5
14 94 0.72
14 114 0.99
14 119 0.05
14 123 0.99
14 126 0.64
14 130 0.16
14 139 0.28
14 162 0.72
14 169 0.87
14 215 0.91
14 220 0.09
14 281 0.07
14 292 0.02
15 21 0.04
15 32 0.44
15 43 0.78
15 63 0.22
15 147 0.92
16 38 0.1
16 105 0.03
16 122 0.24
16 145 0.08
16 260 0.16
16 265 0.86
17 18 0.5
17 20 0.4
17 23 0.02
17 34 0.53
17 63 0.38
17 83 0.44
17 90 0.21
17 125 0.29
17 139 0.25
17 235 0.99
17 264 0.56
18 21 0.16
18 23 0.26
18 197 0.29
18 217 0.12
18 235 0.6
19 42 0.22
19 73 0.2
19 89 0.18
19 111 0.23
19 208 0.55
19 291 0.66
20 29 0.31
20 67 0.6
20 71 0.91
20 78 0.83
20 108 0.72
20 131 0.42
20 143 0.14
20 161 0.97
21 30 0.07
21 115 0.46
21 129 0.4
21 284 0.17
21 299 0.9
22 35 0.67
22 51 0.83
22 131 0.82
22 142 0.57
22 275 0.65
23 28 0.03
23 164 0.23
24 85 0.58
25 43 0.7
25 90 0.48
25 93 0.51
25 149 0.89
25 155 0.63
25 172 0.95
25 178 0.82
25 179 0.94
25 195 0.92
26 46 0.76
27 30 0.0
27 32 0.0
27 33 0.32
27 38 0.88
27 55 0.17
27 70 0.49
27 150 0.03
27 202 0.46
28 35 0.45
28 64 0.54
28 73 0.42
28 98 0.5
28 110 0.33
28 135 0.98
28 138 0.75
28 141 0.88
29 37 0.34
29 75 0.15
29 99 0.88
29 112 0.63
29 118 0.22
29 203 0.99
29 216 0.92
29 256 0.61
30 58 0.33
30 124 0.85
30 182 0.63
30 195 0.98
31 92 0.09
31 143 0.76
32 39 0.58
32 61 0.71
32 103 0.57
32 116 0.07
32 158 0.1
33 41 0.17
33 50 0.89
33 52 0.65
33 62 0.99
33 80 0.77
33 146 0.22
33 166 0.51
33 238 0.36
33 282 1.0
35 55 0.28
35 59 0.33
35 64 0.85
35 74 0.96
35 97 0.6
35 164 0.34
35 180 0.45
35 279 0.28
36 67 0.51
36 70 0.54
36 76 0.51
36 90 0.38
36 93 0.66
36 225 0.16
36 274 0.22
37 54 0.43
37 115 0.38
37 168 0.06
37 172 0.78
37 224 0.87
37 273 0.45
38 272 0.12
38 289 0.15
40 50 0.58
40 58 0.85
40 130 0.64
40 148 0.46
40 276 0.2
41 80 0.78
41 104 0.62
41 120 0.78
41 157 0.96
41 209 0.16
41 227 0.38
41 231 0.1
41 282 0.51
42 87 0.84
42 98 0.92
42 144 0.02
42 203 0.77
43 48 0.01
43 49 0.86
43 83 0.95
43 92 0.98
43 155 1.0
44 79 0.05
44 99 0.16
44 131 0.09
44 170 0.96
44 280 0.76
45 57 0.87
45 68 0.62
45 116 0.48
45 154 0.25
45 158 0.75
45 188 0.5
45 223 0.64
45 237 0.81
45 271 0.23
46 68 0.92
46 83 0.99
46 113 0.31
46 146 0.54
46 196 0.16
47 213 0.34
48 51 0.46
48 61 0.22
48 71 0.49
48 84 0.14
48 88 0.7
48 93 0.41
48 124 0.58
48 167 0.42
48 180 0.84
48 189 0.96
48 201 0.25
48 238 0.48
48 275 0.09
49 66 0.49
49 107 0.75
49 108 0.9
49 126 0.92
49 133 0.63
49 175 0.8
49 191 0.61
49 248 0.8
50 55 0.13
50 117 0.97
50 167 0.44
51 108 0.77
52 157 0.93
52 197 0.58
52 241 0.8
52 258 0.26
53 54 0.9
53 82 0.47
53 87 0.83
53 127 0.48
54 156 0.04
54 196 0.41
55 60 0.43
55 76 0.73
55 100 0.67
55 102 0.7
55 134 0.78
55 162 0.6
55 183 0.78
55 215 0.49
56 59 0.3
56 77 0.56
56 127 0.19
56 138 0.91
56 164 0.5
56 174 0.82
56 186 0.92
56 187 0.03
56 240 0.53
56 278 0.48
57 116 0.43
58 94 0.9
58 205 0.17
58 296 0.84
59 224 0.92
60 63 0.1
60 65 0.66
60 68 0.24
60 165 0.83
60 179 0.7
60 233 0.94
60 237 0.17
60 261 0.86
61 72 0.84
61 91 0.18
61 111 0.79
61 125 0.82
61 200 0.79
61 294 0.61
62 128 0.61
62 206 0.8
62 213 0.27
63 65 0.02
63 144 0.18
63 154 0.94
64 69 0.0
64 183 0.8
64 298 0.11
65 66 0.12
65 79 0.74
65 163 0.33
65 165 0.35
65 216 0.63
65 254 0.91
65 281 0.47
65 283 0.5
66 84 0.22
66 137 0.37
66 194 0.53
66 215 0.43
66 228 0.99
66 240 0.28
67 110 0.44
67 166 0.8
67 200 0.94
68 109 0.21
68 181 0.67
68 212 0.96
68 266 0.82
68 283 0.63
68 290 0.17
69 72 0.87
69 85 0.31
69 96 0.8
69 147 0.17
69 156 0.72
69 158 0.22
69 182 0.45
69 193 0.65
69 211 0.96
69 229 0.82
69 275 0.91
70 78 0.99
70 169 0.62
70 170 0.4
71 173 0.81
71 261 0.21
72 96 0.97
72 117 0.73
72 242 0.5
73 175 0.66
73 239 0.32
73 250 0.08
74 109 0.75
74 161 0.74
74 194 0.17
74 288 0.41
75 76 0.78
75 88 0.57
75 91 0.71
75 225 0.73
75 230 0.6
76 152 0.73
76 184 0.31
76 224 0.58
77 99 0.16
77 181 0.68
77 185 0.72
78 82 0.63
78 291 0.97
79 247 0.63
80 104 0.2
80 290 0.18
81 162 0.34
81 166 0.38
81 185 0.86
83 252 0.51
84 110 0.29
84 187 0.94
84 206 0.18
84 292 0.44
85 95 0.05
85 120 0.06
85 267 0.93
85 280 0.72
86 141 0.39
86 221 0.96
87 88 0.07
87 159 0.07
87 250 0.93
87 254 0.92
88 95 0.21
88 112 0.22
88 186 0.55
88 216 0.43
88 244 0.38
88 272 0.0
89 121 0.48
89 204 0.51
89 212 0.59
90 219 0.19
90 228 0.93
91 279 0.84
92 274 0.49
93 113 0.79
93 125 0.17
93 130 0.29
93 177 0.05
93 187 0.44
93 284 0.87
94 98 0.09
94 148 0.77
95 97 0.12
95 152 0.7
95 154 0.99
95 159 0.3
95 258 0.96
96 101 0.87
96 118 0.2
96 122 0.56
98 100 0.2
98 103 0.8
98 132 0.03
98 251 0.11
99 101 0.82
99 145 0.38
100 105 0.44
100 123 0.52
100 143 0.85
100 218 0.38
101 298 0.32
102 258 0.18
102 274 0.57
103 167 0.43
104 161 0.76
105 177 0.25
106 195 0.08
106 243 0.04
106 264 0.1
106 294 0.71
107 134 0.52
107 145 0.62
107 160 0.68
107 199 0.57
107 236 0.06
107 253 0.45
107 286 0.5
109 246 0.05
109 255 0.97
111 295 0.62
112 126 0.19
112 174 0.48
112 189 0.89
112 193 0.17
112 247 0.62
112 286 0.34
114 134 0.17
114 146 0.89
114 204 0.63
114 262 0.68
115 221 0.19
116 171 0.2
116 214 0.13
116 244 0.9
117 165 0.16
118 297 0.18
120 121 0.07
120 163 0.49
120 207 0.21
122 198 0.82
122 259 0.7
124 137 0.21
124 190 0.29
124 259 0.32
125 205 0.19
125 207 0.41
126 270 0.39
127 239 0.7
130 227 0.47
131 191 0.09
131 220 0.46
131 231 0.1
133 212 0.33
134 257 0.75
136 266 0.66
138 140 0.38
138 160 0.2
139 232 0.73
139 264 0.89
140 159 0.51
140 285 0.39
142 269 0.51
143 149 0.02
143 173 0.29
143 201 0.53
143 202 0.18
143 268 0.88
143 288 0.92
144 155 0.61
144 172 0.04
144 221 0.04
144 245 0.2
144 257 0.93
145 234 0.62
146 181 0.96
148 288 0.44
149 176 0.12
149 235 0.5
149 245 0.88
150 186 0.72
150 230 0.66
151 196 0.57
151 298 0.01
153 218 0.39
153 293 0.64
154 192 0.37
154 232 0.64
154 284 0.41
155 214 0.81
157 183 0.2
157 246 0.93
157 289 0.33
158 160 0.07
158 174 0.76
161 234 0.3
162 206 0.0
163 191 0.18
163 232 0.31
163 262 0.31
163 265 0.69
163 289 0.24
164 236 0.15
164 296 0.58
165 180 0.39
165 285 0.44
166 266 0.28
167 205 0.15
168 185 0.25
168 217 0.17
168 234 0.28
169 252 0.75
170 219 0.1
171 237 0.21
171 243 0.26
176 184 0.7
178 278 0.17
179 190 0.11
179 193 0.27
179 270 0.02
182 276 0.84
182 283 0.91
185 246 0.0
188 252 0.88
188 292 0.51
189 228 0.54
195 257 0.55
197 226 0.04
199 222 0.46
199 267 0.57
199 277 0.03
203 210 0.63
203 223 0.39
204 223 0.97
204 249 0.55
205 287 0.17
209 294 0.88
211 230 0.84
212 297 0.19
213 285 0.84
214 253 0.6
215 226 0.42
218 277 0.39
219 256 0.23
223 229 0.35
223 248 0.25
223 297 0.33
225 299 0.79
233 249 0.28
235 248 0.68
236 254 0.37
241 255 0.92
241 260 0.08
242 261 0.23
242 262 0.42
242 267 0.04
242 277 0.04
247 263 0.73
252 278 0.96
253 269 0.47
257 276 0.96
257 286 0.82
269 293 0.38
279 282 0.28
286 299 0.51
