0 3 0.97
0 4 0.16
0 5 0.63
0 18 0.7
0 65 0.87
0 102 0.74
0 116 0.83
0 145 0.08
0 150 0.77
0 267 0.09
0 328 0.49
0 352 0.53
0 388 0.46
0 431 0.55
1 3 0.39
1 263 0.06
1 489 0.09
2 3 0.32
2 4 0.66
2 5 0.13
2 6 0.53
2 7 0.26
2 8 0.49
2 11 0.85
2 21 0.89
2 30 0.59
2 36 0.21
2 74 0.8
2 76 0.07
2 82 0.31
2 96 0.12
2 104 0.04
2 106 0.94
2 119 0.42
2 158 0.22
2 176 0.33
2 185 0.32
2 196 0.36
2 215 0.7
2 243 0.48
2 293 0.58
2 336 0.94
2 372 0.13
2 382 0.64
2 408 0.21
2 420 0.06
2 427 0.87
2 434 0.34
2 474 0.01
2 499 0.09
3 4 0.84
3 7 0.13
3 8 0.32
3 11 0.07
3 12 0.9
3 16 0.63
3 18 0.55
3 19 0.98
3 20 0.21
3 22 0.44
3 24 0.07
3 26 0.89
3 27 0.91
3 31 0.5
3 33 0.73
3 36 0.2
3 40 0.11
3 48 0.08
3 54 0.31
3 55 0.68
3 56 0.59
3 59 0.74
3 60 0.71
3 66 0.76
3 68 0.82
3 69 0.42
3 70 0.03
3 74 0.2
3 75 0.15
3 76 0.53
3 82 0.05
3 83 0.33
3 84 0.52
3 87 0.94
3 94 0.09
3 101 0.22
3 106 0.42
3 109 0.59
3 110 0.34
3 123 0.12
3 126 0.75
3 132 0.69
3 134 0.0
3 139 0.71
3 152 0.12
3 160 0.24
3 162 0.34
3 164 0.81
3 173 0.0
3 177 0.3
3 187 0.76
3 208 0.29
3 209 0.28
3 221 0.53
3 225 0.71
3 226 0.93
3 229 0.22
3 232 0.76
3 238 0.07
3 239 0.84
3 245 0.96
3 248 0.95
3 249 0.55
3 253 0.48
3 254 0.44
3 274 0.78
3 278 0.1
3 281 0.62
3 284 0.47
3 286 0.67
3 293 0.82
3 300 0.25
3 314 0.28
3 322 0.8
3 327 0.03
3 328 0.7
3 343 0.93
3 347 0.15
3 354 0.23
3 358 0.13
3 370 0.07
3 381 0.74
3 411 0.85
3 413 0.44
3 454 0.35
3 459 0.09
3 460 0.78
3 461 0.83
3 463 0.17
3 466 0.25
3 473 0.8
3 475 0.8
3 476 0.73
3 478 0.04
3 481 0.25
3 483 0.33
3 485 0.0
4 5 0.55
4 6 0.79
4 7 0.46
4 15 0.6
4 17 0.53
4 19 0.92
4 23 0.07
4 27 0.77
4 30 0.31
4 40 0.93
4 41 0.13
4 42 0.39
4 44 0.87
4 56 0.33
4 66 0.85
4 79 0.73
4 83 0.65
4 99 0.18
4 112 0.2
4 132 0.22
4 135 0.7
4 136 0.33
4 142 0.96
4 151 0.48
4 155 0.57
4 168 0.25
4 171 0.86
4 184 0.59
4 205 0.85
4 226 0.1
4 234 0.81
4 241 0.76
4 248 0.29
4 258 0.99
4 263 0.77
4 339 0.4
4 353 0.17
4 358 0.58
4 361 0.27
4 369 0.01
4 422 0.54
4 450 0.36
4 451 0.79
4 457 0.38
4 472 0.89
4 475 0.53
4 479 0.58
4 497 0.09
5 6 0.55
5 9 0.12
5 280 0.53
5 362 0.8
5 384 0.57
6 9 0.92
6 10 0.58
6 15 0.11
6 16 0.65
6 32 0.97
6 45 0.51
6 54 0.08
6 58 0.39
6 59 0.44
6 63 0.76
6 64 0.76
6 68 0.88
6 73 0.19
6 80 0.94
6 95 0.72
6 96 0.12
6 97 0.37
6 102 0.27
6 122 0.41
6 124 0.95
6 125 0.5
6 126 0.39
6 127 0.45
6 130 0.75
6 133 0.22
6 152 0.38
6 157 0.1
6 174 0.87
6 175 0.27
6 181 0.66
6 186 0.17
6 189 0.06
6 190 0.99
6 221 0.24
6 228 0.33
6 247 0.11
6 258 0.72
6 271 0.63
6 272 0.53
6 288 0.09
6 295 0.64
6 303 0.91
6 310 0.13
6 337 0.76
6 338 0.65
6 344 0.97
6 376 0.91
6 385 0.67
6 388 0.65
6 405 0.37
6 417 0.45
6 435 0.0
6 441 0.21
6 463 0.43
6 476 0.16
6 492 0.72
7 8 0.93
7 9 0.52
7 10 0.41
7 11 0.64
7 12 0.86
7 14 0.03
7 15 0.89
7 23 0.22
7 24 0.24
7 25 0.34
7 26 0.78
7 32 0.54
7 35 0.07
7 37 0.5
7 44 0.35
7 57 0.36
7 62 0.06
7 64 0.93
7 85 0.12
7 108 0.9
7 113 0.35
7 125 0.45
7 136 0.16
7 147 0.03
7 149 0.06
7 166 0.57
7 169 0.97
7 174 0.96
7 176 0.54
7 177 0.77
7 194 0.65
7 198 0.7
7 204 0.09
7 223 0.88
7 240 0.7
7 241 0.19
7 247 0.47
7 254 0.67
7 257 0.64
7 277 0.51
7 291 0.02
7 296 0.24
7 308 0.36
7 333 0.91
7 368 0.42
7 456 0.43
7 471 0.5
7 472 0.03
7 478 0.78
8 10 0.71
8 12 0.74
8 13 0.29
8 14 0.72
8 17 0.49
8 24 0.63
8 44 0.91
8 46 0.19
8 48 0.24
8 52 0.87
8 88 0.33
8 91 0.52
8 124 0.34
8 160 0.68
8 170 0.45
8 172 0.29
8 193 0.37
8 205 0.99
8 207 0.76
8 210 0.84
8 213 0.96
8 230 0.59
8 251 0.14
8 256 0.87
8 263 0.32
8 285 0.39
8 329 0.17
8 339 0.66
8 456 0.13
8 462 0.15
8 487 0.22
8 495 0.77
9 13 0.68
9 26 0.99
9 28 0.71
9 32 0.7
9 39 0.46
9 47 0.03
9 63 0.1
9 115 0.94
9 117 0.49
9 128 0.71
9 137 0.12
9 212 0.77
9 315 0.05
9 321 0.55
9 335 0.73
9 351 0.27
9 390 0.47
9 480 0.92
10 18 0.07
10 31 0.03
10 45 0.76
10 51 0.97
10 65 0.24
10 294 0.54
10 334 0.7
10 377 0.03
10 440 0.14
11 13 0.71
11 14 0.68
11 22 0.93
11 34 0.46
11 39 0.97
11 43 0.25
11 48 0.98
11 53 0.27
11 61 0.99
11 84 0.41
11 105 0.72
11 130 0.63
11 140 0.58
11 145 0.62
11 152 0.92
11 169 0.53
11 210 0.11
11 228 0.54
11 266 0.04
11 283 0.09
11 294 0.54
11 296 0.62
11 330 0.51
11 351 0.5
11 363 0.39
11 379 0.88
11 449 0.16
12 16 0.69
12 20 0.88
12 21 0.39
12 28 0.45
12 29 0.63
12 46 0.24
12 49 0.54
12 72 0.67
12 80 0.2
12 112 0.33
12 162 0.64
12 185 0.35
12 196 0.3
12 207 0.01
12 266 0.25
12 272 0.67
12 287 0.84
12 290 0.01
12 305 0.63
12 309 0.13
12 342 0.64
12 348 0.18
12 365 0.78
12 424 0.33
12 454 0.77
12 457 0.49
12 488 0.65
13 25 0.5
13 31 0.5
13 41 0.18
13 42 0.18
13 81 0.64
13 85 0.82
13 87 0.34
13 183 0.3
13 300 0.69
13 358 0.86
13 414 0.53
13 486 0.12
13 498 0.94
14 432 0.75
15 17 0.63
15 22 0.82
15 23 0.79
15 27 0.16
15 29 0.26
15 34 0.92
15 35 0.09
15 38 0.98
15 43 0.52
15 49 0.6
15 61 0.0
15 83 0.99
15 88 0.16
15 125 0.56
15 129 0.84
15 130 0.03
15 141 0.52
15 157 0.89
15 161 0.12
15 163 0.45
15 172 0.24
15 179 0.68
15 187 0.3
15 190 0.46
15 228 0.18
15 239 0.75
15 264 0.53
15 275 0.39
15 299 0.34
15 301 0.2
15 309 0.06
15 315 0.86
15 344 0.69
15 367 0.03
15 386 0.06
15 394 0.95
15 395 0.8
15 398 0.76
15 418 0.42
15 427 0.19
15 439 0.46
15 468 0.63
15 491 0.5
16 20 0.3
16 21 0.26
16 37 0.65
16 75 0.41
16 77 0.67
16 87 0.25
16 94 0.68
16 98 0.83
16 109 0.87
16 110 0.33
16 111 0.45
16 120 0.86
16 134 0.38
16 139 0.73
16 165 0.89
16 175 0.74
16 183 0.09
16 267 0.87
16 268 0.89
16 287 0.91
16 322 0.8
16 331 0.03
16 375 0.85
16 376 0.84
16 378 0.53
16 407 0.45
16 423 0.69
16 449 0.1
16 455 0.71
16 462 0.32
16 477 0.1
16 490 0.77
17 19 0.58
17 29 0.13
17 57 0.18
17 74 0.33
17 123 0.54
17 129 0.34
17 166 0.76
17 169 0.31
17 170 0.81
17 172 0.44
17 177 0.47
17 193 0.69
17 233 0.49
17 379 0.16
17 444 0.59
18 90 0.33
18 179 0.84
18 217 0.55
18 219 0.97
18 352 0.73
18 424 0.48
19 51 0.15
19 53 0.66
19 111 0.2
19 168 0.82
19 189 0.66
19 283 0.65
19 315 1.0
19 359 0.14
20 25 0.0
20 86 0.63
20 114 0.09
20 144 0.65
20 178 0.41
20 408 0.18
21 255 0.21
21 441 0.41
22 58 0.78
22 68 0.64
22 70 0.08
22 115 0.43
22 140 0.57
22 146 0.72
22 199 0.17
22 200 0.84
22 240 0.69
22 260 0.12
22 270 0.1
22 366 0.29
22 381 0.31
23 30 0.03
23 35 0.62
23 43 0.04
23 51 0.88
23 55 0.71
23 63 0.02
23 67 0.24
23 79 0.17
23 90 0.37
23 92 0.04
23 95 0.38
23 118 0.34
23 173 0.54
23 229 0.53
23 231 0.28
23 250 0.95
23 269 0.98
23 285 0.55
23 291 0.95
23 317 0.61
23 318 0.33
23 319 0.11
23 340 0.1
23 341 0.57
23 346 0.45
23 360 0.75
23 381 0.92
23 397 0.75
23 491 0.09
24 90 0.92
24 104 0.78
24 120 0.69
24 128 0.75
24 163 0.22
24 181 0.58
24 201 0.14
24 219 0.17
24 261 0.76
25 28 0.29
25 33 0.48
25 36 0.3
25 37 0.25
25 50 0.64
25 59 0.18
25 79 0.4
25 110 0.53
25 121 0.63
25 131 0.98
25 180 0.19
25 207 0.56
25 248 0.34
25 286 0.55
25 379 0.08
25 416 0.11
25 437 0.97
25 479 0.62
25 494 0.76
26 34 0.02
26 40 0.06
26 47 0.52
26 50 0.57
26 57 0.61
26 58 0.21
26 69 0.81
26 92 0.86
26 107 0.26
26 178 0.16
26 210 0.83
26 245 0.23
26 246 0.34
26 254 0.08
26 345 0.85
26 385 0.42
26 419 0.16
26 430 0.23
27 73 0.08
27 305 0.79
27 445 0.84
28 33 0.47
28 80 0.45
28 161 0.73
28 180 0.28
28 274 0.82
28 290 0.25
28 430 0.11
28 440 0.84
28 447 0.6
29 42 0.48
29 46 0.98
29 72 0.46
29 163 0.81
29 249 1.0
29 282 0.95
29 355 0.45
29 401 0.19
29 410 0.46
29 427 0.27
29 448 0.87
30 38 0.55
30 52 0.26
30 62 0.26
30 65 0.57
30 71 0.29
30 117 0.61
30 142 1.0
30 194 0.38
30 218 0.67
30 243 0.17
30 333 0.15
30 357 0.28
30 393 0.81
30 482 0.43
30 487 0.92
31 121 0.37
31 306 0.63
32 171 0.58
32 217 0.58
32 400 0.37
32 448 0.88
33 77 0.3
33 91 0.9
33 143 0.67
33 230 0.78
33 236 0.73
33 284 0.11
33 330 0.51
33 337 0.67
33 369 0.1
33 438 0.57
34 39 0.77
34 164 0.04
34 183 0.6
34 195 0.54
34 201 0.67
34 202 0.18
34 255 0.83
34 302 0.54
34 328 0.33
34 493 0.52
35 60 0.61
35 67 0.5
35 173 0.29
35 234 0.65
35 273 0.49
35 470 0.8
35 480 0.48
35 497 0.98
36 38 0.12
36 41 0.52
36 52 0.84
36 64 0.41
36 75 0.49
36 133 0.55
36 146 0.17
36 151 0.89
36 168 0.03
36 218 0.65
36 301 0.54
36 373 0.96
36 375 0.61
36 453 0.01
36 465 0.49
36 473 0.47
36 483 0.89
36 494 0.52
38 49 0.33
38 67 0.96
38 213 0.64
38 250 0.0
38 265 0.02
39 45 0.47
39 54 0.26
39 88 0.07
39 101 0.61
39 103 0.72
39 122 0.32
39 156 0.78
39 203 0.92
39 242 0.96
39 252 0.91
39 294 0.8
39 295 0.78
39 313 0.16
39 350 0.7
39 393 0.23
39 498 0.95
40 50 0.21
40 123 0.02
40 155 0.75
40 197 0.67
40 199 0.68
40 265 0.51
40 409 0.97
41 47 0.19
41 109 0.59
41 323 0.07
41 339 0.68
41 371 0.43
41 415 0.26
41 422 0.98
42 69 0.4
42 81 0.64
42 203 0.22
42 406 0.89
42 459 0.19
42 464 0.42
42 490 0.76
43 71 0.65
43 78 0.05
43 138 0.19
43 143 0.15
43 165 0.74
43 212 0.8
43 299 0.1
43 431 0.7
44 60 0.73
44 171 0.61
44 302 0.04
45 89 0.16
45 100 0.65
45 102 0.79
45 113 0.15
45 124 0.58
45 190 0.22
45 309 0.77
45 332 0.37
45 449 0.88
45 467 0.13
45 495 0.73
46 160 0.16
46 287 0.56
46 467 0.14
47 62 0.44
47 94 0.49
47 118 0.65
47 126 0.89
47 136 0.46
47 256 0.93
47 291 0.56
47 340 0.13
47 421 0.93
47 433 0.13
47 452 0.28
47 458 0.27
47 493 0.4
48 116 0.52
48 142 0.29
48 156 0.83
48 194 0.69
48 212 0.09
48 224 0.01
48 226 0.82
48 244 0.44
48 264 0.09
48 282 0.51
48 320 0.43
48 342 0.62
48 346 0.88
48 375 0.22
48 414 0.45
48 417 0.39
48 437 0.97
48 496 0.06
49 406 0.09
49 460 0.8
50 112 0.47
50 159 0.87
50 377 0.05
50 416 0.34
52 53 0.6
52 191 0.6
52 216 0.97
52 233 0.44
52 244 0.83
52 401 0.53
52 464 0.42
53 131 0.99
53 251 0.43
53 313 0.39
54 55 0.86
54 89 0.48
54 131 0.03
54 193 0.48
54 246 0.78
54 259 0.36
54 288 0.33
54 354 0.35
54 394 0.83
54 443 0.54
54 445 0.61
55 56 0.72
55 78 0.44
55 85 0.65
55 95 0.6
55 100 0.83
55 107 0.82
55 133 0.39
55 154 0.32
55 233 0.54
55 275 0.39
55 281 0.56
55 467 0.93
55 473 0.42
56 186 0.21
56 249 0.31
56 276 0.2
56 363 0.23
56 446 0.01
57 82 0.51
57 206 0.22
57 238 0.09
57 349 0.0
57 476 0.66
58 61 0.7
58 66 0.82
58 84 0.13
58 107 0.65
58 119 0.61
58 234 0.8
58 317 0.48
58 426 0.73
58 435 0.86
59 77 0.42
59 216 0.6
59 348 0.53
60 92 0.78
60 93 0.99
60 146 0.52
60 155 0.27
60 195 0.94
60 209 0.93
60 253 0.64
60 290 0.13
60 337 0.86
60 368 0.49
60 436 0.47
61 72 0.08
63 89 0.61
63 113 0.32
63 293 0.76
64 73 0.83
64 96 0.47
64 101 0.35
64 167 0.36
65 78 0.48
65 81 0.6
65 99 0.55
65 192 0.11
65 211 0.28
65 214 0.61
65 292 0.3
65 367 0.39
65 372 0.26
65 374 0.89
65 380 0.02
65 417 0.81
65 469 0.74
65 474 0.71
65 484 0.5
67 70 0.41
67 71 0.45
67 86 0.52
67 134 0.42
67 137 0.23
67 158 0.88
67 271 0.11
67 311 0.8
67 319 0.67
67 320 0.85
67 332 0.76
67 334 0.51
67 338 0.11
67 350 0.32
67 475 0.3
67 484 0.37
68 151 0.51
68 323 0.39
68 446 0.84
69 128 0.59
69 135 0.08
69 214 0.62
69 333 0.3
70 91 0.69
70 184 0.39
70 360 0.46
70 371 0.72
71 148 0.76
71 258 0.05
72 270 0.31
72 321 0.19
72 433 0.45
73 76 0.63
73 93 0.23
73 141 0.85
73 189 0.01
73 227 0.68
73 253 0.29
73 260 0.38
73 268 0.89
73 330 0.3
73 396 0.69
73 416 0.43
74 98 0.86
74 182 0.82
74 352 0.16
75 140 0.06
76 103 0.04
76 119 0.73
76 145 0.41
76 154 0.46
76 179 0.62
76 232 0.01
76 251 0.69
76 284 0.24
76 347 0.74
76 469 0.77
77 153 0.06
77 345 0.43
78 156 0.84
78 322 0.45
78 343 0.98
78 401 0.98
79 144 0.87
79 386 0.5
80 150 0.18
80 153 0.5
80 204 0.13
80 273 0.57
80 278 0.47
80 324 0.08
80 363 0.31
80 425 0.43
80 442 0.36
81 86 0.37
81 334 0.62
82 132 0.96
82 178 0.26
82 186 0.19
82 271 0.46
83 97 0.71
83 137 0.97
84 149 0.35
84 272 0.0
85 176 1.0
85 239 1.0
85 252 0.09
85 268 0.02
85 281 0.85
85 282 0.6
87 99 0.04
87 105 0.86
87 135 0.52
87 220 0.86
87 295 0.98
87 317 0.51
87 390 0.6
87 404 0.94
88 429 0.67
89 98 0.02
89 127 0.34
89 304 0.75
90 242 0.34
90 324 0.9
90 329 0.73
90 388 0.83
91 215 0.28
92 93 0.41
92 97 0.46
92 106 0.42
92 122 0.03
92 174 0.72
93 250 0.08
93 277 0.99
93 357 0.53
93 382 0.45
93 470 0.29
93 485 0.54
94 114 0.98
94 127 0.07
95 117 0.38
95 143 0.41
95 269 0.07
95 289 0.68
95 418 0.6
95 432 0.14
95 439 0.0
96 120 0.44
96 147 0.51
96 260 0.88
97 111 0.51
98 100 0.9
98 103 0.38
98 115 0.17
98 116 0.01
98 164 0.17
98 225 0.05
98 245 0.66
98 297 0.52
98 300 0.36
98 312 0.86
98 335 0.77
98 371 0.78
98 404 0.11
98 489 0.71
99 108 0.83
99 222 0.85
99 244 0.37
99 262 0.95
99 399 0.12
100 138 0.83
100 483 0.31
101 104 0.58
101 105 0.5
101 147 0.19
101 175 0.54
101 298 0.8
101 391 0.15
101 409 0.03
103 188 0.84
103 195 0.21
103 211 0.01
103 231 0.14
103 394 0.85
103 405 0.36
103 477 0.43
104 350 0.69
104 373 0.81
106 167 0.96
106 208 0.86
106 297 0.46
106 340 0.03
106 418 0.46
107 108 0.45
107 159 0.72
107 197 0.29
107 434 0.39
108 114 0.07
108 129 0.53
108 162 0.41
108 166 0.32
108 225 0.29
108 240 0.9
108 302 0.3
109 182 0.84
109 200 0.77
109 230 0.05
109 237 0.93
109 347 0.43
109 373 0.55
109 385 1.0
109 493 0.77
110 148 0.85
110 165 0.38
110 191 0.9
110 222 0.49
110 310 0.97
110 331 0.83
110 438 0.38
111 148 0.91
111 224 0.35
111 259 0.42
111 286 0.72
111 470 0.18
111 485 0.64
112 378 0.38
112 395 0.97
113 138 0.57
113 170 0.75
113 202 0.41
113 303 0.04
113 452 0.98
114 159 0.83
114 196 0.45
115 213 0.39
115 307 0.85
115 345 0.93
115 387 0.96
116 118 0.03
116 157 0.67
116 182 0.75
116 198 0.02
116 331 0.94
118 241 0.14
118 312 0.05
118 429 0.35
119 121 0.08
119 191 0.32
119 203 0.22
119 279 0.53
120 184 0.73
120 277 0.8
120 462 0.88
121 221 0.0
121 279 0.6
121 306 0.94
121 409 0.52
121 415 0.81
123 180 0.36
123 188 0.37
123 446 0.74
124 257 0.8
124 412 0.31
127 141 0.48
127 149 0.29
127 199 0.06
128 153 0.04
128 220 0.79
128 274 0.85
128 420 0.68
129 154 0.01
130 292 0.82
131 289 0.67
132 235 0.87
132 451 0.88
133 139 0.94
133 259 0.18
133 444 0.9
135 236 0.72
135 463 0.84
137 144 0.61
137 150 0.11
137 310 0.44
137 374 0.11
138 185 0.21
139 384 0.05
139 425 0.53
139 490 0.6
140 161 0.9
140 188 0.06
140 222 0.56
140 279 0.41
140 412 0.07
142 301 0.29
142 316 0.66
143 181 0.41
143 192 0.51
143 353 0.95
143 383 0.09
144 206 0.44
144 269 0.07
144 278 0.3
144 387 0.16
144 415 0.3
145 265 0.62
145 484 0.11
146 390 0.78
148 314 0.82
148 320 0.76
149 227 0.17
150 214 0.53
150 231 0.61
150 236 0.01
150 395 0.94
151 326 0.11
151 411 0.89
151 497 0.1
153 224 1.0
153 264 0.05
153 275 0.03
153 319 0.59
153 410 0.81
155 325 0.64
156 389 0.47
156 498 0.71
157 158 0.0
157 201 0.23
157 223 0.64
157 235 0.01
157 255 0.15
157 423 0.74
158 280 0.13
158 399 0.13
159 326 0.69
161 386 0.26
161 453 0.6
162 167 0.75
162 439 0.45
163 292 0.26
163 338 0.49
164 216 0.17
164 237 0.97
164 321 0.98
164 361 0.11
164 364 0.35
166 404 0.41
167 192 0.24
167 204 0.43
167 325 0.26
167 444 0.88
168 208 0.41
168 406 0.96
169 197 0.97
171 283 0.73
171 489 0.49
172 206 0.35
172 335 0.43
172 486 0.89
173 200 0.64
174 187 0.42
174 243 0.18
177 198 0.56
177 202 0.51
177 257 0.44
177 387 0.14
178 356 0.32
179 223 0.42
179 266 0.22
179 420 0.52
179 456 0.5
179 496 0.08
181 229 0.71
181 436 0.31
182 232 0.53
182 496 0.46
183 487 0.01
184 211 0.63
184 452 0.26
185 238 0.91
185 348 0.08
186 205 0.13
186 298 0.37
186 479 0.87
186 488 0.35
187 262 0.76
187 318 0.14
188 215 0.68
188 304 0.56
188 323 0.95
188 356 0.93
188 397 0.94
188 428 0.39
189 304 0.14
190 336 0.71
191 237 0.62
191 246 0.84
191 324 0.02
191 364 0.43
192 440 0.99
193 428 0.72
194 273 0.6
197 313 0.77
197 380 1.0
197 458 0.01
198 308 0.23
198 341 0.7
200 209 0.38
200 220 0.0
200 327 0.83
202 218 0.5
202 362 0.09
202 425 0.34
203 285 0.43
203 377 0.07
205 276 0.27
205 306 0.58
205 314 0.1
206 270 0.81
206 355 0.5
206 359 0.02
206 362 0.3
206 384 0.09
206 400 0.14
206 499 0.79
207 434 0.63
211 311 0.76
211 332 0.73
211 380 0.88
211 391 0.18
212 219 0.18
212 407 0.4
212 414 0.04
213 217 0.37
214 465 0.91
215 252 0.97
216 242 0.08
217 227 0.68
219 276 0.96
220 366 0.04
223 235 0.72
225 296 0.3
226 247 0.64
226 298 0.91
226 426 0.13
226 469 0.15
227 261 0.95
227 297 0.44
227 308 0.03
227 396 0.53
227 454 0.82
227 465 0.64
227 466 0.28
228 280 0.67
229 396 0.39
230 410 0.08
231 343 0.35
231 378 0.39
231 419 0.08
231 422 0.94
232 267 0.19
232 341 0.37
234 374 0.15
234 407 0.48
234 459 0.8
236 423 0.78
236 445 0.29
237 325 0.9
237 441 0.13
238 289 0.86
239 256 0.52
240 383 0.4
240 468 0.92
246 318 0.45
246 360 0.74
246 382 0.89
251 336 0.23
253 433 0.53
254 303 0.94
254 346 0.53
255 261 0.75
256 400 0.71
256 408 0.95
256 447 0.21
256 450 0.44
257 262 0.62
262 307 0.95
263 403 0.55
264 398 0.89
266 461 0.31
266 482 0.79
267 366 0.52
268 288 0.11
268 357 0.22
270 312 0.32
270 398 0.91
270 495 0.46
274 356 0.86
275 351 0.33
275 455 0.73
276 369 0.56
278 438 0.07
280 299 0.25
280 437 0.29
281 355 0.55
281 448 0.49
282 307 0.53
284 429 0.85
285 457 0.68
286 327 0.03
286 399 0.66
288 316 0.47
288 365 0.25
288 458 0.95
289 432 0.82
290 393 0.31
291 450 0.26
292 392 0.89
293 443 0.28
297 305 0.91
298 372 0.89
300 349 0.65
300 471 0.76
303 480 0.61
304 342 0.7
306 316 0.95
307 359 0.02
308 481 0.71
309 311 0.41
312 443 0.2
314 455 0.15
315 383 0.32
315 411 0.42
315 419 0.01
315 481 0.39
316 353 0.42
316 402 0.41
316 482 0.35
317 349 0.9
319 354 0.21
320 326 0.63
320 344 0.86
320 361 0.15
323 329 0.75
323 403 0.34
329 405 0.12
332 389 0.34
337 364 0.45
337 426 0.09
338 491 0.36
339 471 0.64
340 403 0.4
340 447 0.97
346 365 0.01
349 430 0.19
350 442 0.59
351 368 0.8
352 376 0.02
352 392 0.16
352 428 0.57
354 435 0.87
356 492 0.47
360 472 0.65
362 402 0.58
362 477 0.34
362 499 0.81
363 367 0.44
363 391 0.24
363 421 0.92
364 370 0.52
365 370 0.77
368 460 0.06
369 412 0.02
373 397 0.24
373 464 0.51
374 389 0.23
375 488 0.05
377 402 0.87
382 453 0.77
387 451 0.44
388 392 0.57
395 468 0.83
396 413 0.68
396 466 0.02
406 424 0.46
406 431 0.36
408 413 0.97
408 494 0.38
411 421 0.8
419 478 0.13
429 436 0.18
432 474 0.29
433 442 0.18
433 461 0.52
458 486 0.67
463 492 0.18
