0 3 0.93
0 4 0.19
0 5 0.01
0 6 0.21
0 12 0.05
0 13 0.58
0 14 0.65
0 25 0.3
0 33 0.64
1 3 0.41
1 6 0.05
1 10 0.84
1 13 0.5
1 14 1.0
1 16 0.09
1 27 0.66
1 40 0.71
2 3 0.7
2 4 0.29
2 5 0.94
2 7 0.27
2 12 0.29
2 17 0.59
2 18 0.31
2 19 0.2
2 20 0.32
2 21 0.84
2 36 0.94
2 38 0.72
2 42 0.32
2 46 0.77
3 4 0.6
3 5 0.01
3 11 0.92
3 14 0.37
3 16 0.69
3 19 0.38
3 21 0.47
3 24 0.1
3 27 0.56
3 31 0.15
3 33 0.47
3 39 0.25
3 43 0.22
3 44 0.14
4 8 0.17
4 9 0.08
4 16 0.66
4 22 0.76
4 32 0.2
4 36 0.94
4 41 0.03
5 6 0.08
5 7 0.54
5 8 0.5
5 9 0.84
5 10 0.77
5 11 0.48
5 15 0.52
5 17 0.05
5 23 0.99
5 45 0.28
6 7 0.36
7 8 0.84
7 9 0.57
7 11 0.96
7 18 0.69
7 24 0.52
7 25 0.35
7 29 0.53
7 35 0.9
7 49 0.45
8 10 0.05
8 30 0.29
8 34 0.31
9 13 0.02
9 15 0.84
9 35 0.03
9 43 0.52
10 23 0.4
10 29 0.54
10 32 0.15
11 12 0.36
11 15 0.16
11 19 0.77
11 20 0.97
11 21 0.21
11 22 0.96
12 20 0.41
12 22 0.01
12 28 1.0
12 30 0.2
12 33 0.38
12 41 0.78
12 47 0.01
13 28 0.71
13 42 0.4
13 48 0.2
14 17 0.38
14 26 0.63
14 46 0.4
15 18 0.3
15 24 0.91
15 30 0.5
15 36 0.09
16 45 0.6
17 26 0.99
17 27 0.13
17 37 0.06
17 48 0.37
18 45 0.97
18 48 0.54
19 29 0.56
19 38 0.7
20 25 0.49
20 34 0.75
20 35 0.03
20 42 0.66
20 44 0.56
20 46 0.28
22 23 1.0
22 28 0.82
22 31 0.96
23 26 0.37
24 39 0.53
24 49 0.74
25 37 0.04
26 44 0.74
28 32 0.13
29 31 0.78
29 37 0.42
29 47 0.3
31 34 0.72
31 40 0.62
32 47 0.46
35 41 0.59
35 49 0.45
36 39 0.79
36 40 0.87
37 38 0.45
42 43 0.83
