0 1 0.36
0 2 0.69
0 3 0.09
0 4 0.83
0 5 0.8
0 6 0.29
1 5 0.33
1 6 0.24
1 230 0.07
1 231 0.22
1 368 0.46
1 403 0.09
1 450 0.25
1 451 0.21
2 4 0.2
2 8 0.31
2 9 0.53
2 26 0.86
2 43 0.85
2 47 0.63
2 61 0.92
2 70 0.91
2 174 0.25
2 183 0.05
2 244 0.31
2 245 0.97
2 249 0.89
2 250 0.34
3 186 0.96
4 11 0.77
4 26 0.8
4 27 0.09
4 52 0.97
4 60 0.4
4 63 0.25
4 66 0.21
4 72 0.41
4 94 0.65
4 96 0.82
4 107 0.13
4 165 0.57
4 181 0.19
4 183 0.43
4 186 0.91
4 208 0.31
4 235 0.56
4 240 0.47
4 241 0.76
4 244 0.59
4 245 0.97
4 262 0.8
4 290 0.73
4 429 0.97
4 438 0.77
5 6 0.68
5 230 0.69
5 328 0.43
5 330 0.36
5 402 0.48
5 415 0.01
5 451 0.75
6 203 0.59
6 230 0.13
6 231 0.21
6 327 0.33
6 330 0.71
6 346 0.55
6 347 0.86
6 348 0.58
6 368 0.79
6 385 0.69
6 386 0.87
6 403 0.63
6 415 0.92
6 451 0.0
7 8 0.18
7 9 0.93
8 9 0.28
8 10 0.85
8 11 0.61
8 12 0.04
8 17 0.86
8 25 0.57
8 26 0.08
8 27 0.87
8 29 0.96
8 31 0.32
8 39 0.78
8 43 0.24
8 51 0.02
8 52 0.71
8 53 0.78
8 59 0.78
8 60 0.75
8 62 0.78
8 63 0.38
8 64 0.56
8 65 0.07
8 66 0.87
8 67 0.8
8 69 0.15
8 71 0.28
8 72 0.62
8 73 0.6
8 80 0.19
8 81 0.91
8 82 0.57
8 83 0.44
8 84 0.59
8 86 0.72
8 87 0.68
8 90 0.44
8 91 0.71
8 93 0.29
8 96 0.72
8 97 0.38
8 104 0.15
8 105 0.37
8 106 0.42
8 108 0.91
8 109 0.15
8 123 0.05
8 125 0.71
8 133 0.24
8 140 0.35
8 141 0.82
8 142 0.01
8 143 0.43
8 144 0.18
8 165 0.68
8 174 0.69
8 175 0.2
8 176 0.52
8 179 0.84
8 181 0.48
8 182 0.34
8 183 0.0
8 184 0.17
8 185 0.56
8 186 0.3
8 187 0.9
8 195 0.26
8 196 0.93
8 197 0.83
8 199 0.83
8 200 0.08
8 206 0.21
8 209 0.81
8 210 0.43
8 214 0.26
8 220 0.96
8 234 0.32
8 235 0.49
8 236 0.3
8 237 0.26
8 240 0.45
8 241 0.87
8 242 0.86
8 243 0.98
8 244 0.11
8 245 0.23
8 248 0.8
8 250 0.57
8 251 0.49
8 257 0.86
8 262 0.29
8 266 0.52
8 276 0.15
8 285 0.25
8 289 0.82
8 290 0.38
8 292 0.11
8 295 0.52
8 296 0.12
8 297 0.5
8 307 0.92
8 323 0.01
8 324 0.41
8 325 0.04
8 340 0.76
8 341 0.05
8 351 0.84
8 353 0.61
8 356 0.34
8 358 0.76
8 359 0.47
8 365 0.57
8 366 0.34
8 375 0.89
8 381 0.03
8 391 0.5
8 392 0.8
8 408 0.38
8 422 0.87
8 427 0.02
8 429 0.22
8 431 0.38
8 434 0.72
8 438 0.76
8 439 0.58
8 440 0.1
8 441 0.64
8 442 0.83
8 443 0.34
8 444 0.98
8 445 0.15
8 446 0.59
9 11 0.38
9 26 0.31
9 27 0.04
9 43 0.02
9 51 0.92
9 52 0.09
9 53 0.67
9 60 0.09
9 63 0.74
9 64 0.91
9 66 0.54
9 72 0.15
9 80 0.5
9 82 0.85
9 84 0.23
9 93 0.84
9 96 0.42
9 97 0.36
9 108 0.94
9 123 0.16
9 125 1.0
9 133 0.29
9 140 0.16
9 144 0.64
9 174 0.1
9 179 0.19
9 181 0.51
9 185 0.67
9 197 0.6
9 234 0.86
9 236 0.13
9 240 0.38
9 241 0.61
9 244 0.23
9 257 0.24
9 262 0.17
9 289 0.18
9 295 0.66
9 358 0.64
9 366 0.79
9 381 0.18
9 408 0.34
9 422 0.56
9 429 0.82
10 11 0.36
10 12 0.38
11 12 0.03
11 24 0.91
11 26 0.91
11 52 0.23
11 55 0.51
11 59 0.69
11 61 0.79
11 65 0.39
11 66 0.49
11 70 0.15
11 90 0.5
11 144 0.85
11 172 0.22
11 174 0.08
11 180 0.22
11 184 0.58
11 186 1.0
11 223 0.2
11 236 0.23
11 242 0.32
11 244 0.56
11 274 0.46
11 287 0.17
11 356 0.84
11 381 0.66
11 392 0.03
11 393 0.28
12 27 0.99
12 66 0.06
12 266 0.61
12 287 0.47
12 291 0.13
12 409 0.22
12 410 0.28
12 472 0.89
13 14 0.67
13 15 0.71
13 16 0.96
13 17 0.69
13 18 0.69
13 19 0.84
13 20 0.3
13 21 0.25
13 22 0.12
13 23 0.84
14 15 0.62
14 21 0.83
14 85 0.49
14 133 0.23
14 193 0.24
14 194 0.89
15 18 0.18
15 20 0.89
15 22 0.91
15 191 0.83
15 193 0.67
15 194 0.59
15 283 0.03
15 394 0.76
16 17 0.49
16 19 0.86
16 191 0.72
16 192 0.1
16 193 0.94
16 194 0.29
17 25 0.75
17 47 0.29
17 52 0.18
17 64 0.62
17 72 0.23
17 74 0.54
17 79 0.34
17 161 0.7
17 164 0.81
17 168 0.58
17 169 0.37
17 245 0.73
17 247 0.55
17 270 0.86
17 369 0.97
17 419 0.56
18 21 0.64
18 85 0.32
18 133 0.2
18 193 0.46
18 194 0.93
19 194 0.08
20 21 0.6
20 85 0.78
20 193 0.85
20 194 0.4
20 207 0.57
20 383 0.39
20 394 0.0
20 449 0.26
20 467 0.21
21 22 0.59
21 85 0.18
21 192 0.92
21 194 0.65
22 84 0.31
22 85 0.38
22 192 0.27
22 193 0.54
22 194 0.33
22 394 0.25
23 253 0.47
24 25 0.18
24 26 0.93
24 27 0.01
24 28 0.63
25 26 0.98
25 70 0.76
25 172 0.07
25 174 0.82
25 200 0.17
25 205 0.33
25 207 0.29
25 352 0.41
25 422 0.66
25 423 0.42
25 424 0.8
25 425 0.97
26 27 0.85
26 43 0.14
26 47 0.79
26 51 0.59
26 52 0.71
26 54 0.51
26 55 0.18
26 58 0.88
26 59 0.33
26 61 0.97
26 63 0.89
26 65 0.32
26 66 0.31
26 72 0.21
26 73 0.84
26 80 0.56
26 82 0.5
26 93 0.31
26 94 0.59
26 96 0.21
26 97 0.48
26 107 0.49
26 172 0.62
26 174 0.62
26 177 0.77
26 178 0.06
26 180 0.36
26 181 0.46
26 183 0.63
26 184 0.94
26 186 0.79
26 234 0.52
26 236 0.93
26 237 0.83
26 239 0.38
26 240 0.11
26 241 0.68
26 244 0.59
26 245 0.36
26 262 0.5
26 274 0.31
26 275 0.08
26 291 0.33
26 298 0.32
27 55 0.19
27 59 0.83
27 61 0.73
27 65 0.99
27 66 0.45
27 90 0.35
27 172 0.18
27 174 1.0
27 180 0.19
27 181 0.86
27 183 0.22
27 236 0.15
27 239 0.69
27 242 0.09
27 291 0.61
29 30 0.49
29 31 0.09
29 32 0.14
30 460 0.71
31 51 0.88
31 53 0.65
31 61 0.98
31 63 0.33
31 67 0.26
31 71 0.0
31 72 0.99
31 80 0.25
31 82 0.64
31 104 0.15
31 165 0.84
31 175 0.79
31 176 0.07
31 209 0.07
31 276 0.09
32 460 0.98
33 34 0.67
33 35 0.71
33 36 0.57
33 37 0.35
33 38 0.06
34 35 0.27
34 37 0.69
34 336 0.83
34 337 0.83
34 338 0.74
34 339 0.51
35 36 0.6
35 37 0.88
35 336 0.72
35 378 0.76
36 37 0.4
37 336 0.91
37 337 0.99
37 338 0.82
37 339 0.63
37 379 0.86
37 389 0.92
38 113 0.83
38 116 0.89
38 118 0.9
38 119 0.96
38 121 0.31
38 124 0.05
38 126 0.31
38 127 0.9
38 129 0.7
38 130 0.53
38 131 0.26
38 132 0.54
38 135 0.47
38 137 0.82
38 139 0.41
38 145 0.79
38 146 0.41
38 147 0.63
38 148 0.27
38 149 0.87
38 150 0.88
38 151 0.75
38 152 0.8
38 153 0.68
38 154 0.53
38 155 0.74
38 156 0.77
38 157 0.74
38 158 0.4
38 159 0.83
38 160 0.82
38 189 0.49
38 254 0.9
38 255 0.38
38 277 0.74
38 278 0.84
38 288 0.08
38 314 0.56
38 317 0.39
38 318 0.39
38 319 0.13
38 337 0.47
38 343 0.56
38 344 0.59
38 373 0.34
38 397 0.57
38 405 0.12
38 406 0.94
38 407 0.32
38 437 0.82
38 462 0.86
38 463 0.4
38 464 0.11
38 465 0.85
38 488 0.77
38 489 0.81
38 492 0.36
38 496 0.6
39 40 0.9
39 41 0.54
39 42 0.77
39 43 0.89
39 44 0.09
39 45 0.83
40 67 0.3
40 115 0.59
40 276 0.68
41 42 0.53
41 45 0.3
41 322 0.7
42 44 0.16
42 45 0.09
43 55 0.89
43 59 0.45
43 61 0.27
43 66 0.9
43 78 0.62
43 170 0.99
43 172 0.91
43 174 0.1
43 179 0.19
43 180 0.24
43 181 0.49
43 182 0.54
43 183 0.31
43 184 0.38
43 185 0.01
43 186 0.5
43 187 0.62
44 322 0.64
45 322 0.66
46 47 0.54
46 48 0.52
46 49 0.42
46 50 0.59
47 51 0.01
47 52 0.97
47 53 0.48
47 63 0.17
47 70 0.55
47 72 0.95
47 80 0.31
47 82 0.09
47 97 0.92
47 108 0.16
47 125 0.46
47 181 0.82
47 234 0.85
47 236 0.31
47 241 0.78
47 244 0.64
47 259 0.22
47 292 0.31
48 50 0.97
49 308 0.19
49 309 0.59
49 310 0.11
49 311 0.1
49 312 0.85
50 387 0.35
50 469 0.75
51 52 0.42
51 53 0.54
51 54 0.67
51 55 0.1
51 56 0.2
51 57 0.59
51 58 0.41
51 59 0.29
51 60 0.51
51 61 0.55
51 62 0.59
51 63 0.09
51 64 0.33
51 65 0.82
51 66 0.23
51 67 0.93
51 68 0.63
51 69 0.72
51 70 0.43
51 71 0.43
51 72 0.63
51 73 0.22
51 74 0.16
52 53 0.28
52 55 0.12
52 58 0.81
52 60 0.29
52 61 1.0
52 63 0.21
52 65 0.94
52 69 0.9
52 72 0.12
52 80 0.39
52 82 0.22
52 93 0.55
52 108 0.78
52 186 0.52
52 209 0.58
52 211 0.01
52 240 0.68
52 241 0.84
52 244 0.15
52 246 0.98
52 262 0.73
52 290 0.43
52 351 0.32
52 352 0.46
53 55 0.77
53 56 0.74
53 57 0.64
53 58 0.0
53 59 0.95
53 61 0.25
53 63 0.44
53 64 0.93
53 67 0.08
53 68 0.31
53 70 0.92
53 71 0.47
53 72 0.64
53 73 0.05
53 80 0.23
53 107 0.51
53 170 0.43
53 176 0.28
53 178 0.27
53 209 0.3
53 235 0.69
53 239 0.32
53 244 0.87
53 245 0.88
53 259 0.02
53 275 0.68
53 290 0.89
53 364 0.82
53 385 0.01
53 386 0.38
53 461 0.5
54 274 0.46
55 63 0.52
55 64 0.96
55 65 0.89
55 66 0.38
55 72 0.38
55 73 0.04
55 82 0.62
55 96 0.81
55 104 0.8
55 107 0.03
55 108 0.44
55 174 0.65
55 181 0.97
55 183 0.48
55 223 0.1
55 233 0.21
55 240 0.26
55 263 0.26
55 353 0.05
56 63 0.61
56 72 0.25
56 80 0.12
57 63 0.74
57 72 0.05
57 80 0.51
57 82 0.47
57 108 0.35
57 165 0.64
57 181 0.99
57 234 0.59
57 236 0.51
57 257 0.1
57 259 0.24
57 290 0.52
58 63 0.77
58 64 0.35
58 69 0.36
58 72 0.7
58 80 0.24
58 82 0.4
58 94 0.11
58 96 0.98
58 108 0.1
58 211 0.31
58 214 0.31
58 241 0.31
58 259 0.82
58 262 0.67
58 292 0.08
58 294 0.94
58 429 0.5
59 63 0.3
59 64 0.97
59 65 0.22
59 66 0.01
59 72 0.82
59 73 0.83
59 82 0.61
59 96 0.72
59 104 0.15
59 107 0.82
59 108 0.72
59 174 0.7
59 181 0.08
59 183 0.56
59 223 0.73
59 233 0.54
59 240 0.09
59 263 0.56
59 353 0.73
60 61 0.23
60 63 0.66
60 65 0.13
60 82 0.92
60 104 0.69
60 165 0.76
60 178 0.56
60 180 0.52
60 236 0.03
60 241 0.4
60 244 0.05
60 245 1.0
60 351 0.32
60 352 0.09
60 470 0.95
61 63 0.19
61 64 0.6
61 66 0.55
61 67 0.41
61 71 0.33
61 72 0.63
61 73 0.67
61 80 0.68
61 82 0.54
61 84 0.83
61 93 0.4
61 104 0.2
61 108 0.3
61 109 0.45
61 140 0.21
61 144 0.13
61 165 0.37
61 174 0.13
61 175 0.69
61 176 0.75
61 181 0.51
61 183 0.98
61 209 0.09
61 234 0.1
61 236 0.34
61 240 0.3
61 241 0.54
61 244 0.72
61 257 0.51
61 276 0.41
61 295 0.85
61 296 0.4
61 297 0.79
62 63 0.34
62 66 0.32
62 72 0.57
62 80 0.81
62 81 0.92
62 82 0.01
62 83 0.71
62 84 0.59
63 64 0.39
63 65 0.77
63 66 0.14
63 67 0.87
63 68 0.16
63 69 0.92
63 70 0.18
63 71 0.65
63 72 0.42
63 73 0.98
63 74 0.01
63 80 0.23
63 82 0.32
63 83 0.51
63 89 0.94
63 94 0.19
63 108 0.93
63 164 0.69
63 172 0.98
63 174 0.01
63 178 0.36
63 183 0.79
63 186 0.37
63 208 0.32
63 223 0.86
63 235 0.18
63 239 0.77
63 245 0.32
63 257 0.42
63 259 0.99
63 260 0.17
63 261 0.35
63 273 0.55
63 274 0.29
63 275 0.51
63 362 0.21
63 385 0.84
63 386 0.04
64 72 0.23
64 74 0.91
64 80 0.1
64 82 0.15
64 91 0.96
64 97 0.55
64 108 0.26
64 134 0.98
64 164 0.82
64 168 0.54
64 236 0.3
64 258 0.47
64 268 0.29
64 459 0.03
64 475 0.53
65 66 0.28
65 72 0.7
65 80 0.47
65 82 0.69
65 83 0.93
65 174 0.74
65 180 0.14
65 181 0.24
65 186 0.13
65 240 0.21
65 260 0.26
65 261 0.43
65 290 0.9
65 295 0.2
65 324 0.59
65 422 0.97
65 426 0.67
65 427 0.65
65 428 0.91
65 429 0.67
65 430 0.58
66 71 0.84
66 72 0.74
66 73 0.11
66 80 0.16
66 82 0.67
66 96 0.17
66 104 0.22
66 169 0.46
66 172 0.62
66 174 0.73
66 179 0.17
66 180 0.87
66 181 0.8
66 182 0.52
66 183 0.31
66 184 0.27
66 186 0.65
66 205 0.38
66 207 0.79
66 235 0.78
66 236 1.0
66 237 0.95
66 238 0.5
66 239 0.95
66 240 0.46
66 241 0.85
66 242 0.35
66 243 0.89
66 244 0.6
66 245 0.91
66 246 0.62
66 247 0.3
67 72 0.82
67 80 0.83
67 82 0.82
67 104 0.35
67 108 0.23
67 176 0.2
67 276 0.16
68 72 0.17
68 80 0.66
69 72 0.64
69 74 0.93
69 80 0.92
69 82 0.77
69 179 0.67
69 258 0.06
69 268 0.32
70 72 0.78
70 104 0.46
70 105 0.54
70 106 0.18
70 107 0.69
70 108 0.04
70 109 0.25
71 72 0.31
71 80 0.05
71 82 0.25
71 104 0.76
71 108 0.75
71 125 0.25
71 176 0.18
71 209 0.16
71 262 0.32
72 73 0.65
72 74 0.09
72 80 0.49
72 82 0.57
72 83 0.1
72 141 0.55
72 164 0.23
72 176 0.94
72 180 0.75
72 182 0.86
72 186 0.82
72 204 0.59
72 205 0.1
72 207 0.91
72 211 0.5
72 214 0.47
72 223 0.57
72 235 0.8
72 257 0.27
72 258 0.53
72 259 0.28
72 260 0.19
72 261 0.64
72 262 0.69
72 263 0.08
72 264 0.53
72 265 0.74
72 266 0.13
72 267 0.49
72 268 0.49
73 275 0.18
74 80 0.18
74 82 0.7
74 97 0.18
74 161 0.15
74 204 0.17
74 248 0.3
74 256 0.42
74 259 0.69
74 264 0.96
74 267 0.92
74 269 0.24
74 270 0.92
74 282 0.65
74 283 0.29
74 292 0.17
74 293 0.9
74 294 0.67
74 315 0.07
74 325 0.94
74 367 0.79
74 376 0.93
74 380 0.91
74 420 0.38
74 453 0.26
74 454 0.79
74 476 0.64
74 493 0.85
75 76 0.36
75 77 0.09
76 78 0.39
76 396 0.59
76 481 0.63
77 111 0.03
77 164 0.52
77 168 0.92
77 169 0.04
77 171 0.1
77 391 0.19
78 310 0.58
78 311 0.35
78 432 0.09
80 82 0.92
80 91 0.11
80 134 0.58
80 161 0.23
80 164 0.14
80 169 0.04
80 170 0.18
80 171 0.45
80 179 0.86
80 183 0.36
80 184 0.37
80 205 0.96
80 207 0.53
80 223 0.71
80 234 0.33
80 235 0.51
80 236 0.11
80 245 0.68
80 247 0.29
80 259 0.82
80 271 0.25
80 272 0.01
80 273 0.98
80 274 0.32
80 275 0.49
81 84 0.01
81 180 0.95
82 83 0.67
82 91 0.97
82 134 0.93
82 182 0.39
82 186 0.34
82 204 0.49
82 235 0.41
82 263 0.29
82 264 0.88
82 265 0.83
82 267 0.92
82 495 0.89
83 204 0.33
83 205 0.52
83 206 0.36
83 207 0.25
83 208 0.74
83 209 0.17
84 142 0.99
84 143 0.24
84 180 0.66
84 186 0.48
84 237 0.38
84 239 0.42
84 242 0.84
84 359 0.36
84 456 0.59
87 88 0.01
87 89 0.42
87 90 0.59
87 91 0.78
88 260 0.98
88 280 0.43
88 381 0.88
88 482 0.47
89 90 0.18
89 140 0.12
89 144 0.6
89 196 0.41
89 365 0.4
89 366 0.32
90 196 0.74
90 291 0.09
90 316 0.35
90 331 0.46
90 334 0.36
90 355 0.25
90 356 0.05
90 366 0.94
91 134 0.88
91 366 0.29
91 441 0.74
92 93 0.9
92 94 0.22
92 95 0.52
92 96 0.23
92 97 0.47
92 98 0.87
93 245 0.39
93 262 0.47
93 361 0.96
94 186 1.0
94 239 0.23
94 245 0.51
96 133 0.26
96 186 0.94
96 245 0.77
96 263 0.55
97 235 0.88
97 259 0.67
98 179 0.15
99 100 0.35
99 101 0.97
99 102 0.96
99 103 0.73
100 101 0.92
100 103 0.92
101 102 0.3
101 103 0.93
101 240 0.64
101 395 0.27
102 204 0.57
102 267 0.27
102 282 0.24
102 283 0.26
104 176 0.63
104 177 0.91
104 178 0.36
104 290 0.77
104 351 0.67
104 352 0.06
105 107 0.15
105 172 0.81
105 174 0.3
105 245 0.87
107 353 0.33
107 373 0.62
107 374 0.5
108 165 0.0
108 170 0.33
108 176 0.01
108 178 0.54
108 245 0.22
108 262 0.53
108 275 0.11
108 385 0.33
108 386 0.26
109 170 0.95
109 234 0.02
110 111 0.35
111 161 0.14
111 164 0.84
111 168 0.16
111 169 0.3
111 173 0.71
111 369 0.24
111 473 0.98
112 113 0.08
113 116 0.55
113 122 0.83
113 146 0.18
113 148 0.79
113 317 0.68
113 318 0.93
113 319 0.25
114 115 0.54
115 219 0.98
115 220 0.33
115 221 0.92
115 222 0.22
116 117 0.71
116 118 0.12
116 119 0.4
116 120 0.24
116 121 0.71
116 122 0.27
116 123 0.43
116 124 0.12
116 125 0.51
116 126 0.17
116 127 0.15
116 128 0.15
116 129 0.14
116 130 1.0
116 131 0.59
116 132 0.32
116 133 0.02
116 134 0.32
116 135 0.05
116 136 0.22
116 137 0.33
116 138 0.88
116 139 0.96
117 138 0.7
117 197 0.73
117 201 0.31
118 119 0.94
118 135 0.75
118 148 0.55
118 344 0.02
119 121 0.02
119 122 0.9
119 126 0.52
119 129 0.99
119 130 0.1
119 135 0.75
119 137 0.0
119 145 0.46
119 146 0.89
119 147 0.53
119 148 0.38
119 149 0.21
119 150 0.67
119 151 0.33
119 152 0.41
119 153 0.14
119 154 0.02
119 155 0.34
119 156 0.97
119 157 0.1
119 158 0.93
119 159 0.67
119 160 0.34
120 131 0.06
120 146 0.81
120 148 0.73
120 153 0.96
120 278 0.17
121 122 0.96
121 148 0.56
121 151 0.61
121 216 0.48
121 464 0.54
122 130 0.08
122 132 0.02
122 137 0.72
122 148 0.78
122 153 0.51
122 343 0.74
122 407 0.6
122 462 0.39
122 463 0.37
122 464 0.22
122 492 0.14
123 164 0.6
123 196 0.81
123 197 0.73
123 198 0.39
123 201 0.68
124 131 0.66
124 148 0.15
124 153 0.5
124 462 0.22
125 138 0.04
125 195 0.9
125 196 0.29
125 197 0.37
125 198 0.11
125 199 0.66
125 200 0.3
125 201 0.27
126 145 0.62
126 148 0.78
126 154 0.82
126 157 0.36
126 159 0.93
126 254 0.59
126 255 0.77
127 148 0.84
127 317 0.8
128 197 0.96
129 135 0.29
129 148 0.32
130 135 0.74
130 148 0.58
130 149 0.07
130 152 0.63
130 288 0.57
130 343 0.19
130 344 0.77
131 148 0.95
131 153 0.76
131 462 0.05
132 135 0.98
132 148 0.69
132 152 0.5
132 312 0.61
133 138 0.56
133 190 0.36
133 197 0.83
133 201 0.47
133 342 0.11
134 197 1.0
134 265 0.64
134 272 0.41
135 136 0.85
135 139 0.69
135 148 0.3
135 149 0.73
135 150 0.88
135 151 0.37
135 152 0.2
135 156 0.96
135 158 0.94
135 159 0.05
135 343 0.69
135 344 0.29
135 397 0.91
135 407 0.78
135 462 0.09
135 464 0.52
135 483 0.31
135 489 0.06
135 492 0.22
135 497 0.78
135 498 0.66
135 499 0.34
136 148 0.72
136 152 0.2
136 158 0.57
136 344 0.5
137 148 0.47
137 463 0.55
138 197 0.69
138 201 0.91
138 264 0.69
138 341 0.22
138 401 0.51
139 148 0.55
140 141 0.26
140 142 0.21
140 143 0.05
140 144 0.88
141 223 0.55
141 381 0.17
141 385 0.32
141 386 0.98
142 196 0.07
142 201 0.73
142 206 0.85
142 358 0.9
143 196 0.01
143 206 0.65
143 242 0.44
143 358 0.07
144 460 0.72
144 468 0.39
148 156 0.69
148 318 0.74
148 379 0.7
148 380 0.97
149 152 0.3
150 344 1.0
152 464 0.89
153 277 0.77
153 278 0.43
154 157 0.21
154 255 0.65
154 373 0.9
154 465 0.98
154 488 0.51
155 156 0.4
155 277 0.52
155 278 0.08
155 288 0.82
156 288 0.8
157 480 0.91
159 397 0.05
161 162 0.33
161 163 0.77
161 164 0.98
161 165 0.81
161 166 0.46
161 167 0.61
161 168 0.31
161 169 0.33
161 170 0.25
161 171 0.47
161 172 0.2
161 173 0.72
161 174 0.27
162 164 0.72
162 168 0.56
162 169 0.98
163 164 0.49
163 168 0.47
163 169 0.84
163 171 0.51
164 169 0.22
164 198 0.3
164 323 0.42
164 391 0.23
165 170 0.41
165 186 0.07
165 236 0.03
165 245 0.34
165 295 0.25
166 241 0.48
168 169 0.06
168 173 0.22
168 247 0.14
168 297 0.39
168 416 0.93
168 417 0.54
168 418 0.8
168 419 0.01
169 214 0.11
169 247 0.94
169 367 0.87
169 369 0.03
169 370 0.31
170 236 0.82
170 250 0.02
170 295 0.31
172 180 0.46
172 181 0.31
172 240 0.85
172 244 0.72
172 289 0.28
174 180 0.52
174 181 0.29
174 182 0.96
174 183 0.61
174 184 0.45
174 186 0.67
174 237 0.82
174 240 0.68
174 242 0.09
174 244 0.34
174 245 0.45
174 289 0.43
174 290 0.54
174 291 0.59
175 176 0.2
175 177 0.73
175 178 0.0
176 276 0.48
178 183 0.26
178 295 0.95
178 364 0.38
179 273 0.24
179 424 0.2
180 188 0.62
180 199 0.2
180 206 0.7
180 223 0.23
180 243 0.26
180 244 0.37
180 262 0.97
180 266 0.46
180 284 0.42
180 287 0.66
180 295 0.64
180 324 0.23
180 331 0.76
180 358 0.07
180 390 0.38
180 430 0.79
180 440 0.79
180 466 0.18
181 183 0.68
181 186 0.0
181 239 0.61
181 240 0.43
181 275 0.04
181 298 0.5
181 425 0.37
181 478 0.84
182 474 0.37
183 186 0.16
183 240 0.1
183 245 0.67
183 290 0.45
183 382 0.98
183 413 0.14
183 435 0.38
184 240 0.26
184 243 0.6
184 295 0.7
186 205 0.64
186 207 0.74
186 235 0.98
186 236 0.27
186 240 0.21
186 243 0.06
186 244 0.41
186 257 0.42
186 262 0.45
186 291 0.58
187 236 0.59
187 321 1.0
194 272 0.71
194 283 0.62
196 285 0.96
196 331 0.67
196 334 0.72
196 354 0.43
196 477 0.42
197 201 0.19
197 253 0.39
198 323 0.25
199 351 0.35
199 352 0.7
200 341 0.43
200 342 0.77
201 253 0.14
201 433 0.85
201 439 0.07
202 203 0.66
203 231 0.85
203 327 0.48
204 248 0.93
204 259 0.35
204 264 0.54
204 267 0.35
204 269 0.45
204 283 0.43
204 299 0.95
204 315 0.52
204 349 0.55
204 367 0.81
204 420 0.37
205 240 0.19
205 430 0.02
206 237 0.5
206 351 0.02
206 352 0.59
206 362 0.47
206 466 0.38
207 240 0.12
207 430 0.32
208 290 0.13
208 398 0.7
208 426 0.26
211 212 0.03
211 213 0.22
211 214 0.75
211 215 0.77
212 214 0.0
213 214 0.9
214 215 0.13
214 223 0.43
214 444 0.54
216 217 0.67
216 218 0.44
218 494 0.25
223 224 0.06
223 225 0.43
223 226 0.6
223 227 0.99
223 228 0.46
224 351 0.19
224 352 0.71
225 284 0.3
225 384 0.68
225 385 0.5
225 386 0.43
226 372 0.79
226 487 0.28
228 422 0.49
229 230 0.7
229 231 0.38
230 231 0.67
230 326 0.05
230 327 0.33
230 328 0.06
230 329 0.51
230 330 0.63
231 327 0.92
231 328 0.93
231 329 1.0
231 330 0.25
231 368 0.23
231 451 0.89
231 471 0.14
232 233 0.99
234 236 0.13
234 241 0.63
236 245 0.63
236 251 0.25
236 262 0.6
236 275 0.77
236 335 0.37
237 358 0.82
238 351 0.87
238 352 0.09
239 240 0.77
239 295 0.05
240 244 0.27
240 246 0.86
240 257 0.44
240 274 0.41
240 290 0.11
240 291 0.46
240 298 0.22
240 351 0.73
240 353 0.98
240 373 0.53
240 413 0.06
241 284 0.07
241 290 0.75
241 420 0.76
242 340 0.04
242 351 0.45
243 244 0.44
244 298 0.94
244 351 0.06
244 352 0.3
244 390 0.33
244 393 0.41
244 455 0.21
245 257 0.08
245 262 0.49
245 363 0.96
245 429 0.57
247 252 0.68
247 369 0.06
247 370 0.44
248 283 0.04
257 258 0.68
257 268 0.94
257 274 0.12
257 291 0.73
257 426 0.09
257 434 0.69
259 376 0.1
259 377 0.05
260 398 0.69
261 290 0.92
261 398 0.87
262 275 0.24
262 411 0.21
264 302 0.54
264 304 0.59
264 315 0.0
264 367 0.51
266 422 0.55
267 282 0.17
267 283 0.53
267 420 0.23
269 270 0.1
270 293 0.02
270 453 0.21
270 454 0.44
276 290 0.14
276 295 0.29
277 301 0.7
278 288 0.63
279 280 0.2
280 331 0.81
281 282 0.61
281 283 0.79
282 283 0.32
282 420 0.59
283 299 0.14
283 315 0.05
283 316 0.58
283 420 0.58
284 285 0.64
284 286 0.9
284 287 0.24
285 287 0.83
285 422 0.39
287 324 0.92
287 430 0.74
288 343 0.05
288 462 0.31
288 463 0.04
288 464 0.93
289 290 0.24
290 295 0.56
290 429 0.38
292 293 0.74
292 294 0.61
293 452 0.2
293 453 0.96
293 454 0.55
294 349 0.82
295 361 0.68
295 362 0.7
300 301 0.44
301 385 0.1
301 386 0.14
302 303 0.36
302 304 0.14
302 305 0.78
302 306 0.24
303 304 0.46
303 305 0.59
311 379 0.68
311 412 0.56
312 313 0.39
313 404 0.48
315 316 0.88
316 331 0.35
316 334 0.81
316 356 0.94
316 357 0.41
320 321 0.53
321 414 0.26
321 491 0.38
326 328 0.02
326 330 0.04
326 399 0.01
328 330 0.98
328 368 0.44
328 403 0.95
328 415 0.9
329 330 0.27
329 415 0.3
330 368 0.4
330 403 0.31
330 415 0.54
330 451 0.56
331 332 0.79
331 333 0.19
331 334 0.88
334 356 0.86
334 357 0.66
336 337 0.07
336 339 0.97
336 389 0.06
337 339 0.71
337 379 1.0
338 379 0.57
339 379 0.2
343 344 0.99
345 346 0.47
345 347 0.2
345 348 0.29
349 350 0.99
350 371 0.04
351 358 0.31
351 359 0.56
351 360 0.62
352 358 0.15
352 359 0.89
352 360 0.08
353 390 0.85
354 355 0.26
356 357 0.62
356 447 0.36
357 436 0.1
358 359 0.55
358 456 0.25
359 456 0.1
359 466 0.6
369 391 0.62
369 416 0.28
369 419 0.61
369 458 0.34
374 485 0.08
376 377 0.4
379 388 0.92
379 389 0.73
385 408 0.92
386 408 0.08
393 447 0.43
399 400 0.3
400 404 0.51
402 403 0.41
402 404 0.01
405 406 0.11
405 407 0.78
409 410 0.1
416 419 0.05
418 486 0.51
420 421 0.31
422 467 0.9
422 484 0.14
438 448 0.7
453 454 0.07
456 457 0.07
458 459 0.53
459 490 0.07
478 479 0.31
