0 1 0.48
0 2 0.24
0 59 0.31
0 98 0.01
1 3 0.08
1 17 0.69
1 44 0.42
2 4 0.71
2 75 0.8
3 4 0.08
3 5 0.93
4 58 0.04
4 91 0.84
5 6 0.38
5 7 0.25
6 18 0.29
6 24 0.51
6 34 0.83
6 45 0.09
6 58 0.34
6 82 0.64
6 92 0.61
6 93 0.96
7 55 0.78
7 62 0.1
7 91 0.17
8 9 0.73
8 42 0.09
9 25 0.87
9 72 0.32
10 21 0.71
10 95 0.32
11 71 0.74
11 78 0.17
11 87 0.72
12 13 0.16
12 14 0.62
13 14 0.34
13 20 0.97
14 15 0.34
14 48 0.27
15 16 0.56
15 99 0.49
16 17 0.29
16 70 0.96
16 83 0.87
17 19 0.98
18 20 0.6
18 85 0.91
19 20 0.7
19 58 0.38
19 83 0.87
20 22 0.64
20 63 0.59
20 88 0.4
21 22 0.04
21 23 0.88
22 23 0.68
22 24 0.22
22 50 0.83
23 36 0.2
23 76 0.11
23 82 0.36
24 25 0.9
24 84 0.63
25 55 0.27
25 86 0.45
26 27 0.71
26 28 0.26
27 29 0.85
27 51 0.12
28 30 0.09
28 32 0.25
28 73 0.44
28 97 0.56
29 30 0.22
29 31 0.17
29 40 0.93
29 49 0.08
29 99 0.26
30 31 0.61
30 32 0.58
30 45 0.46
31 32 0.71
31 84 0.28
32 55 0.22
32 81 0.8
33 34 0.19
33 76 0.33
34 80 0.5
34 81 0.6
35 36 0.43
35 37 0.27
35 76 0.15
36 47 0.84
36 64 0.19
36 82 0.86
36 94 0.91
37 38 0.85
37 39 0.99
37 79 0.43
37 98 0.81
38 40 0.7
38 88 0.18
38 90 0.07
39 40 0.43
39 80 0.47
40 52 0.02
41 42 0.47
41 43 0.9
42 43 0.99
42 44 0.36
43 44 0.05
43 97 0.82
43 99 0.51
44 45 0.23
44 62 0.49
44 87 0.12
46 47 0.68
46 96 0.04
47 48 0.55
47 79 0.32
48 49 0.91
48 50 0.31
49 87 0.08
50 52 0.58
50 84 0.88
51 53 0.15
51 82 0.7
51 95 0.53
52 53 0.74
52 54 0.96
52 87 0.34
53 55 0.45
53 93 0.07
54 56 0.39
54 84 0.82
55 57 0.96
55 81 0.57
56 57 0.78
56 65 0.6
57 58 0.55
57 59 0.24
58 80 0.08
59 61 0.2
59 75 0.63
60 61 0.54
60 78 0.27
60 86 0.34
61 62 0.97
61 86 0.18
61 97 0.94
62 63 0.07
63 64 0.33
64 65 0.05
64 78 0.62
65 66 0.94
65 67 0.53
66 67 0.98
66 68 0.65
66 88 0.38
67 68 0.31
67 69 0.15
67 89 0.56
67 90 0.46
68 69 0.55
68 70 0.22
69 70 0.93
69 71 0.81
70 71 0.99
70 96 0.79
71 72 0.7
72 73 0.96
72 74 0.6
73 74 0.38
73 75 0.31
73 89 0.57
74 75 0.67
74 86 0.0
75 77 0.93
76 77 0.5
77 78 0.4
77 79 0.61
77 93 0.19
79 81 0.1
79 85 0.29
79 88 0.02
80 82 0.47
81 82 0.1
82 84 0.86
83 85 0.86
86 98 0.61
91 92 0.19
91 93 0.94
92 94 0.89
94 96 0.14
95 96 0.94
96 97 0.8
96 98 0.64
97 99 0.18
