0 1 0.16
0 2 0.42
0 3 0.3
0 197 0.38
0 198 0.32
0 199 0.97
1 2 0.31
1 3 0.15
1 4 0.06
1 198 0.59
1 199 0.1
2 3 0.3
2 4 0.33
2 5 0.4
2 199 0.35
3 4 0.95
3 5 0.0
3 6 0.94
4 5 0.58
4 6 0.56
4 7 0.07
5 6 0.2
5 7 0.63
5 8 0.24
5 176 0.38
6 7 0.07
6 8 0.32
6 53 0.86
6 178 0.71
7 8 0.56
7 9 0.08
7 10 0.14
8 9 0.18
8 10 0.88
8 11 0.79
9 10 0.73
9 76 0.86
9 98 0.96
10 11 0.41
10 12 0.32
10 13 0.0
11 12 0.1
11 13 0.49
11 14 0.27
12 13 0.46
12 14 0.36
12 94 0.37
13 14 0.56
13 15 0.53
13 16 0.31
13 25 0.49
14 15 0.1
14 16 0.82
14 17 0.34
15 16 0.31
15 17 0.66
15 18 0.36
16 17 0.63
16 18 0.15
16 19 0.12
17 18 0.09
17 19 0.67
17 20 0.58
17 111 0.56
18 19 0.08
18 20 0.74
18 21 0.3
19 20 0.78
19 21 0.01
19 22 0.98
20 21 0.04
20 22 0.6
20 23 0.75
20 64 0.56
20 88 0.18
21 22 0.53
21 23 0.84
21 24 0.55
21 100 0.76
22 23 0.07
22 24 0.83
22 25 0.45
23 24 0.88
23 25 0.76
23 26 0.21
24 26 0.44
24 27 0.82
24 49 0.38
25 26 0.55
25 27 0.06
26 27 0.19
26 28 0.01
26 29 0.46
27 28 0.34
27 29 0.64
27 30 0.81
28 29 0.51
28 30 0.84
28 31 0.8
29 31 0.6
29 32 0.88
29 145 0.7
30 32 0.69
30 33 0.55
30 39 0.29
31 32 0.82
31 33 0.63
31 34 0.74
32 33 0.63
32 34 0.79
32 35 0.4
33 34 0.43
33 35 0.89
33 36 0.69
33 179 0.88
34 35 0.74
34 36 0.9
34 161 0.87
35 36 0.66
35 37 0.26
35 38 0.86
36 37 0.17
36 38 0.25
36 39 0.12
37 38 0.84
37 39 0.24
37 40 0.95
38 39 0.92
38 40 0.27
38 77 0.93
39 40 0.21
39 41 0.92
39 42 0.55
40 41 0.83
40 42 0.21
40 122 0.67
41 42 0.36
41 43 0.1
41 44 0.99
42 43 0.69
42 44 0.26
42 45 0.49
42 188 0.26
43 44 0.04
43 45 0.43
43 46 0.85
44 45 0.14
44 46 0.35
44 47 0.92
44 146 0.98
45 46 0.71
45 47 0.77
45 48 0.87
45 89 0.23
46 47 0.08
46 48 0.02
46 95 0.4
46 163 0.99
46 188 0.22
47 48 0.15
47 49 0.36
47 50 0.62
47 99 0.91
48 49 0.75
48 50 0.84
48 51 0.56
49 50 0.86
49 51 0.97
49 52 0.91
50 51 0.56
50 52 0.32
50 53 0.1
51 52 0.23
51 53 0.31
51 54 0.19
52 53 0.65
52 54 0.85
52 55 0.58
52 133 0.58
53 54 0.91
53 56 0.09
53 152 0.07
54 55 0.19
54 56 0.39
54 57 0.54
54 71 0.99
55 56 0.44
55 57 0.94
55 58 0.33
56 57 0.33
56 58 0.94
56 59 0.24
57 58 0.29
57 59 0.97
57 114 0.18
58 59 0.28
58 60 0.3
58 61 0.92
58 130 0.46
59 60 0.7
59 61 0.82
59 62 0.59
60 61 0.33
60 62 0.05
60 63 0.85
61 62 0.27
61 63 0.18
61 64 0.55
62 63 0.33
62 64 0.3
62 65 0.99
62 120 0.24
63 64 0.76
63 65 0.34
63 66 0.16
64 65 0.49
64 67 0.22
64 197 0.46
65 66 0.45
65 67 0.69
65 68 0.36
66 67 0.98
66 68 0.82
66 69 0.56
67 68 0.53
67 69 0.43
67 70 0.17
68 69 0.85
68 70 0.98
68 78 0.93
69 70 0.09
69 71 0.5
69 115 0.18
70 71 0.92
70 72 0.99
70 73 0.41
71 73 0.25
71 74 0.94
72 73 0.4
72 74 0.44
72 75 0.45
73 74 0.46
73 75 0.26
73 76 0.92
74 75 0.04
74 76 0.33
74 77 0.54
75 76 0.73
75 77 0.19
75 78 0.12
76 77 0.41
76 78 0.62
76 79 0.55
77 78 0.88
77 79 0.58
77 80 0.0
78 79 0.03
78 80 0.36
78 81 0.16
79 80 0.1
79 81 0.75
79 82 0.87
79 188 0.69
80 81 0.21
80 82 0.04
80 83 0.74
81 82 0.3
81 84 0.39
81 198 0.8
82 83 0.23
82 84 0.14
82 85 0.34
83 84 0.55
83 85 0.32
83 86 0.93
84 85 0.87
84 86 0.38
84 87 0.65
85 86 0.55
85 87 0.91
85 88 0.38
86 87 0.94
86 88 0.9
86 89 0.16
87 88 0.58
87 90 0.0
87 185 0.68
88 90 0.97
88 91 0.76
89 90 0.58
89 91 0.38
90 92 0.6
90 93 0.32
90 120 0.26
91 92 0.42
91 93 0.46
91 94 0.28
92 93 0.53
92 94 0.63
92 95 0.11
92 187 0.76
93 95 0.01
93 96 0.4
93 179 0.51
93 194 0.35
94 95 0.75
94 96 0.98
94 97 0.8
95 96 0.41
95 97 0.68
96 97 0.0
96 98 0.21
96 99 0.52
97 99 0.65
97 100 0.95
97 175 0.94
98 100 0.03
98 101 0.77
98 140 0.56
99 100 0.24
99 102 0.59
100 103 0.69
100 135 0.44
101 102 0.91
101 103 0.57
101 104 0.62
102 103 0.55
102 104 0.16
102 186 0.17
103 104 0.23
103 105 0.79
103 107 0.06
104 105 0.75
104 106 0.16
104 107 0.18
105 106 0.55
105 107 0.85
105 108 0.53
105 150 0.69
106 107 0.71
106 108 0.03
106 109 0.38
107 108 0.98
107 109 0.59
107 110 0.8
108 109 0.83
108 110 0.57
108 119 0.83
108 199 0.84
109 110 0.4
109 111 0.94
109 112 0.27
110 111 0.41
110 112 0.96
110 113 0.4
111 112 0.99
111 113 0.68
111 125 0.71
111 136 0.64
112 113 0.64
112 114 0.73
112 115 0.03
112 171 0.53
113 114 0.61
113 116 0.63
113 185 0.29
114 115 0.01
114 116 0.38
114 117 0.02
115 116 0.03
115 118 0.31
115 122 0.79
116 117 0.82
116 118 0.35
116 119 0.93
117 118 0.89
117 119 0.03
117 120 0.04
118 119 0.89
118 120 0.72
118 121 0.02
119 120 0.27
119 121 0.59
120 122 0.38
120 123 0.75
121 122 0.28
121 123 0.76
121 124 0.42
122 123 0.27
122 124 0.88
122 125 0.68
123 124 0.53
123 125 0.4
123 126 0.36
124 125 0.91
124 126 0.19
124 127 0.57
125 126 0.09
125 127 0.19
126 127 0.73
126 128 0.28
126 129 0.27
127 128 0.73
127 129 0.93
127 130 0.25
128 129 0.41
128 130 0.56
128 131 0.98
129 130 0.6
129 131 0.78
129 161 0.52
130 131 0.91
130 132 0.46
131 133 0.96
131 134 0.65
131 152 0.56
132 133 0.29
132 134 0.83
132 135 0.3
133 134 0.78
133 136 0.13
134 135 0.35
134 136 0.89
134 137 0.19
135 136 0.81
135 137 0.25
135 138 0.25
136 137 0.99
136 139 0.68
137 138 0.85
137 139 0.21
137 140 0.38
137 189 0.49
138 140 0.33
138 141 0.13
138 196 0.52
139 140 0.53
139 141 0.91
139 142 0.39
140 141 0.65
140 142 0.74
140 143 0.04
140 177 0.01
141 142 0.38
141 143 0.0
141 144 0.03
142 143 0.57
142 145 0.33
142 157 0.63
143 144 0.75
143 145 0.25
143 146 0.48
144 145 0.45
144 146 0.49
144 147 0.3
145 146 0.17
145 147 0.64
145 148 0.02
146 147 0.21
146 148 0.54
147 148 0.8
147 149 0.09
147 150 0.13
148 149 0.55
148 150 0.45
148 151 0.53
149 150 0.77
149 151 0.68
149 152 0.11
150 152 0.02
150 153 0.28
151 152 0.83
151 153 0.6
151 154 0.65
152 153 0.91
152 154 0.14
152 155 0.42
152 162 0.86
153 154 0.68
153 155 0.7
153 156 0.06
154 155 0.54
154 156 0.83
154 157 0.17
155 156 0.18
155 157 0.02
155 158 0.3
156 157 0.93
156 158 0.32
156 159 0.85
157 158 0.9
157 159 0.2
157 160 0.84
158 159 0.09
158 160 0.99
158 161 0.7
159 160 0.24
159 161 0.91
159 162 0.74
160 161 0.27
160 162 0.67
160 163 0.94
161 162 0.42
161 163 0.44
161 164 0.07
162 163 0.29
162 165 0.95
163 164 0.21
163 166 0.2
164 165 0.77
164 166 0.75
164 167 0.48
165 166 0.44
165 167 0.31
165 168 0.47
166 167 0.95
166 168 0.27
166 169 0.51
167 168 0.06
167 169 0.82
167 170 0.1
168 169 0.69
168 170 0.18
168 171 0.61
169 170 0.06
169 171 0.56
169 172 0.38
170 171 0.97
170 172 0.45
170 173 0.29
171 172 0.75
171 174 0.72
172 173 0.72
172 174 0.67
172 175 0.15
173 174 0.46
173 175 0.67
173 176 0.02
174 175 0.64
174 176 0.87
174 177 0.4
175 176 0.37
175 177 0.13
175 178 0.48
176 177 0.2
176 179 0.8
177 178 0.82
177 179 0.79
178 179 0.62
178 181 0.6
179 180 0.14
179 182 0.96
180 181 0.08
180 182 0.29
180 183 0.94
181 182 0.63
181 183 0.32
181 184 0.49
182 183 0.14
182 184 0.88
182 185 0.14
183 184 0.04
183 185 0.24
183 186 0.52
184 185 0.82
184 186 0.75
184 187 0.61
185 186 0.87
185 187 0.59
185 188 0.95
186 187 0.06
186 188 0.3
186 189 0.45
187 189 0.88
187 190 0.55
188 190 0.05
189 191 0.63
189 192 0.08
190 191 0.72
190 192 0.34
190 193 0.87
191 192 0.71
191 193 1.0
191 194 0.67
192 193 0.47
192 194 0.41
192 195 0.44
193 194 0.83
193 195 0.83
193 196 0.07
194 196 0.92
194 197 0.6
195 196 0.92
195 197 0.24
195 198 0.5
196 197 0.26
196 198 0.76
196 199 0.12
197 199 0.25
198 199 0.04
