0,1
0,2
0,3
0,4
0,5
0,6
0,7
0,8
0,9
0,10
0,11
0,12
0,13
0,14
0,15
0,16
0,17
0,18
0,19
0,20
0,21
0,22
0,23
1,0
2,0
3,0
4,0
5,0
6,0
7,0
8,0
9,0
10,0
11,0
12,0
13,0
14,0
15,0
16,0
17,0
18,0
19,0
20,0
21,0
22,0
23,0
24,25
24,26
24,27
24,28
24,29
24,30
24,31
24,32
24,33
24,34
24,35
24,36
24,37
24,38
24,39
24,40
24,41
24,42
24,43
24,44
24,45
25,24
26,24
27,24
28,24
29,24
30,24
31,24
32,24
33,24
34,24
35,24
36,24
37,24
38,24
39,24
40,24
41,24
42,24
43,24
44,24
45,24
46,47
46,48
46,49
46,50
46,51
46,52
46,53
46,54
46,55
46,56
46,57
46,58
46,59
46,60
46,61
46,62
46,63
46,64
46,65
46,66
46,67
47,46
48,46
49,46
50,46
51,46
52,46
53,46
54,46
55,46
56,46
57,46
58,46
59,46
60,46
61,46
62,46
63,46
64,46
65,46
66,46
67,46
68,69
68,70
68,71
68,72
68,73
68,74
68,75
68,76
68,77
68,78
68,79
68,80
68,81
68,82
68,83
68,84
68,85
68,86
68,87
68,88
69,68
70,68
71,68
72,68
73,68
74,68
75,68
76,68
77,68
78,68
79,68
80,68
81,68
82,68
83,68
84,68
85,68
86,68
87,68
88,68
89,90
89,91
89,92
89,93
89,94
89,95
89,96
89,97
89,98
89,99
89,100
89,101
89,102
89,103
89,104
89,105
89,106
89,107
89,108
89,109
89,110
89,111
90,89
91,89
92,89
93,89
94,89
95,89
96,89
97,89
98,89
99,89
100,89
101,89
102,89
103,89
104,89
105,89
106,89
107,89
108,89
109,89
110,89
111,89
112,113
112,114
112,115
112,116
112,117
112,118
112,119
112,120
112,121
112,122
112,123
112,124
112,125
112,126
112,127
112,128
112,129
112,130
112,131
112,132
112,133
112,134
112,135
112,136
112,137
112,138
113,112
114,112
115,112
116,112
117,112
118,112
119,112
120,112
121,112
122,112
123,112
124,112
125,112
126,112
127,112
128,112
129,112
130,112
131,112
132,112
133,112
134,112
135,112
136,112
137,112
138,112
139,140
140,139
141,142
142,141
143,144
143,145
143,146
143,147
143,148
143,149
143,150
143,151
143,152
143,153
143,154
143,155
143,156
143,157
143,158
143,159
143,160
143,161
143,162
143,163
143,164
143,165
143,166
144,143
145,143
146,143
147,143
148,143
149,143
150,143
151,143
152,143
153,143
154,143
155,143
156,143
157,143
158,143
159,143
160,143
161,143
162,143
163,143
164,143
165,143
166,143
167,168
167,169
167,170
167,171
167,172
167,173
167,174
167,175
167,176
167,177
167,178
167,179
167,180
167,181
167,182
167,183
167,184
167,185
167,186
167,187
167,188
167,189
167,190
168,167
169,167
170,167
171,167
172,167
173,167
174,167
175,167
176,167
177,167
178,167
179,167
180,167
181,167
182,167
183,167
184,167
185,167
186,167
187,167
188,167
189,167
190,167
191,192
191,193
191,194
191,195
191,196
191,197
191,198
191,199
191,200
191,201
191,202
191,203
191,204
191,205
191,206
191,207
191,208
191,209
191,210
191,211
191,212
191,213
192,191
193,191
194,191
195,191
196,191
197,191
198,191
199,191
200,191
201,191
202,191
203,191
204,191
205,191
206,191
207,191
208,191
209,191
210,191
211,191
212,191
213,191
214,215
214,216
214,217
214,218
214,219
214,220
214,221
214,222
214,223
214,224
214,225
214,226
214,227
214,228
214,229
214,230
214,231
214,232
215,214
216,214
217,214
218,214
219,214
220,214
221,214
222,214
223,214
224,214
225,214
226,214
227,214
228,214
229,214
230,214
231,214
232,214
233,234
234,233
235,236
236,235
237,238
237,239
237,240
237,241
237,242
237,243
237,244
237,245
237,246
237,247
237,248
237,249
237,250
237,251
237,252
237,253
237,254
237,255
237,256
237,257
237,258
237,259
237,260
237,261
237,262
238,237
239,237
240,237
241,237
242,237
243,237
244,237
245,237
246,237
247,237
248,237
249,237
250,237
251,237
252,237
253,237
254,237
255,237
256,237
257,237
258,237
259,237
260,237
261,237
262,237
263,264
263,265
263,266
263,267
263,268
263,269
263,270
263,271
263,272
263,273
263,274
263,275
263,276
263,277
263,278
263,279
263,280
263,281
263,282
263,283
264,263
265,263
266,263
267,263
268,263
269,263
270,263
271,263
272,263
273,263
274,263
275,263
276,263
277,263
278,263
279,263
280,263
281,263
282,263
283,263
284,285
285,284
286,287
286,288
286,289
286,290
286,291
286,292
286,293
286,294
286,295
286,296
286,297
286,298
286,299
286,300
286,301
286,302
286,303
286,304
286,305
286,306
286,307
286,308
286,309
286,310
287,286
288,286
289,286
290,286
291,286
292,286
293,286
294,286
295,286
296,286
297,286
298,286
299,286
300,286
301,286
302,286
303,286
304,286
305,286
306,286
307,286
308,286
309,286
310,286
311,312
311,313
311,314
311,315
311,316
311,317
311,318
311,319
311,320
311,321
311,322
311,323
311,324
311,325
311,326
311,327
311,328
311,329
311,330
311,331
311,332
311,333
311,334
311,335
311,336
312,311
313,311
314,311
315,311
316,311
317,311
318,311
319,311
320,311
321,311
322,311
323,311
324,311
325,311
326,311
327,311
328,311
329,311
330,311
331,311
332,311
333,311
334,311
335,311
336,311
337,338
337,339
337,340
337,341
337,342
337,343
337,344
337,345
337,346
337,347
337,348
337,349
337,350
337,351
337,352
337,353
337,354
337,355
338,337
339,337
340,337
341,337
342,337
343,337
344,337
345,337
346,337
347,337
348,337
349,337
350,337
351,337
352,337
353,337
354,337
355,337
356,357
356,358
356,359
356,360
356,361
356,362
356,363
356,364
356,365
356,366
356,367
356,368
356,369
356,370
356,371
356,372
356,373
356,374
356,375
356,376
356,377
356,378
356,379
357,356
358,356
359,356
360,356
361,356
362,356
363,356
364,356
365,356
366,356
367,356
368,356
369,356
370,356
371,356
372,356
373,356
374,356
375,356
376,356
377,356
378,356
379,356
380,381
381,380
382,383
383,382
384,385
385,384
386,387
387,386
388,389
388,390
388,391
388,392
388,393
388,394
388,395
388,396
388,397
388,398
388,399
388,400
388,401
388,402
388,403
388,404
388,405
388,406
388,407
389,388
390,388
391,388
392,388
393,388
394,388
395,388
396,388
397,388
398,388
399,388
400,388
401,388
402,388
403,388
404,388
405,388
406,388
407,388
408,409
409,408
410,411
410,412
410,413
410,414
410,415
410,416
410,417
410,418
410,419
410,420
410,421
410,422
410,423
410,424
410,425
410,426
410,427
410,428
410,429
410,430
410,431
410,432
410,433
410,434
410,435
410,436
410,437
410,438
410,439
411,410
412,410
413,410
414,410
415,410
416,410
417,410
418,410
419,410
420,410
421,410
422,410
423,410
424,410
425,410
426,410
427,410
428,410
429,410
430,410
431,410
432,410
433,410
434,410
435,410
436,410
437,410
438,410
439,410
440,441
440,442
440,443
440,444
440,445
440,446
440,447
440,448
440,449
440,450
440,451
440,452
440,453
440,454
440,455
440,456
440,457
440,458
440,459
440,460
440,461
440,462
440,463
440,464
441,440
442,440
443,440
444,440
445,440
446,440
447,440
448,440
449,440
450,440
451,440
452,440
453,440
454,440
455,440
456,440
457,440
458,440
459,440
460,440
461,440
462,440
463,440
464,440
465,466
465,467
465,468
465,469
465,470
465,471
465,472
465,473
465,474
465,475
465,476
465,477
465,478
465,479
465,480
465,481
465,482
465,483
465,484
465,485
465,486
465,487
466,465
467,465
468,465
469,465
470,465
471,465
472,465
473,465
474,465
475,465
476,465
477,465
478,465
479,465
480,465
481,465
482,465
483,465
484,465
485,465
486,465
487,465
488,489
488,490
488,491
488,492
488,493
488,494
488,495
488,496
488,497
488,498
488,499
488,500
488,501
488,502
488,503
488,504
488,505
488,506
488,507
488,508
488,509
488,510
488,511
488,512
488,513
488,514
488,515
488,516
489,488
490,488
491,488
492,488
493,488
494,488
495,488
496,488
497,488
498,488
499,488
500,488
501,488
502,488
503,488
504,488
505,488
506,488
507,488
508,488
509,488
510,488
511,488
512,488
513,488
514,488
515,488
516,488
517,518
517,519
517,520
517,521
517,522
517,523
517,524
517,525
517,526
517,527
517,528
517,529
517,530
517,531
517,532
517,533
517,534
517,535
517,536
517,537
517,538
517,539
517,540
517,541
517,542
517,543
517,544
518,517
519,517
520,517
521,517
522,517
523,517
524,517
525,517
526,517
527,517
528,517
529,517
530,517
531,517
532,517
533,517
534,517
535,517
536,517
537,517
538,517
539,517
540,517
541,517
542,517
543,517
544,517
545,546
545,547
545,548
545,549
545,550
545,551
545,552
545,553
545,554
545,555
545,556
545,557
545,558
545,559
545,560
545,561
545,562
545,563
545,564
545,565
545,566
545,567
545,568
545,569
545,570
545,571
545,572
546,545
547,545
548,545
549,545
550,545
551,545
552,545
553,545
554,545
555,545
556,545
557,545
558,545
559,545
560,545
561,545
562,545
563,545
564,545
565,545
566,545
567,545
568,545
569,545
570,545
571,545
572,545
573,574
573,575
573,576
573,577
573,578
573,579
573,580
573,581
573,582
573,583
573,584
573,585
573,586
573,587
573,588
573,589
573,590
574,573
575,573
576,573
577,573
578,573
579,573
580,573
581,573
582,573
583,573
584,573
585,573
586,573
587,573
588,573
589,573
590,573
591,592
591,593
591,594
591,595
591,596
591,597
591,598
591,599
591,600
591,601
591,602
591,603
591,604
591,605
591,606
591,607
591,608
591,609
591,610
591,611
591,612
591,613
591,614
592,591
593,591
594,591
595,591
596,591
597,591
598,591
599,591
600,591
601,591
602,591
603,591
604,591
605,591
606,591
607,591
608,591
609,591
610,591
611,591
612,591
613,591
614,591
615,616
616,615
617,618
617,619
617,620
617,621
617,622
617,623
617,624
617,625
617,626
617,627
617,628
617,629
617,630
617,631
617,632
617,633
617,634
617,635
617,636
617,637
618,617
619,617
620,617
621,617
622,617
623,617
624,617
625,617
626,617
627,617
628,617
629,617
630,617
631,617
632,617
633,617
634,617
635,617
636,617
637,617
638,639
638,640
638,641
638,642
638,643
638,644
638,645
638,646
638,647
638,648
638,649
638,650
638,651
638,652
638,653
638,654
638,655
638,656
638,657
638,658
638,659
638,660
638,661
638,662
638,663
638,664
638,665
638,666
638,667
639,638
640,638
641,638
642,638
643,638
644,638
645,638
646,638
647,638
648,638
649,638
650,638
651,638
652,638
653,638
654,638
655,638
656,638
657,638
658,638
659,638
660,638
661,638
662,638
663,638
664,638
665,638
666,638
667,638
668,669
668,673
668,674
668,675
668,676
668,678
669,668
669,670
669,671
669,672
669,677
670,669
671,669
672,669
673,668
674,668
675,668
676,668
677,669
678,668
679,680
679,684
679,685
679,686
679,687
679,688
680,679
680,681
680,682
680,683
681,680
682,680
683,680
683,689
684,679
685,679
686,679
687,679
688,679
689,683
690,691
691,690
691,692
691,693
691,694
692,691
693,691
694,691
695,696
695,700
695,701
695,702
695,703
696,695
696,697
696,698
696,699
697,696
698,696
699,696
700,695
701,695
702,695
703,695
704,705
704,709
704,710
705,704
705,706
705,707
705,708
705,711
706,705
707,705
708,705
709,704
710,704
711,705
712,713
712,716
712,717
712,718
712,719
712,720
713,712
713,714
713,715
714,713
714,721
715,713
716,712
717,712
718,712
719,712
720,712
721,714
722,723
723,722
723,724
723,725
724,723
725,723
726,727
726,728
726,729
726,730
726,731
726,732
726,734
726,735
727,726
727,733
727,736
727,737
728,726
729,726
730,726
731,726
732,726
733,727
734,726
735,726
736,727
737,727
738,739
739,738
739,740
739,741
739,742
740,739
741,739
742,739
743,744
743,747
743,748
743,749
744,743
744,745
744,746
744,750
745,744
746,744
746,751
747,743
748,743
749,743
750,744
751,746
752,753
752,756
752,757
752,758
752,760
753,752
753,754
753,755
753,759
753,761
754,753
755,753
756,752
757,752
758,752
759,753
760,752
761,753
762,763
763,762
763,764
763,765
763,766
764,763
764,767
765,763
766,763
767,764
768,769
769,768
769,770
769,771
769,772
770,769
771,769
772,769
773,774
773,777
773,780
774,773
774,775
774,776
774,778
774,779
775,774
776,774
777,773
778,774
779,774
780,773
781,782
781,785
781,786
781,788
782,781
782,783
782,784
782,787
783,782
784,782
785,781
786,781
787,782
788,781
789,790
790,789
790,791
790,792
790,793
791,790
792,790
793,790
794,795
794,800
794,801
795,794
795,796
795,797
795,798
795,799
796,795
797,795
798,795
798,802
799,795
800,794
801,794
802,798
803,804
803,806
803,807
803,808
803,810
804,803
804,805
804,809
804,811
805,804
806,803
807,803
808,803
809,804
810,803
811,804
812,813
812,816
812,817
813,812
813,814
813,815
814,813
815,813
816,812
817,812
818,819
819,818
819,820
819,821
820,819
821,819
822,823
823,822
823,824
824,823
825,826
825,828
825,829
825,831
825,832
826,825
826,827
826,830
826,833
826,834
827,826
828,825
829,825
830,826
831,825
832,825
833,826
834,826
835,836
835,839
835,840
835,841
835,842
835,843
836,835
836,837
836,838
837,836
838,836
839,835
840,835
841,835
842,835
843,835
844,845
845,844
845,846
845,847
846,845
847,845
848,849
848,851
848,852
848,853
848,854
848,855
848,856
849,848
849,850
849,857
850,849
851,848
852,848
853,848
854,848
855,848
856,848
857,849
858,859
858,860
858,861
858,863
859,858
859,862
859,864
859,865
860,858
861,858
862,859
863,858
864,859
865,859
866,867
867,866
867,868
867,869
867,870
867,871
868,867
869,867
870,867
871,867
872,873
873,872
873,874
874,873
874,875
875,874
876,877
876,879
876,880
876,881
876,882
877,876
877,878
877,884
878,877
878,883
879,876
880,876
881,876
882,876
883,878
884,877
885,886
885,889
885,890
885,891
885,892
885,894
885,895
885,896
886,885
886,887
886,888
886,893
887,886
888,886
889,885
890,885
891,885
892,885
893,886
894,885
895,885
896,885
897,898
898,897
898,899
898,900
899,898
900,898
901,902
902,901
902,903
902,904
902,905
902,906
903,902
904,902
904,907
905,902
906,902
907,904
908,909
908,912
908,913
908,914
909,908
909,910
909,911
910,909
911,909
912,908
913,908
914,908
915,916
916,915
916,917
916,918
917,916
918,916
919,920
919,923
920,919
920,921
920,922
920,924
921,920
922,920
922,925
923,919
924,920
925,922
926,927
927,926
927,928
928,927
929,930
929,934
929,935
929,936
929,937
930,929
930,931
930,932
930,933
931,930
932,930
933,930
934,929
935,929
936,929
937,929
938,939
938,942
938,943
938,944
938,945
938,946
938,947
939,938
939,940
939,941
939,948
940,939
941,939
942,938
943,938
944,938
945,938
946,938
947,938
948,939
949,950
949,951
949,952
949,953
950,949
950,954
951,949
952,949
953,949
954,950
955,956
955,958
955,959
955,961
956,955
956,957
956,960
956,962
956,963
957,956
958,955
959,955
960,956
961,955
962,956
963,956
964,965
964,969
964,970
964,971
965,964
965,966
965,967
965,968
966,965
967,965
968,965
969,964
970,964
971,964
972,973
972,974
972,975
973,972
973,976
973,977
973,978
974,972
975,972
976,973
977,973
978,973
979,980
980,979
980,981
981,980
982,983
983,982
983,984
983,985
984,983
985,983
986,987
986,990
986,991
986,992
986,994
986,995
986,996
987,986
987,988
987,989
987,993
988,987
989,987
990,986
991,986
992,986
993,987
994,986
995,986
996,986
997,998
998,997
998,999
998,1000
999,998
1000,998
1001,1002
1001,1007
1001,1008
1001,1009
1001,1010
1001,1011
1002,1001
1002,1003
1002,1004
1002,1005
1002,1006
1003,1002
1004,1002
1005,1002
1005,1012
1006,1002
1007,1001
1008,1001
1009,1001
1010,1001
1011,1001
1012,1005
1013,1014
1013,1017
1013,1018
1013,1020
1014,1013
1014,1015
1014,1016
1014,1019
1015,1014
1016,1014
1017,1013
1018,1013
1019,1014
1020,1013
1021,1022
1021,1024
1021,1025
1021,1026
1021,1027
1022,1021
1022,1023
1022,1028
1023,1022
1024,1021
1025,1021
1026,1021
1027,1021
1028,1022
1029,1030
1030,1029
1030,1031
1030,1032
1031,1030
1032,1030
1033,1034
1034,1033
1035,1036
1036,1035
1037,1038
1037,1039
1038,1037
1039,1037
1040,1041
1040,1042
1040,1043
1040,1044
1041,1040
1042,1040
1043,1040
1044,1040
1045,1046
1045,1047
1045,1048
1046,1045
1047,1045
1048,1045
1049,1050
1049,1051
1050,1049
1051,1049
1052,1053
1052,1054
1052,1055
1052,1056
1053,1052
1054,1052
1055,1052
1056,1052
1057,1058
1058,1057
1059,1060
1059,1061
1059,1062
1060,1059
1061,1059
1062,1059
1063,1064
1063,1065
1063,1066
1064,1063
1065,1063
1066,1063
1067,1068
1067,1069
1067,1070
1067,1071
1068,1067
1069,1067
1070,1067
1071,1067
1072,1073
1072,1074
1072,1075
1072,1076
1073,1072
1074,1072
1075,1072
1076,1072
1077,1078
1077,1079
1077,1080
1078,1077
1079,1077
1080,1077
1081,1082
1082,1081
1083,1084
1083,1085
1083,1086
1084,1083
1085,1083
1086,1083
1087,1088
1087,1089
1087,1090
1088,1087
1089,1087
1090,1087
1091,1092
1092,1091
1093,1094
1093,1095
1093,1096
1093,1097
1093,1098
1094,1093
1095,1093
1096,1093
1097,1093
1098,1093
1099,1100
1099,1101
1100,1099
1101,1099
1102,1103
1102,1104
1103,1102
1104,1102
1105,1106
1105,1107
1105,1108
1105,1109
1106,1105
1107,1105
1108,1105
1109,1105
1110,1111
1110,1112
1111,1110
1112,1110
1113,1114
1113,1115
1113,1116
1114,1113
1115,1113
1116,1113
1117,1118
1117,1119
1117,1120
1118,1117
1119,1117
1120,1117
1121,1122
1122,1121
1123,1124
1124,1123
1125,1126
1125,1127
1125,1128
1126,1125
1127,1125
1128,1125
1129,1130
1129,1131
1129,1132
1129,1133
1129,1134
1130,1129
1131,1129
1132,1129
1133,1129
1134,1129
1135,1136
1135,1137
1135,1138
1136,1135
1137,1135
1138,1135
1139,1140
1139,1141
1140,1139
1141,1139
1142,1143
1143,1142
1143,1144
1143,1145
1143,1146
1144,1143
1145,1143
1146,1143
1147,1148
1148,1147
1148,1149
1148,1150
1149,1148
1150,1148
1151,1152
1151,1154
1151,1155
1151,1156
1151,1157
1151,1158
1152,1151
1152,1153
1153,1152
1154,1151
1155,1151
1156,1151
1157,1151
1158,1151
1159,1160
1159,1162
1159,1163
1160,1159
1160,1161
1161,1160
1162,1159
1163,1159
1164,1165
1164,1169
1164,1170
1164,1171
1164,1172
1164,1173
1165,1164
1165,1166
1165,1167
1165,1168
1166,1165
1167,1165
1168,1165
1169,1164
1170,1164
1171,1164
1172,1164
1173,1164
1174,1175
1174,1179
1174,1180
1174,1181
1174,1182
1175,1174
1175,1176
1175,1177
1175,1178
1176,1175
1177,1175
1178,1175
1179,1174
1180,1174
1181,1174
1182,1174
1183,1184
1184,1183
1184,1185
1185,1184
1186,1187
1186,1189
1186,1190
1186,1192
1186,1194
1186,1195
1187,1186
1187,1188
1187,1191
1187,1193
1188,1187
1189,1186
1190,1186
1191,1187
1192,1186
1193,1187
1194,1186
1195,1186
1196,1197
1197,1196
1197,1198
1197,1199
1198,1197
1199,1197
1200,1201
1201,1200
1201,1202
1201,1203
1202,1201
1203,1201
1204,1205
1205,1204
1205,1206
1205,1207
1206,1205
1207,1205
1208,1209
1209,1208
1209,1210
1209,1211
1209,1212
1210,1209
1211,1209
1212,1209
1213,1214
1214,1213
1214,1215
1214,1216
1214,1217
1215,1214
1216,1214
1217,1214
1218,1219
1219,1218
1219,1220
1220,1219
1221,1222
1221,1225
1221,1226
1221,1227
1221,1228
1222,1221
1222,1223
1222,1224
1223,1222
1224,1222
1225,1221
1226,1221
1227,1221
1228,1221
1229,1230
1230,1229
1230,1231
1230,1232
1230,1233
1231,1230
1232,1230
1233,1230
1234,1235
1234,1238
1234,1239
1234,1240
1234,1241
1235,1234
1235,1236
1235,1237
1236,1235
1237,1235
1238,1234
1239,1234
1240,1234
1241,1234
1242,1243
1243,1242
1244,1245
1245,1244
1246,1247
1246,1250
1246,1251
1246,1252
1247,1246
1247,1248
1247,1249
1248,1247
1249,1247
1250,1246
1251,1246
1252,1246
1253,1254
1253,1257
1253,1258
1253,1259
1253,1260
1253,1261
1253,1262
1254,1253
1254,1255
1254,1256
1255,1254
1256,1254
1257,1253
1258,1253
1259,1253
1260,1253
1261,1253
1262,1253
1263,1264
1264,1263
1264,1265
1264,1266
1265,1264
1266,1264
1267,1268
1267,1271
1267,1272
1267,1273
1267,1274
1268,1267
1268,1269
1268,1270
1268,1275
1269,1268
1270,1268
1271,1267
1272,1267
1273,1267
1274,1267
1275,1268
1276,1277
1276,1280
1276,1281
1276,1282
1276,1284
1277,1276
1277,1278
1277,1279
1277,1283
1278,1277
1279,1277
1280,1276
1281,1276
1282,1276
1283,1277
1284,1276
1285,1286
1286,1285
1286,1287
1286,1288
1287,1286
1288,1286
1289,1290
1290,1289
1290,1291
1290,1292
1291,1290
1292,1290
1293,1294
1294,1293
1294,1295
1294,1296
1295,1294
1296,1294
1297,1298
1298,1297
1298,1299
1298,1300
1299,1298
1300,1298
1301,1302
1302,1301
1303,1304
1303,1307
1303,1308
1304,1303
1304,1305
1304,1306
1305,1304
1306,1304
1307,1303
1308,1303
1309,1310
1309,1314
1309,1315
1309,1316
1309,1317
1309,1318
1310,1309
1310,1311
1310,1312
1310,1313
1311,1310
1312,1310
1313,1310
1314,1309
1315,1309
1316,1309
1317,1309
1318,1309
1319,1320
1320,1319
1320,1321
1320,1322
1321,1320
1322,1320
1323,1324
1323,1327
1323,1328
1323,1329
1323,1330
1323,1332
1323,1333
1323,1334
1324,1323
1324,1325
1324,1326
1324,1331
1325,1324
1326,1324
1327,1323
1328,1323
1329,1323
1330,1323
1331,1324
1332,1323
1333,1323
1334,1323
1335,1336
1335,1340
1335,1341
1335,1342
1335,1343
1335,1344
1336,1335
1336,1337
1336,1338
1336,1339
1337,1336
1338,1336
1339,1336
1340,1335
1341,1335
1342,1335
1343,1335
1344,1335
1345,1346
1346,1345
1346,1347
1346,1348
1347,1346
1348,1346
1349,1350
1349,1353
1349,1354
1349,1355
1349,1356
1349,1357
1349,1358
1349,1359
1350,1349
1350,1351
1350,1352
1351,1350
1352,1350
1353,1349
1354,1349
1355,1349
1356,1349
1357,1349
1358,1349
1359,1349
1360,1361
1360,1365
1360,1366
1360,1367
1360,1368
1361,1360
1361,1362
1361,1363
1361,1364
1362,1361
1363,1361
1364,1361
1365,1360
1366,1360
1367,1360
1368,1360
1369,1370
1370,1369
1370,1371
1371,1370
1372,1373
1373,1372
1373,1374
1373,1375
1374,1373
1375,1373
1376,1377
1376,1379
1376,1380
1376,1381
1376,1382
1376,1383
1376,1384
1376,1385
1377,1376
1377,1378
1378,1377
1379,1376
1380,1376
1381,1376
1382,1376
1383,1376
1384,1376
1385,1376
1386,1387
1387,1386
1387,1388
1387,1389
1388,1387
1389,1387
1390,1391
1390,1393
1390,1394
1390,1396
1391,1390
1391,1392
1391,1395
1392,1391
1393,1390
1394,1390
1395,1391
1396,1390
1397,1398
1397,1400
1397,1401
1397,1402
1397,1403
1397,1404
1398,1397
1398,1399
1399,1398
1400,1397
1401,1397
1402,1397
1403,1397
1404,1397
1405,1406
1406,1405
1406,1407
1407,1406
1408,1409
1409,1408
1409,1410
1409,1411
1409,1412
1410,1409
1411,1409
1412,1409
1413,1414
1413,1416
1413,1417
1413,1418
1413,1419
1413,1420
1413,1421
1414,1413
1414,1415
1415,1414
1416,1413
1417,1413
1418,1413
1419,1413
1420,1413
1421,1413
1422,1423
1423,1422
1423,1424
1423,1425
1424,1423
1425,1423
1426,1427
1426,1430
1426,1432
1426,1433
1426,1434
1427,1426
1427,1428
1427,1429
1427,1431
1428,1427
1429,1427
1430,1426
1431,1427
1432,1426
1433,1426
1434,1426
1435,1436
1436,1435
1436,1437
1437,1436
1438,1439
1439,1438
1439,1440
1439,1441
1440,1439
1441,1439
1442,1443
1443,1442
1443,1444
1443,1445
1443,1446
1443,1448
1444,1443
1445,1443
1445,1447
1446,1443
1447,1445
1448,1443
1449,1450
1450,1449
1450,1451
1450,1452
1450,1453
1450,1454
1451,1450
1452,1450
1453,1450
1454,1450
1455,1456
1455,1460
1455,1461
1455,1462
1455,1464
1456,1455
1456,1457
1456,1458
1456,1459
1457,1456
1457,1463
1458,1456
1459,1456
1460,1455
1461,1455
1462,1455
1463,1457
1464,1455
1465,1466
1466,1465
1466,1467
1466,1468
1466,1469
1467,1466
1468,1466
1469,1466
1470,1471
1471,1470
1471,1472
1471,1473
1471,1474
1471,1475
1472,1471
1473,1471
1473,1476
1474,1471
1475,1471
1476,1473
1477,1478
1478,1477
1478,1479
1479,1478
1480,1481
1480,1485
1481,1480
1481,1482
1481,1483
1481,1484
1481,1486
1482,1481
1483,1481
1484,1481
1485,1480
1486,1481
1487,1488
1488,1487
1488,1489
1488,1490
1489,1488
1490,1488
1491,1492
1492,1491
1492,1493
1492,1494
1492,1495
1492,1496
1492,1497
1493,1492
1494,1492
1495,1492
1496,1492
1497,1492
1498,1499
1498,1502
1498,1503
1498,1505
1498,1506
1499,1498
1499,1500
1499,1501
1499,1504
1499,1507
1500,1499
1501,1499
1502,1498
1503,1498
1504,1499
1505,1498
1506,1498
1507,1499
1508,1509
1508,1512
1508,1514
1509,1508
1509,1510
1509,1511
1509,1513
1510,1509
1511,1509
1512,1508
1513,1509
1514,1508
1515,1516
1516,1515
1516,1517
1516,1518
1516,1519
1517,1516
1518,1516
1519,1516
1520,1521
1520,1523
1521,1520
1521,1522
1521,1524
1521,1526
1522,1521
1522,1525
1523,1520
1524,1521
1525,1522
1526,1521
1527,1528
1528,1527
1528,1529
1528,1530
1528,1531
1528,1532
1528,1534
1529,1528
1530,1528
1530,1533
1531,1528
1532,1528
1533,1530
1534,1528
1535,1536
1535,1540
1535,1541
1535,1545
1536,1535
1536,1537
1536,1538
1536,1539
1536,1542
1537,1536
1538,1536
1538,1543
1538,1544
1539,1536
1540,1535
1541,1535
1542,1536
1543,1538
1544,1538
1545,1535
1546,1547
1547,1546
1547,1548
1547,1549
1547,1550
1548,1547
1549,1547
1550,1547
1551,1552
1552,1551
1552,1553
1553,1552
1554,1555
1555,1554
1555,1556
1555,1557
1555,1558
1555,1559
1555,1560
1556,1555
1557,1555
1558,1555
1559,1555
1560,1555
1561,1562
1561,1564
1561,1566
1562,1561
1562,1563
1562,1565
1562,1567
1563,1562
1564,1561
1565,1562
1566,1561
1567,1562
1568,1569
1568,1573
1568,1575
1569,1568
1569,1570
1569,1571
1569,1572
1569,1574
1570,1569
1571,1569
1572,1569
1573,1568
1574,1569
1575,1568
1576,1577
1576,1581
1576,1582
1577,1576
1577,1578
1577,1579
1577,1580
1578,1577
1579,1577
1580,1577
1581,1576
1582,1576
1583,1584
1583,1586
1583,1588
1583,1591
1584,1583
1584,1585
1584,1587
1584,1592
1585,1584
1585,1589
1585,1590
1586,1583
1587,1584
1588,1583
1589,1585
1590,1585
1591,1583
1592,1584
1593,1594
1593,1596
1594,1593
1594,1595
1594,1597
1595,1594
1596,1593
1597,1594
1598,1599
1599,1598
1599,1600
1599,1601
1599,1602
1599,1603
1599,1604
1600,1599
1601,1599
1602,1599
1603,1599
1604,1599
1605,1606
1605,1608
1606,1605
1606,1607
1606,1609
1607,1606
1608,1605
1609,1606
1610,1611
1610,1617
1611,1610
1611,1612
1611,1613
1611,1614
1611,1615
1612,1611
1612,1616
1613,1611
1614,1611
1615,1611
1616,1612
1617,1610
1618,1619
1618,1621
1619,1618
1619,1620
1619,1622
1619,1623
1619,1624
1620,1619
1621,1618
1622,1619
1623,1619
1624,1619
1625,1626
1626,1625
1626,1627
1626,1628
1626,1629
1626,1630
1627,1626
1628,1626
1629,1626
1630,1626
1631,1632
1632,1631
1632,1633
1632,1634
1632,1635
1632,1636
1633,1632
1634,1632
1635,1632
1636,1632
1637,1638
1637,1642
1637,1643
1637,1645
1638,1637
1638,1639
1638,1640
1638,1641
1638,1644
1639,1638
1640,1638
1641,1638
1642,1637
1643,1637
1644,1638
1645,1637
1646,1647
1647,1646
1647,1648
1647,1649
1647,1650
1647,1651
1647,1653
1648,1647
1649,1647
1649,1652
1650,1647
1651,1647
1652,1649
1653,1647
1654,1655
1655,1654
1655,1656
1655,1657
1656,1655
1657,1655
1658,1659
1658,1662
1659,1658
1659,1660
1659,1661
1659,1663
1660,1659
1661,1659
1662,1658
1663,1659
1664,1665
1664,1669
1664,1672
1664,1674
1665,1664
1665,1666
1665,1667
1665,1668
1665,1670
1665,1671
1666,1665
1666,1673
1667,1665
1668,1665
1669,1664
1670,1665
1671,1665
1672,1664
1673,1666
1674,1664
1675,1676
1675,1680
1675,1681
1675,1683
1676,1675
1676,1677
1676,1678
1676,1679
1676,1682
1677,1676
1678,1676
1679,1676
1680,1675
1681,1675
1682,1676
1683,1675
1684,1685
1684,1689
1684,1690
1685,1684
1685,1686
1685,1687
1685,1688
1685,1692
1686,1685
1687,1685
1687,1691
1688,1685
1689,1684
1690,1684
1691,1687
1692,1685
1693,1694
1693,1700
1694,1693
1694,1695
1694,1696
1694,1697
1694,1698
1695,1694
1696,1694
1696,1699
1697,1694
1698,1694
1699,1696
1700,1693
1701,1702
1701,1706
1701,1707
1702,1701
1702,1703
1702,1704
1702,1705
1702,1708
1702,1710
1703,1702
1704,1702
1704,1709
1705,1702
1706,1701
1707,1701
1708,1702
1709,1704
1710,1702
1711,1712
1712,1711
1712,1713
1712,1714
1712,1715
1712,1716
1713,1712
1713,1717
1713,1718
1714,1712
1715,1712
1716,1712
1717,1713
1718,1713
1719,1720
1719,1724
1719,1725
1720,1719
1720,1721
1720,1722
1720,1723
1720,1726
1721,1720
1722,1720
1723,1720
1724,1719
1725,1719
1726,1720
1727,1728
1727,1732
1728,1727
1728,1729
1728,1730
1728,1731
1728,1734
1729,1728
1730,1728
1731,1728
1731,1733
1732,1727
1733,1731
1734,1728
1735,1736
1735,1741
1736,1735
1736,1737
1736,1738
1736,1739
1737,1736
1738,1736
1739,1736
1739,1740
1740,1739
1741,1735
1742,1743
1742,1748
1743,1742
1743,1744
1743,1745
1743,1746
1743,1747
1744,1743
1745,1743
1746,1743
1747,1743
1748,1742
1749,1750
1750,1749
1750,1751
1750,1752
1750,1753
1750,1754
1751,1750
1752,1750
1753,1750
1754,1750
1755,1756
1755,1762
1756,1755
1756,1757
1756,1758
1756,1759
1756,1760
1757,1756
1758,1756
1759,1756
1759,1761
1760,1756
1761,1759
1762,1755
1763,1764
1764,1763
1764,1765
1765,1764
1766,1767
1767,1766
1767,1768
1767,1769
1767,1770
1768,1767
1769,1767
1770,1767
1771,1772
1771,1773
1771,1774
1771,1776
1772,1771
1772,1775
1772,1777
1773,1771
1774,1771
1775,1772
1776,1771
1777,1772
1778,1779
1779,1778
1779,1780
1779,1781
1779,1782
1780,1779
1781,1779
1782,1779
1783,1784
1783,1787
1783,1788
1783,1792
1784,1783
1784,1785
1784,1786
1784,1789
1784,1790
1785,1784
1785,1791
1786,1784
1787,1783
1788,1783
1789,1784
1790,1784
1791,1785
1792,1783
1793,1794
1794,1793
1795,1796
1796,1795
1797,1798
1797,1799
1797,1800
1797,1801
1798,1797
1799,1797
1800,1797
1801,1797
1802,1803
1802,1804
1802,1805
1803,1802
1804,1802
1805,1802
1806,1807
1807,1806
1808,1809
1808,1810
1808,1811
1808,1812
1809,1808
1810,1808
1811,1808
1812,1808
1813,1814
1814,1813
1815,1816
1815,1817
1815,1818
1816,1815
1817,1815
1818,1815
1819,1820
1819,1821
1819,1822
1820,1819
1821,1819
1822,1819
1823,1824
1823,1825
1823,1826
1824,1823
1825,1823
1826,1823
1827,1828
1827,1829
1827,1830
1828,1827
1829,1827
1830,1827
1831,1832
1832,1831
1833,1834
1833,1835
1833,1836
1833,1837
1834,1833
1835,1833
1836,1833
1837,1833
1838,1839
1838,1840
1839,1838
1840,1838
1841,1842
1841,1843
1841,1844
1841,1845
1842,1841
1843,1841
1844,1841
1845,1841
1846,1847
1847,1846
1848,1849
1848,1850
1849,1848
1850,1848
1851,1852
1851,1853
1852,1851
1853,1851
1854,1855
1854,1856
1854,1857
1854,1858
1855,1854
1856,1854
1857,1854
1858,1854
1859,1860
1859,1861
1859,1862
1859,1863
1860,1859
1861,1859
1862,1859
1863,1859
1864,1865
1864,1866
1865,1864
1866,1864
1867,1868
1867,1869
1867,1870
1867,1871
1868,1867
1869,1867
1870,1867
1871,1867
1872,1873
1872,1874
1873,1872
1874,1872
1875,1876
1875,1877
1875,1878
1875,1879
1876,1875
1877,1875
1878,1875
1879,1875
1880,1881
1880,1882
1880,1883
1881,1880
1882,1880
1883,1880
1884,1885
1884,1886
1884,1887
1885,1884
1886,1884
1887,1884
1888,1889
1888,1890
1888,1891
1889,1888
1890,1888
1891,1888
1892,1893
1892,1894
1892,1895
1893,1892
1894,1892
1895,1892
1896,1897
1896,1898
1897,1896
1898,1896
1899,1900
1900,1899
1901,1902
1901,1903
1901,1904
1902,1901
1903,1901
1904,1901
1905,1906
1905,1907
1906,1905
1907,1905
1908,1909
1909,1908
1910,1911
1910,1912
1910,1913
1910,1914
1911,1910
1912,1910
1913,1910
1914,1910
1915,1916
1915,1917
1915,1918
1915,1919
1916,1915
1917,1915
1918,1915
1919,1915
1920,1921
1921,1920
1922,1923
1923,1922
1924,1925
1924,1926
1925,1924
1926,1924
1927,1928
1927,1929
1928,1927
1929,1927
1930,1931
1931,1930
1932,1933
1932,1934
1933,1932
1934,1932
1935,1936
1935,1937
1936,1935
1937,1935
1938,1939
1939,1938
1940,1941
1941,1940
1942,1943
1942,1944
1943,1942
1944,1942
1945,1946
1946,1945
1947,1948
1947,1949
1948,1947
1949,1947
1950,1951
1951,1950
1952,1953
1953,1952
1954,1955
1954,1956
1955,1954
1956,1954
1957,1958
1958,1957
1959,1960
1960,1959
1961,1962
1961,1963
1962,1961
1963,1961
1964,1965
1964,1966
1965,1964
1966,1964
1967,1968
1968,1967
1969,1970
1970,1969
1971,1972
1972,1971
1973,1974
1973,1975
1974,1973
1975,1973
1976,1977
1976,1978
1977,1976
1978,1976
1979,1980
1980,1979
1981,1982
1981,1983
1982,1981
1983,1981
1984,1985
1985,1984
1986,1987
1987,1986
1988,1989
1988,1990
1989,1988
1990,1988
1991,1992
1991,1993
1992,1991
1993,1991
1994,1995
1995,1994
1996,1997
1997,1996
1998,1999
1998,2000
1999,1998
2000,1998
2001,2002
2002,2001
2003,2004
2004,2003
2005,2006
2006,2005
2007,2008
2007,2009
2008,2007
2009,2007
2010,2011
2011,2010
2012,2013
2012,2014
2013,2012
2014,2012
2015,2016
2016,2015
2016,2017
2016,2018
2016,2019
2017,2016
2017,2020
2017,2021
2018,2016
2019,2016
2020,2017
2021,2017
2022,2023
2023,2022
2023,2024
2023,2025
2023,2026
2023,2028
2024,2023
2024,2027
2025,2023
2026,2023
2027,2024
2028,2023
2029,2030
2029,2034
2030,2029
2030,2031
2030,2032
2030,2033
2030,2035
2031,2030
2032,2030
2033,2030
2034,2029
2035,2030
2036,2037
2036,2040
2036,2041
2036,2042
2036,2044
2037,2036
2037,2038
2037,2039
2037,2043
2038,2037
2039,2037
2040,2036
2041,2036
2042,2036
2043,2037
2044,2036
2045,2046
2046,2045
2046,2047
2046,2048
2046,2049
2046,2050
2047,2046
2048,2046
2049,2046
2050,2046
2051,2052
2051,2057
2051,2058
2052,2051
2052,2053
2052,2054
2052,2055
2052,2056
2052,2059
2053,2052
2054,2052
2055,2052
2055,2060
2055,2061
2056,2052
2057,2051
2058,2051
2059,2052
2060,2055
2061,2055
2062,2063
2062,2068
2063,2062
2063,2064
2063,2065
2063,2066
2063,2067
2063,2069
2064,2063
2065,2063
2066,2063
2066,2070
2066,2071
2067,2063
2068,2062
2069,2063
2070,2066
2071,2066
2072,2073
2073,2072
2073,2074
2073,2075
2073,2076
2073,2077
2073,2078
2073,2079
2074,2073
2075,2073
2075,2080
2076,2073
2077,2073
2078,2073
2079,2073
2080,2075
2081,2082
2081,2088
2082,2081
2082,2083
2082,2084
2082,2085
2082,2086
2082,2089
2082,2091
2083,2082
2083,2087
2083,2090
2084,2082
2085,2082
2086,2082
2086,2092
2086,2093
2087,2083
2088,2081
2089,2082
2090,2083
2091,2082
2092,2086
2093,2086
2094,2095
2094,2098
2094,2099
2094,2102
2095,2094
2095,2096
2095,2097
2095,2101
2096,2095
2096,2100
2097,2095
2098,2094
2099,2094
2100,2096
2101,2095
2102,2094
2103,2104
2104,2103
2104,2105
2104,2106
2104,2107
2105,2104
2106,2104
2106,2108
2107,2104
2108,2106
2109,2110
2109,2113
2109,2114
2109,2116
2109,2117
2110,2109
2110,2111
2110,2112
2110,2115
2111,2110
2112,2110
2112,2118
2112,2119
2113,2109
2114,2109
2115,2110
2116,2109
2117,2109
2118,2112
2119,2112
2120,2121
2120,2123
2121,2120
2121,2122
2122,2121
2123,2120
2124,2125
2124,2128
2124,2129
2124,2130
2124,2131
2125,2124
2125,2126
2125,2127
2125,2132
2126,2125
2127,2125
2128,2124
2129,2124
2130,2124
2131,2124
2132,2125
2133,2134
2134,2133
2134,2135
2134,2136
2134,2137
2134,2138
2134,2139
2134,2140
2135,2134
2136,2134
2137,2134
2137,2141
2137,2142
2138,2134
2139,2134
2140,2134
2141,2137
2142,2137
2143,2144
2144,2143
2144,2145
2144,2146
2144,2147
2144,2148
2145,2144
2146,2144
2147,2144
2148,2144
2149,2150
2149,2154
2149,2155
2150,2149
2150,2151
2150,2152
2150,2153
2151,2150
2151,2156
2152,2150
2153,2150
2154,2149
2155,2149
2156,2151
2157,2158
2157,2161
2157,2162
2157,2165
2158,2157
2158,2159
2158,2160
2158,2163
2158,2164
2159,2158
2160,2158
2160,2166
2160,2167
2161,2157
2162,2157
2163,2158
2164,2158
2165,2157
2166,2160
2167,2160
2168,2169
2169,2168
2169,2170
2169,2171
2169,2172
2169,2173
2169,2174
2169,2175
2170,2169
2171,2169
2172,2169
2172,2176
2172,2177
2173,2169
2174,2169
2175,2169
2176,2172
2177,2172
2178,2179
2179,2178
2179,2180
2179,2181
2179,2182
2180,2179
2181,2179
2182,2179
2183,2184
2183,2187
2183,2188
2183,2192
2184,2183
2184,2185
2184,2186
2184,2189
2184,2190
2184,2191
2185,2184
2185,2193
2186,2184
2187,2183
2188,2183
2189,2184
2190,2184
2191,2184
2192,2183
2193,2185
2194,2195
2194,2202
2195,2194
2195,2196
2195,2197
2195,2198
2195,2199
2195,2200
2195,2203
2196,2195
2197,2195
2197,2201
2198,2195
2199,2195
2200,2195
2201,2197
2202,2194
2203,2195
2204,2205
2204,2209
2204,2210
2204,2212
2205,2204
2205,2206
2205,2207
2205,2208
2205,2213
2206,2205
2206,2211
2207,2205
2208,2205
2209,2204
2210,2204
2211,2206
2212,2204
2213,2205
2214,2215
2215,2214
2215,2216
2215,2217
2215,2218
2215,2219
2215,2220
2216,2215
2217,2215
2217,2221
2218,2215
2219,2215
2220,2215
2221,2217
2222,2223
2222,2229
2223,2222
2223,2224
2223,2225
2223,2226
2223,2227
2223,2228
2223,2230
2224,2223
2225,2223
2226,2223
2226,2231
2227,2223
2228,2223
2229,2222
2230,2223
2231,2226
2232,2233
2232,2236
2233,2232
2233,2234
2233,2235
2233,2237
2233,2238
2233,2239
2234,2233
2235,2233
2236,2232
2237,2233
2238,2233
2239,2233
2240,2241
2240,2247
2241,2240
2241,2242
2241,2243
2241,2244
2241,2245
2241,2246
2242,2241
2243,2241
2243,2248
2243,2249
2244,2241
2245,2241
2246,2241
2247,2240
2248,2243
2249,2243
2250,2251
2250,2256
2251,2250
2251,2252
2251,2253
2251,2254
2251,2255
2252,2251
2253,2251
2254,2251
2255,2251
2256,2250
2257,2258
2258,2257
2258,2259
2258,2260
2258,2261
2259,2258
2260,2258
2261,2258
2262,2263
2262,2268
2262,2269
2262,2270
2263,2262
2263,2264
2263,2265
2263,2266
2263,2267
2263,2272
2264,2263
2264,2271
2265,2263
2266,2263
2267,2263
2268,2262
2269,2262
2270,2262
2271,2264
2272,2263
2273,2274
2273,2277
2273,2278
2273,2280
2273,2282
2274,2273
2274,2275
2274,2276
2274,2279
2274,2281
2275,2274
2276,2274
2277,2273
2278,2273
2279,2274
2280,2273
2281,2274
2282,2273
2283,2284
2283,2288
2283,2289
2284,2283
2284,2285
2284,2286
2284,2287
2284,2291
2285,2284
2285,2290
2286,2284
2287,2284
2288,2283
2289,2283
2290,2285
2291,2284
2292,2293
2292,2297
2292,2300
2293,2292
2293,2294
2293,2295
2293,2296
2293,2298
2293,2299
2293,2301
2294,2293
2295,2293
2296,2293
2297,2292
2298,2293
2299,2293
2300,2292
2301,2293
2302,2303
2302,2308
2303,2302
2303,2304
2303,2305
2303,2306
2303,2307
2303,2309
2304,2303
2305,2303
2306,2303
2307,2303
2308,2302
2309,2303
2310,2311
2310,2315
2311,2310
2311,2312
2311,2313
2311,2314
2311,2316
2311,2317
2312,2311
2313,2311
2314,2311
2314,2318
2315,2310
2316,2311
2317,2311
2318,2314
2319,2320
2319,2325
2320,2319
2320,2321
2320,2322
2320,2323
2320,2324
2321,2320
2322,2320
2323,2320
2324,2320
2325,2319
2326,2327
2326,2331
2326,2332
2326,2333
2326,2334
2327,2326
2327,2328
2327,2329
2327,2330
2328,2327
2328,2336
2329,2327
2330,2327
2330,2335
2330,2337
2330,2338
2331,2326
2332,2326
2333,2326
2334,2326
2335,2330
2336,2328
2337,2330
2338,2330
2339,2340
2339,2344
2339,2347
2340,2339
2340,2341
2340,2342
2340,2343
2340,2345
2340,2348
2341,2340
2342,2340
2342,2346
2343,2340
2344,2339
2345,2340
2346,2342
2347,2339
2348,2340
2349,2350
2349,2353
2349,2354
2349,2355
2349,2356
2349,2358
2350,2349
2350,2351
2350,2352
2350,2357
2351,2350
2352,2350
2352,2359
2352,2360
2353,2349
2354,2349
2355,2349
2356,2349
2357,2350
2358,2349
2359,2352
2360,2352
2361,2362
2362,2361
2362,2363
2362,2364
2362,2365
2362,2366
2362,2368
2363,2362
2364,2362
2364,2367
2364,2369
2364,2370
2365,2362
2366,2362
2367,2364
2368,2362
2369,2364
2370,2364
2371,2372
2372,2371
2372,2373
2372,2374
2373,2372
2374,2372
2375,2376
2375,2381
2376,2375
2376,2377
2376,2378
2376,2379
2376,2380
2376,2383
2377,2376
2377,2382
2378,2376
2379,2376
2380,2376
2380,2384
2381,2375
2382,2377
2383,2376
2384,2380
2385,2386
2385,2390
2385,2392
2386,2385
2386,2387
2386,2388
2386,2389
2386,2391
2387,2386
2388,2386
2388,2393
2389,2386
2390,2385
2391,2386
2392,2385
2393,2388
2394,2395
2395,2394
2395,2396
2395,2397
2395,2398
2395,2399
2395,2400
2395,2401
2396,2395
2397,2395
2398,2395
2399,2395
2400,2395
2401,2395
2402,2403
2402,2408
2403,2402
2403,2404
2403,2405
2403,2406
2403,2407
2403,2409
2404,2403
2405,2403
2406,2403
2406,2410
2407,2403
2408,2402
2409,2403
2410,2406
2411,2412
2412,2411
2412,2413
2412,2414
2412,2415
2412,2416
2412,2417
2412,2418
2413,2412
2414,2412
2415,2412
2416,2412
2416,2419
2417,2412
2418,2412
2419,2416
2420,2421
2421,2420
2421,2422
2421,2423
2421,2424
2421,2425
2421,2426
2422,2421
2423,2421
2424,2421
2425,2421
2426,2421
2427,2428
2427,2432
2428,2427
2428,2429
2428,2430
2428,2431
2428,2433
2429,2428
2430,2428
2431,2428
2432,2427
2433,2428
2434,2435
2434,2440
2434,2441
2434,2442
2434,2443
2434,2445
2435,2434
2435,2436
2435,2437
2435,2438
2435,2439
2436,2435
2436,2444
2437,2435
2438,2435
2438,2446
2438,2447
2439,2435
2440,2434
2441,2434
2442,2434
2443,2434
2444,2436
2445,2434
2446,2438
2447,2438
2448,2449
2448,2455
2449,2448
2449,2450
2449,2451
2449,2452
2449,2453
2449,2454
2449,2456
2450,2449
2451,2449
2452,2449
2452,2457
2452,2458
2453,2449
2454,2449
2455,2448
2456,2449
2457,2452
2458,2452
2459,2460
2460,2459
2461,2462
2462,2461
2463,2464
2464,2463
2465,2466
2466,2465
2467,2468
2467,2469
2467,2470
2467,2471
2468,2467
2469,2467
2470,2467
2471,2467
2472,2473
2472,2474
2472,2475
2472,2476
2473,2472
2474,2472
2475,2472
2476,2472
2477,2478
2478,2477
2479,2480
2479,2481
2479,2482
2480,2479
2481,2479
2482,2479
2483,2484
2483,2485
2483,2486
2483,2487
2483,2488
2483,2489
2483,2490
2484,2483
2485,2483
2486,2483
2487,2483
2488,2483
2489,2483
2490,2483
2491,2492
2491,2493
2491,2494
2491,2495
2492,2491
2493,2491
2494,2491
2495,2491
2496,2497
2496,2498
2496,2499
2496,2500
2496,2501
2496,2502
2496,2503
2496,2504
2497,2496
2498,2496
2499,2496
2500,2496
2501,2496
2502,2496
2503,2496
2504,2496
2505,2506
2505,2507
2505,2508
2505,2509
2506,2505
2507,2505
2508,2505
2509,2505
2510,2511
2510,2512
2510,2513
2510,2514
2511,2510
2512,2510
2513,2510
2514,2510
2515,2516
2516,2515
2517,2518
2518,2517
2519,2520
2519,2521
2519,2522
2519,2523
2519,2524
2519,2525
2520,2519
2521,2519
2522,2519
2523,2519
2524,2519
2525,2519
2526,2527
2526,2528
2526,2529
2526,2530
2526,2531
2526,2532
2526,2533
2527,2526
2528,2526
2529,2526
2530,2526
2531,2526
2532,2526
2533,2526
2534,2535
2534,2536
2534,2537
2534,2538
2534,2539
2534,2540
2534,2541
2535,2534
2536,2534
2537,2534
2538,2534
2539,2534
2540,2534
2541,2534
2542,2543
2542,2544
2542,2545
2542,2546
2543,2542
2544,2542
2545,2542
2546,2542
2547,2548
2548,2547
2549,2550
2549,2551
2549,2552
2549,2553
2549,2554
2550,2549
2551,2549
2552,2549
2553,2549
2554,2549
2555,2556
2556,2555
2557,2558
2557,2559
2557,2560
2557,2561
2557,2562
2557,2563
2558,2557
2559,2557
2560,2557
2561,2557
2562,2557
2563,2557
2564,2565
2564,2566
2564,2567
2564,2568
2564,2569
2564,2570
2564,2571
2565,2564
2566,2564
2567,2564
2568,2564
2569,2564
2570,2564
2571,2564
2572,2573
2572,2574
2572,2575
2572,2576
2573,2572
2574,2572
2575,2572
2576,2572
2577,2578
2577,2579
2577,2580
2577,2581
2577,2582
2578,2577
2579,2577
2580,2577
2581,2577
2582,2577
2583,2584
2583,2585
2583,2586
2583,2587
2584,2583
2585,2583
2586,2583
2587,2583
2588,2589
2588,2590
2588,2591
2588,2592
2589,2588
2590,2588
2591,2588
2592,2588
2593,2594
2594,2593
2595,2596
2595,2597
2595,2598
2595,2599
2595,2600
2596,2595
2597,2595
2598,2595
2599,2595
2600,2595
2601,2602
2601,2603
2601,2604
2601,2605
2601,2606
2601,2607
2601,2608
2601,2609
2602,2601
2603,2601
2604,2601
2605,2601
2606,2601
2607,2601
2608,2601
2609,2601
2610,2611
2611,2610
2611,2612
2612,2611
2613,2614
2614,2613
2615,2616
2615,2617
2615,2619
2615,2620
2616,2615
2616,2618
2617,2615
2618,2616
2619,2615
2620,2615
2621,2622
2622,2621
2622,2623
2622,2624
2623,2622
2624,2622
2625,2626
2626,2625
2626,2627
2627,2626
2628,2629
2629,2628
2629,2630
2629,2631
2630,2629
2631,2629
2632,2633
2632,2635
2632,2636
2632,2637
2632,2638
2633,2632
2633,2634
2634,2633
2635,2632
2636,2632
2637,2632
2638,2632
2639,2640
2639,2642
2639,2643
2639,2644
2639,2646
2640,2639
2640,2641
2640,2645
2641,2640
2642,2639
2643,2639
2644,2639
2645,2640
2646,2639
2647,2648
2647,2651
2647,2652
2647,2653
2647,2654
2648,2647
2648,2649
2648,2650
2649,2648
2650,2648
2651,2647
2652,2647
2653,2647
2654,2647
2655,2656
2655,2658
2655,2659
2655,2660
2655,2661
2655,2662
2656,2655
2656,2657
2657,2656
2658,2655
2659,2655
2660,2655
2661,2655
2662,2655
2663,2664
2664,2663
2665,2666
2665,2667
2665,2668
2665,2669
2666,2665
2667,2665
2668,2665
2669,2665
2670,2671
2670,2674
2670,2675
2670,2676
2671,2670
2671,2672
2671,2673
2672,2671
2673,2671
2674,2670
2675,2670
2676,2670
2677,2678
2678,2677
2678,2679
2679,2678
2680,2681
2680,2684
2680,2685
2680,2686
2680,2687
2681,2680
2681,2682
2681,2683
2682,2681
2683,2681
2684,2680
2685,2680
2686,2680
2687,2680
2688,2689
2688,2692
2688,2693
2689,2688
2689,2690
2689,2691
2690,2689
2691,2689
2692,2688
2693,2688
2694,2695
2695,2694
2695,2696
2696,2695
2697,2698
2697,2701
2697,2702
2697,2703
2697,2704
2697,2705
2698,2697
2698,2699
2698,2700
2699,2698
2700,2698
2701,2697
2702,2697
2703,2697
2704,2697
2705,2697
2706,2707
2706,2709
2707,2706
2707,2708
2708,2707
2709,2706
2710,2711
2710,2714
2710,2715
2711,2710
2711,2712
2711,2713
2712,2711
2713,2711
2714,2710
2715,2710
2716,2717
2717,2716
2717,2718
2717,2719
2718,2717
2719,2717
2720,2721
2721,2720
2721,2722
2721,2723
2722,2721
2723,2721
2724,2725
2725,2724
2725,2726
2726,2725
2727,2728
2727,2729
2727,2730
2727,2732
2728,2727
2728,2731
2729,2727
2730,2727
2731,2728
2732,2727
2733,2734
2733,2735
2733,2736
2733,2738
2734,2733
2734,2737
2735,2733
2736,2733
2737,2734
2738,2733
2739,2740
2740,2739
2741,2742
2742,2741
2742,2743
2743,2742
2744,2745
2745,2744
2746,2747
2747,2746
2747,2748
2748,2747
2749,2750
2749,2753
2749,2754
2749,2755
2749,2756
2750,2749
2750,2751
2750,2752
2751,2750
2752,2750
2753,2749
2754,2749
2755,2749
2756,2749
2757,2758
2758,2757
2759,2760
2759,2763
2759,2764
2759,2765
2759,2766
2759,2767
2760,2759
2760,2761
2760,2762
2761,2760
2762,2760
2763,2759
2764,2759
2765,2759
2766,2759
2767,2759
2768,2769
2768,2772
2768,2773
2768,2774
2769,2768
2769,2770
2769,2771
2770,2769
2771,2769
2772,2768
2773,2768
2774,2768
2775,2776
2775,2778
2775,2779
2775,2780
2775,2782
2776,2775
2776,2777
2776,2781
2777,2776
2778,2775
2779,2775
2780,2775
2781,2776
2782,2775
2783,2784
2783,2786
2783,2787
2783,2788
2783,2789
2783,2790
2784,2783
2784,2785
2785,2784
2786,2783
2787,2783
2788,2783
2789,2783
2790,2783
2791,2792
2792,2791
2792,2793
2793,2792
2794,2795
2794,2797
2794,2798
2794,2799
2794,2800
2795,2794
2795,2796
2796,2795
2797,2794
2798,2794
2799,2794
2800,2794
2801,2802
2801,2804
2802,2801
2802,2803
2803,2802
2804,2801
2805,2806
2805,2808
2805,2809
2805,2811
2806,2805
2806,2807
2806,2810
2807,2806
2808,2805
2809,2805
2810,2806
2811,2805
2812,2813
2813,2812
2813,2814
2813,2815
2814,2813
2815,2813
2816,2817
2816,2819
2816,2820
2816,2821
2817,2816
2817,2818
2818,2817
2819,2816
2820,2816
2821,2816
2822,2823
2822,2825
2822,2826
2822,2827
2822,2828
2822,2829
2822,2830
2823,2822
2823,2824
2824,2823
2825,2822
2826,2822
2827,2822
2828,2822
2829,2822
2830,2822
2831,2832
2832,2831
2832,2833
2832,2834
2833,2832
2834,2832
2835,2836
2835,2837
2835,2838
2835,2840
2836,2835
2836,2839
2837,2835
2838,2835
2839,2836
2840,2835
2841,2842
2841,2843
2841,2844
2841,2846
2841,2847
2842,2841
2842,2845
2843,2841
2844,2841
2845,2842
2846,2841
2847,2841
2848,2849
2848,2851
2848,2852
2848,2853
2849,2848
2849,2850
2850,2849
2851,2848
2852,2848
2853,2848
2854,2855
2854,2856
2854,2858
2854,2860
2855,2854
2855,2857
2855,2859
2856,2854
2857,2855
2858,2854
2859,2855
2860,2854
2861,2862
2862,2861
2862,2863
2863,2862
2864,2865
2865,2864
2865,2866
2866,2865
2867,2868
2868,2867
2868,2869
2869,2868
