0,1
0,3
0,4
0,9
0,19
1,0
1,2
1,10
1,12
2,1
2,5
2,14
3,0
3,15
3,18
4,0
5,2
9,0
10,1
12,1
14,2
15,3
18,3
19,0
20,21
20,23
20,24
20,29
20,31
20,39
21,20
21,22
21,30
21,32
22,21
22,26
22,34
23,20
23,35
23,38
24,20
26,22
29,20
30,21
30,33
31,20
32,21
33,30
34,22
35,23
38,23
39,20
40,41
40,44
40,49
40,59
41,40
41,42
41,50
41,52
42,41
42,45
42,54
44,40
45,42
49,40
50,41
50,53
52,41
53,50
54,42
59,40
60,61
60,63
60,64
60,69
60,71
61,60
61,70
61,72
63,60
63,75
63,78
64,60
69,60
70,61
71,60
72,61
75,63
78,63
80,81
80,83
80,84
80,89
80,91
80,99
81,80
81,82
81,90
82,81
82,85
82,86
82,94
83,80
84,80
85,82
86,82
86,88
86,96
88,86
89,80
90,81
91,80
94,82
96,86
99,80
100,101
100,103
100,104
100,109
100,111
101,100
101,102
101,110
101,112
102,101
103,100
103,115
103,118
104,100
109,100
110,101
110,113
111,100
112,101
113,110
115,103
118,103
120,121
120,123
120,124
120,129
120,139
121,120
121,130
123,120
123,138
124,120
129,120
130,121
138,123
139,120
140,141
140,143
140,144
140,149
140,151
140,159
141,140
141,142
141,150
141,152
142,141
142,145
142,154
143,140
144,140
145,142
149,140
150,141
151,140
152,141
154,142
159,140
160,163
160,164
160,169
160,171
163,160
163,175
163,178
164,160
169,160
171,160
175,163
178,163
180,181
180,183
180,184
180,191
180,199
181,180
181,182
181,190
181,192
182,181
183,180
183,195
184,180
190,181
190,193
191,180
192,181
193,190
195,183
199,180
200,201
200,203
200,204
200,209
200,211
200,219
201,200
201,202
201,210
201,212
202,201
202,214
203,200
203,215
203,218
204,200
209,200
210,201
210,213
211,200
212,201
213,210
214,202
215,203
218,203
219,200
220,221
220,223
220,224
220,229
220,231
220,239
221,220
221,222
221,230
221,232
222,221
222,225
222,226
222,234
223,220
223,235
224,220
225,222
226,222
226,236
229,220
230,221
230,233
231,220
232,221
233,230
234,222
235,223
236,226
239,220
240,241
240,243
240,244
240,249
240,251
240,259
241,240
241,250
241,252
243,240
243,255
243,258
244,240
249,240
250,241
250,253
251,240
252,241
253,250
255,243
258,243
259,240
260,261
260,263
260,264
260,271
260,279
261,260
261,270
263,260
263,275
263,278
264,260
270,261
271,260
275,263
278,263
279,260
280,281
280,283
280,289
280,291
280,299
281,280
281,282
282,281
283,280
283,295
289,280
291,280
295,283
299,280
300,301
300,303
300,304
300,309
300,311
300,319
301,300
301,302
301,310
301,312
302,301
302,305
302,306
302,314
303,300
303,315
303,318
304,300
305,302
306,302
309,300
310,301
311,300
312,301
314,302
315,303
318,303
319,300
320,321
320,323
320,324
320,329
320,331
320,339
321,320
321,322
321,330
321,332
322,321
323,320
323,338
324,320
329,320
330,321
331,320
332,321
338,323
339,320
340,341
340,343
340,344
340,349
340,351
340,359
341,340
341,342
341,350
341,352
342,341
342,345
342,346
342,354
343,340
343,358
344,340
345,342
346,342
349,340
350,341
351,340
352,341
354,342
358,343
359,340
360,361
360,363
360,364
360,369
360,371
360,379
361,360
361,362
361,370
362,361
363,360
363,375
363,378
364,360
369,360
370,361
370,373
371,360
373,370
375,363
378,363
379,360
380,381
380,383
380,384
380,389
380,391
380,399
381,380
381,390
381,392
383,380
383,395
383,398
384,380
389,380
390,381
390,393
391,380
392,381
393,390
395,383
398,383
399,380
400,401
400,403
400,404
400,409
400,411
400,419
401,400
401,402
401,410
401,412
402,401
402,405
402,406
402,414
403,400
403,415
403,418
404,400
405,402
406,402
409,400
410,401
410,413
411,400
412,401
413,410
414,402
415,403
418,403
419,400
420,421
420,423
420,424
420,429
420,431
420,439
421,420
421,422
421,432
422,421
422,434
423,420
423,435
423,438
424,420
429,420
431,420
432,421
434,422
435,423
438,423
439,420
440,441
440,443
440,444
440,449
440,451
440,459
441,440
441,442
441,450
441,452
442,441
443,440
443,455
443,458
444,440
449,440
450,441
450,453
451,440
452,441
453,450
455,443
458,443
459,440
460,461
460,463
460,464
460,469
460,471
460,479
461,460
461,462
461,470
461,472
462,461
463,460
463,475
463,478
464,460
469,460
470,461
470,473
471,460
472,461
473,470
475,463
478,463
479,460
480,481
480,483
480,484
480,489
480,491
480,499
481,480
481,482
481,490
481,492
482,481
483,480
483,495
483,498
484,480
489,480
490,481
491,480
492,481
495,483
498,483
499,480
500,501
500,504
500,509
500,511
500,519
501,500
504,500
509,500
511,500
519,500
520,521
520,523
520,524
520,529
520,531
520,539
521,520
521,522
522,521
522,525
522,526
522,534
523,520
523,535
523,538
524,520
525,522
526,522
529,520
531,520
534,522
535,523
538,523
539,520
540,541
540,543
540,544
540,549
540,551
540,559
541,540
543,540
543,555
543,558
544,540
549,540
551,540
555,543
558,543
559,540
560,561
560,563
560,564
560,569
560,571
560,579
561,560
561,562
561,572
562,561
563,560
563,575
563,578
564,560
569,560
571,560
572,561
575,563
578,563
579,560
580,581
580,583
580,584
580,589
580,591
580,599
581,580
581,590
581,592
583,580
583,595
583,598
584,580
589,580
590,581
591,580
592,581
595,583
598,583
599,580
600,601
600,609
600,611
601,600
601,602
601,610
601,612
602,601
602,605
602,606
602,614
605,602
605,607
606,602
606,608
607,605
608,606
608,617
609,600
610,601
610,613
611,600
612,601
613,610
614,602
617,608
620,621
620,623
620,629
620,631
620,639
621,620
621,622
621,630
621,632
622,621
622,625
622,626
623,620
623,638
625,622
626,622
626,628
626,636
628,626
629,620
630,621
630,633
631,620
632,621
633,630
636,626
638,623
639,620
640,641
640,643
640,644
640,649
641,640
641,642
641,650
641,652
642,641
642,645
642,646
642,654
643,640
644,640
645,642
645,647
646,642
647,645
649,640
650,641
652,641
654,642
660,661
661,660
661,662
661,670
661,672
662,661
662,665
662,666
662,674
665,662
665,667
666,662
666,668
666,676
667,665
668,666
670,661
670,673
672,661
673,670
674,662
676,666
680,681
680,683
680,689
680,691
680,699
681,680
681,682
681,690
681,692
682,681
682,685
682,694
683,680
683,695
683,698
685,682
685,687
687,685
689,680
690,681
690,693
691,680
692,681
693,690
694,682
695,683
698,683
699,680
700,701
700,703
700,709
700,711
700,719
701,700
701,702
701,710
701,712
702,701
703,700
703,715
703,718
709,700
710,701
710,713
711,700
712,701
713,710
715,703
718,703
719,700
721,722
721,730
722,721
722,725
722,726
722,734
725,722
725,727
726,722
727,725
730,721
730,733
733,730
734,722
740,741
740,743
740,744
740,749
740,751
740,759
741,740
741,742
741,750
741,752
742,741
742,746
742,754
743,740
743,758
744,740
746,742
746,756
749,740
750,741
750,753
751,740
752,741
753,750
754,742
756,746
758,743
759,740
760,761
760,763
760,764
760,769
760,771
761,760
761,762
761,770
761,772
762,761
762,765
762,766
762,774
763,760
764,760
765,762
765,767
766,762
767,765
769,760
770,761
770,773
771,760
772,761
773,770
774,762
780,781
780,783
780,784
780,791
781,780
781,782
781,790
781,792
782,781
782,785
782,786
782,794
783,780
783,795
784,780
785,782
786,782
786,788
786,796
788,786
790,781
791,780
792,781
794,782
795,783
796,786
800,801
800,804
800,811
800,819
801,800
801,802
801,810
801,812
802,801
802,805
802,806
802,814
804,800
805,802
805,807
806,802
807,805
810,801
810,813
811,800
812,801
813,810
814,802
819,800
820,821
820,823
820,824
820,829
820,831
820,839
821,820
821,822
821,830
821,832
822,821
822,825
822,826
823,820
824,820
825,822
825,827
826,822
826,828
826,836
827,825
828,826
829,820
830,821
830,833
831,820
832,821
833,830
836,826
839,820
840,841
841,840
841,842
841,850
841,852
842,841
842,846
846,842
850,841
852,841
860,861
860,863
860,864
860,869
860,871
860,879
861,860
861,862
861,870
861,872
862,861
862,865
862,866
863,860
863,875
864,860
865,862
865,867
866,862
866,868
867,865
868,866
868,877
869,860
870,861
870,873
871,860
872,861
873,870
875,863
877,868
879,860
880,881
880,883
880,884
880,889
880,899
881,880
881,882
881,892
882,881
882,885
882,886
882,894
883,880
883,898
884,880
885,882
886,882
889,880
892,881
894,882
898,883
899,880
900,901
900,904
900,909
900,911
900,919
901,900
901,902
901,910
901,912
902,901
902,905
902,906
902,914
904,900
905,902
905,907
906,902
906,908
906,916
907,905
908,906
909,900
910,901
910,913
911,900
912,901
913,910
914,902
916,906
919,900
920,921
920,923
920,924
920,931
920,939
921,920
921,922
921,930
921,932
922,921
922,926
922,934
923,920
923,935
923,938
924,920
926,922
926,936
930,921
930,933
931,920
932,921
933,930
934,922
935,923
936,926
938,923
939,920
940,941
940,943
940,944
940,949
940,951
940,959
941,940
941,942
941,950
941,952
942,941
942,945
942,946
942,954
943,940
944,940
945,942
945,947
946,942
946,956
947,945
949,940
950,941
950,953
951,940
952,941
953,950
954,942
956,946
959,940
960,961
960,963
960,964
960,969
960,971
960,979
961,960
961,970
961,972
963,960
963,975
963,978
964,960
969,960
970,961
970,973
971,960
972,961
973,970
975,963
978,963
979,960
980,981
980,983
980,984
980,989
980,991
981,980
981,982
981,990
981,992
982,981
983,980
983,995
984,980
989,980
990,981
990,993
991,980
992,981
993,990
995,983
1000,1001
1000,1003
1000,1011
1001,1000
1001,1002
1001,1012
1002,1001
1002,1014
1003,1000
1011,1000
1012,1001
1014,1002
1020,1021
1020,1023
1020,1024
1020,1029
1020,1031
1020,1039
1021,1020
1021,1022
1021,1030
1021,1032
1022,1021
1022,1025
1022,1026
1022,1034
1023,1020
1023,1035
1023,1038
1024,1020
1025,1022
1026,1022
1026,1028
1028,1026
1029,1020
1030,1021
1030,1033
1031,1020
1032,1021
1033,1030
1034,1022
1035,1023
1038,1023
1039,1020
1040,1041
1040,1059
1041,1040
1041,1042
1041,1050
1041,1052
1042,1041
1042,1045
1042,1054
1045,1042
1045,1047
1047,1045
1050,1041
1050,1053
1052,1041
1053,1050
1054,1042
1059,1040
1060,1061
1060,1063
1060,1064
1060,1071
1060,1079
1061,1060
1061,1062
1061,1070
1061,1072
1062,1061
1062,1065
1062,1066
1062,1074
1063,1060
1064,1060
1065,1062
1066,1062
1066,1068
1068,1066
1070,1061
1070,1073
1071,1060
1072,1061
1073,1070
1074,1062
1079,1060
1080,1081
1080,1083
1080,1091
1081,1080
1081,1082
1081,1090
1081,1092
1082,1081
1082,1085
1082,1086
1082,1094
1083,1080
1085,1082
1086,1082
1086,1096
1090,1081
1090,1093
1091,1080
1092,1081
1093,1090
1094,1082
1096,1086
1100,1101
1100,1103
1100,1104
1100,1109
1100,1111
1100,1119
1101,1100
1101,1102
1101,1110
1101,1112
1102,1101
1102,1114
1103,1100
1103,1115
1103,1118
1104,1100
1109,1100
1110,1101
1110,1113
1111,1100
1112,1101
1113,1110
1114,1102
1115,1103
1118,1103
1119,1100
1120,1121
1120,1123
1120,1124
1120,1129
1120,1131
1120,1139
1121,1120
1121,1122
1121,1130
1121,1132
1122,1121
1122,1125
1122,1126
1122,1134
1123,1120
1124,1120
1125,1122
1125,1127
1126,1122
1126,1136
1127,1125
1129,1120
1130,1121
1131,1120
1132,1121
1134,1122
1136,1126
1139,1120
1140,1141
1140,1143
1140,1144
1140,1149
1140,1151
1140,1159
1141,1140
1141,1150
1141,1152
1143,1140
1143,1158
1144,1140
1149,1140
1150,1141
1150,1153
1151,1140
1152,1141
1153,1150
1158,1143
1159,1140
1160,1161
1160,1163
1160,1164
1160,1169
1160,1171
1161,1160
1161,1162
1161,1170
1161,1172
1162,1161
1162,1166
1162,1174
1163,1160
1163,1175
1163,1178
1164,1160
1166,1162
1166,1168
1166,1176
1168,1166
1169,1160
1170,1161
1170,1173
1171,1160
1172,1161
1173,1170
1174,1162
1175,1163
1176,1166
1178,1163
1180,1181
1180,1183
1180,1184
1180,1189
1181,1180
1181,1182
1181,1190
1181,1192
1182,1181
1182,1186
1182,1194
1183,1180
1184,1180
1186,1182
1186,1188
1188,1186
1189,1180
1190,1181
1190,1193
1192,1181
1193,1190
1194,1182
1200,1201
1200,1203
1200,1204
1200,1219
1201,1200
1201,1202
1201,1210
1201,1212
1202,1201
1202,1205
1202,1206
1202,1214
1203,1200
1204,1200
1205,1202
1205,1207
1206,1202
1206,1208
1206,1216
1207,1205
1208,1206
1210,1201
1210,1213
1212,1201
1213,1210
1214,1202
1216,1206
1219,1200
1220,1221
1220,1223
1220,1224
1220,1229
1220,1231
1220,1239
1221,1220
1221,1222
1221,1230
1221,1232
1222,1221
1222,1225
1222,1226
1222,1234
1223,1220
1224,1220
1225,1222
1226,1222
1226,1228
1226,1236
1228,1226
1228,1237
1229,1220
1230,1221
1231,1220
1232,1221
1234,1222
1236,1226
1237,1228
1239,1220
1240,1241
1240,1243
1240,1244
1240,1249
1240,1251
1241,1240
1241,1242
1241,1250
1241,1252
1242,1241
1242,1245
1242,1246
1242,1254
1243,1240
1244,1240
1245,1242
1245,1247
1246,1242
1246,1248
1246,1256
1247,1245
1248,1246
1248,1257
1249,1240
1250,1241
1250,1253
1251,1240
1252,1241
1253,1250
1254,1242
1256,1246
1257,1248
1260,1261
1261,1260
1261,1262
1261,1272
1262,1261
1262,1265
1262,1266
1262,1274
1265,1262
1265,1267
1266,1262
1266,1268
1266,1276
1267,1265
1268,1266
1268,1277
1272,1261
1274,1262
1276,1266
1277,1268
1282,1285
1282,1286
1282,1294
1285,1282
1286,1282
1286,1288
1288,1286
1294,1282
1300,1301
1300,1303
1300,1304
1300,1311
1300,1319
1301,1300
1301,1302
1301,1312
1302,1301
1302,1305
1302,1306
1302,1314
1303,1300
1303,1318
1304,1300
1305,1302
1305,1307
1306,1302
1307,1305
1311,1300
1312,1301
1314,1302
1318,1303
1319,1300
1320,1321
1320,1339
1321,1320
1321,1322
1321,1330
1321,1332
1322,1321
1322,1326
1322,1334
1326,1322
1326,1328
1326,1336
1328,1326
1328,1337
1330,1321
1330,1333
1332,1321
1333,1330
1334,1322
1336,1326
1337,1328
1339,1320
1340,1341
1341,1340
1341,1342
1341,1352
1342,1341
1342,1345
1342,1346
1345,1342
1345,1347
1346,1342
1346,1348
1346,1356
1347,1345
1348,1346
1352,1341
1356,1346
1360,1361
1361,1360
1361,1362
1361,1370
1361,1372
1362,1361
1362,1365
1362,1366
1362,1374
1365,1362
1365,1367
1366,1362
1366,1368
1367,1365
1368,1366
1370,1361
1372,1361
1374,1362
1381,1382
1381,1390
1381,1392
1382,1381
1382,1385
1382,1386
1382,1394
1385,1382
1385,1387
1386,1382
1387,1385
1390,1381
1390,1393
1392,1381
1393,1390
1394,1382
1400,1401
1400,1409
1400,1411
1401,1400
1401,1402
1401,1410
1401,1412
1402,1401
1402,1405
1402,1406
1402,1414
1405,1402
1405,1407
1406,1402
1406,1408
1407,1405
1408,1406
1408,1417
1409,1400
1410,1401
1411,1400
1412,1401
1414,1402
1417,1408
1420,1421
1420,1424
1420,1429
1420,1431
1421,1420
1421,1422
1421,1430
1421,1432
1422,1421
1422,1425
1422,1426
1422,1434
1424,1420
1425,1422
1426,1422
1426,1428
1426,1436
1428,1426
1428,1437
1429,1420
1430,1421
1431,1420
1432,1421
1434,1422
1436,1426
1437,1428
1441,1442
1441,1450
1441,1452
1442,1441
1442,1445
1442,1446
1445,1442
1446,1442
1446,1448
1446,1456
1448,1446
1448,1457
1450,1441
1452,1441
1456,1446
1457,1448
1461,1462
1461,1470
1462,1461
1462,1465
1462,1466
1462,1474
1465,1462
1466,1462
1466,1468
1466,1476
1468,1466
1468,1477
1470,1461
1470,1473
1473,1470
1474,1462
1476,1466
1477,1468
1481,1482
1482,1481
1482,1486
1482,1494
1486,1482
1486,1488
1486,1496
1488,1486
1488,1497
1494,1482
1496,1486
1497,1488
1500,1501
1500,1503
1500,1509
1500,1511
1501,1500
1501,1502
1501,1510
1501,1512
1502,1501
1502,1505
1502,1506
1502,1514
1503,1500
1505,1502
1506,1502
1506,1516
1509,1500
1510,1501
1511,1500
1512,1501
1514,1502
1516,1506
1520,1521
1520,1523
1520,1539
1521,1520
1521,1522
1521,1530
1521,1532
1522,1521
1522,1525
1522,1526
1522,1534
1523,1520
1525,1522
1525,1527
1526,1522
1526,1528
1526,1536
1527,1525
1528,1526
1530,1521
1532,1521
1534,1522
1536,1526
1539,1520
1540,1541
1540,1543
1540,1544
1540,1549
1540,1551
1540,1559
1541,1540
1541,1542
1541,1552
1542,1541
1542,1545
1542,1546
1542,1554
1543,1540
1544,1540
1545,1542
1545,1547
1546,1542
1546,1548
1546,1556
1547,1545
1548,1546
1549,1540
1551,1540
1552,1541
1554,1542
1556,1546
1559,1540
1561,1562
1562,1561
1562,1565
1562,1566
1562,1574
1565,1562
1565,1567
1566,1562
1566,1576
1567,1565
1574,1562
1576,1566
1581,1582
1581,1590
1581,1592
1582,1581
1582,1585
1582,1586
1582,1594
1585,1582
1585,1587
1586,1582
1586,1588
1586,1596
1587,1585
1588,1586
1590,1581
1590,1593
1592,1581
1593,1590
1594,1582
1596,1586
1602,1605
1602,1606
1602,1614
1605,1602
1606,1602
1606,1608
1606,1616
1608,1606
1614,1602
1616,1606
1620,1621
1621,1620
1621,1622
1621,1630
1621,1632
1622,1621
1622,1625
1622,1634
1625,1622
1625,1627
1627,1625
1630,1621
1632,1621
1634,1622
1640,1641
1640,1644
1640,1649
1640,1651
1640,1659
1641,1640
1641,1642
1641,1652
1642,1641
1642,1645
1642,1646
1642,1654
1644,1640
1645,1642
1645,1647
1646,1642
1646,1656
1647,1645
1649,1640
1651,1640
1652,1641
1654,1642
1656,1646
1659,1640
1660,1661
1660,1663
1660,1664
1660,1669
1660,1671
1660,1679
1661,1660
1661,1662
1661,1670
1661,1672
1662,1661
1662,1665
1662,1666
1662,1674
1663,1660
1663,1675
1663,1678
1664,1660
1665,1662
1666,1662
1669,1660
1670,1661
1671,1660
1672,1661
1674,1662
1675,1663
1678,1663
1679,1660
1681,1682
1681,1690
1681,1692
1682,1681
1682,1685
1682,1686
1682,1694
1685,1682
1685,1687
1686,1682
1686,1688
1687,1685
1688,1686
1690,1681
1690,1693
1692,1681
1693,1690
1694,1682
1700,1701
1700,1709
1700,1711
1700,1719
1701,1700
1701,1702
1701,1710
1701,1712
1702,1701
1702,1705
1702,1706
1702,1714
1705,1702
1706,1702
1706,1716
1709,1700
1710,1701
1710,1713
1711,1700
1712,1701
1713,1710
1714,1702
1716,1706
1719,1700
1721,1722
1721,1730
1721,1732
1722,1721
1722,1725
1722,1726
1722,1734
1725,1722
1725,1727
1726,1722
1726,1736
1727,1725
1730,1721
1732,1721
1734,1722
1736,1726
1741,1742
1741,1750
1741,1752
1742,1741
1742,1745
1742,1746
1742,1754
1745,1742
1745,1747
1746,1742
1746,1756
1747,1745
1750,1741
1750,1753
1752,1741
1753,1750
1754,1742
1756,1746
1760,1761
1760,1763
1760,1771
1760,1779
1761,1760
1761,1762
1761,1770
1761,1772
1762,1761
1762,1765
1762,1766
1762,1774
1763,1760
1765,1762
1766,1762
1766,1768
1766,1776
1768,1766
1768,1777
1770,1761
1771,1760
1772,1761
1774,1762
1776,1766
1777,1768
1779,1760
1780,1781
1780,1783
1780,1784
1781,1780
1781,1782
1781,1792
1782,1781
1782,1785
1782,1786
1782,1794
1783,1780
1784,1780
1785,1782
1785,1787
1786,1782
1786,1788
1786,1796
1787,1785
1788,1786
1788,1797
1792,1781
1794,1782
1796,1786
1797,1788
1803,1815
1803,1818
1815,1803
1818,1803
1820,1821
1820,1823
1820,1824
1820,1829
1820,1831
1820,1839
1821,1820
1821,1822
1821,1830
1821,1832
1822,1821
1822,1825
1823,1820
1823,1835
1823,1838
1824,1820
1825,1822
1829,1820
1830,1821
1831,1820
1832,1821
1835,1823
1838,1823
1839,1820
1840,1841
1840,1843
1840,1844
1840,1849
1840,1851
1841,1840
1841,1842
1841,1850
1841,1852
1842,1841
1843,1840
1843,1855
1843,1858
1844,1840
1849,1840
1850,1841
1851,1840
1852,1841
1855,1843
1858,1843
1860,1861
1860,1863
1860,1864
1860,1869
1860,1871
1860,1879
1861,1860
1863,1860
1863,1875
1863,1878
1864,1860
1869,1860
1871,1860
1875,1863
1878,1863
1879,1860
1880,1881
1880,1883
1880,1884
1880,1889
1880,1891
1880,1899
1881,1880
1881,1890
1881,1892
1883,1880
1883,1895
1883,1898
1884,1880
1889,1880
1890,1881
1891,1880
1892,1881
1895,1883
1898,1883
1899,1880
1900,1901
1900,1903
1900,1904
1900,1909
1900,1911
1900,1919
1901,1900
1901,1902
1901,1910
1901,1912
1902,1901
1902,1906
1903,1900
1903,1915
1903,1918
1904,1900
1906,1902
1909,1900
1910,1901
1911,1900
1912,1901
1915,1903
1918,1903
1919,1900
1920,1921
1920,1923
1920,1924
1920,1929
1920,1931
1920,1939
1921,1920
1921,1922
1921,1930
1921,1932
1922,1921
1922,1934
1923,1920
1923,1935
1923,1938
1924,1920
1929,1920
1930,1921
1930,1933
1931,1920
1932,1921
1933,1930
1934,1922
1935,1923
1938,1923
1939,1920
1940,1941
1940,1943
1940,1944
1940,1949
1941,1940
1943,1940
1943,1955
1943,1958
1944,1940
1949,1940
1955,1943
1958,1943
1963,1975
1963,1978
1975,1963
1978,1963
1980,1981
1980,1983
1980,1984
1980,1989
1980,1991
1980,1999
1981,1980
1981,1982
1981,1990
1982,1981
1982,1986
1983,1980
1983,1998
1984,1980
1986,1982
1989,1980
1990,1981
1991,1980
1998,1983
1999,1980
2000,2003
2000,2004
2000,2009
2000,2011
2000,2019
2003,2000
2003,2015
2003,2018
2004,2000
2009,2000
2011,2000
2015,2003
2018,2003
2019,2000
2020,2021
2020,2023
2020,2024
2020,2029
2020,2039
2021,2020
2021,2030
2023,2020
2023,2035
2023,2038
2024,2020
2029,2020
2030,2021
2035,2023
2038,2023
2039,2020
2040,2041
2040,2043
2040,2044
2040,2051
2040,2059
2041,2040
2041,2042
2041,2050
2041,2052
2042,2041
2043,2040
2043,2055
2043,2058
2044,2040
2050,2041
2051,2040
2052,2041
2055,2043
2058,2043
2059,2040
2060,2061
2060,2063
2060,2064
2060,2069
2060,2071
2060,2079
2061,2060
2061,2062
2061,2072
2062,2061
2063,2060
2063,2075
2063,2078
2064,2060
2069,2060
2071,2060
2072,2061
2075,2063
2078,2063
2079,2060
2080,2081
2080,2083
2080,2089
2080,2091
2080,2099
2081,2080
2083,2080
2083,2095
2083,2098
2089,2080
2091,2080
2095,2083
2098,2083
2099,2080
2100,2103
2100,2104
2100,2111
2100,2119
2103,2100
2103,2115
2103,2118
2104,2100
2111,2100
2115,2103
2118,2103
2119,2100
2120,2121
2120,2123
2120,2124
2120,2129
2120,2131
2120,2139
2121,2120
2121,2122
2122,2121
2123,2120
2123,2135
2123,2138
2124,2120
2129,2120
2131,2120
2135,2123
2138,2123
2139,2120
2140,2141
2140,2143
2140,2144
2140,2151
2140,2159
2141,2140
2141,2150
2143,2140
2143,2155
2143,2158
2144,2140
2150,2141
2151,2140
2155,2143
2158,2143
2159,2140
2160,2161
2160,2163
2160,2169
2161,2160
2163,2160
2163,2175
2163,2178
2169,2160
2175,2163
2178,2163
2180,2181
2180,2183
2180,2184
2180,2189
2180,2191
2180,2199
2181,2180
2183,2180
2183,2195
2183,2198
2184,2180
2189,2180
2191,2180
2195,2183
2198,2183
2199,2180
2200,2201
2200,2203
2200,2204
2200,2209
2200,2211
2200,2219
2201,2200
2201,2210
2201,2212
2203,2200
2203,2215
2203,2218
2204,2200
2209,2200
2210,2201
2211,2200
2212,2201
2215,2203
2218,2203
2219,2200
2220,2221
2220,2223
2220,2224
2220,2229
2220,2231
2221,2220
2221,2222
2221,2230
2221,2232
2222,2221
2223,2220
2223,2235
2223,2238
2224,2220
2229,2220
2230,2221
2231,2220
2232,2221
2235,2223
2238,2223
2240,2241
2240,2243
2240,2251
2241,2240
2241,2242
2241,2250
2241,2252
2242,2241
2243,2240
2243,2258
2250,2241
2251,2240
2252,2241
2258,2243
2260,2263
2260,2264
2260,2269
2260,2271
2260,2279
2263,2260
2263,2275
2263,2278
2264,2260
2269,2260
2271,2260
2275,2263
2278,2263
2279,2260
2280,2281
2280,2283
2280,2284
2280,2289
2280,2291
2280,2299
2281,2280
2281,2282
2281,2290
2281,2292
2282,2281
2282,2286
2282,2294
2283,2280
2283,2295
2283,2298
2284,2280
2286,2282
2289,2280
2290,2281
2291,2280
2292,2281
2294,2282
2295,2283
2298,2283
2299,2280
2300,2301
2300,2303
2300,2304
2300,2309
2300,2311
2300,2319
2301,2300
2301,2310
2303,2300
2303,2315
2303,2318
2304,2300
2309,2300
2310,2301
2311,2300
2315,2303
2318,2303
2319,2300
2323,2335
2323,2338
2335,2323
2338,2323
2340,2341
2340,2343
2340,2344
2340,2349
2340,2351
2340,2359
2341,2340
2341,2342
2341,2350
2341,2352
2342,2341
2342,2345
2343,2340
2343,2355
2343,2358
2344,2340
2345,2342
2349,2340
2350,2341
2351,2340
2352,2341
2355,2343
2358,2343
2359,2340
2360,2363
2360,2364
2360,2371
2360,2379
2363,2360
2363,2375
2363,2378
2364,2360
2371,2360
2375,2363
2378,2363
2379,2360
2380,2383
2383,2380
2383,2395
2383,2398
2395,2383
2398,2383
2400,2401
2400,2404
2400,2419
2401,2400
2404,2400
2419,2400
2420,2421
2420,2424
2420,2429
2420,2431
2420,2439
2421,2420
2424,2420
2429,2420
2431,2420
2439,2420
2440,2441
2440,2444
2440,2449
2440,2451
2440,2459
2441,2440
2444,2440
2449,2440
2451,2440
2459,2440
2460,2461
2460,2463
2460,2464
2460,2469
2460,2471
2460,2479
2461,2460
2463,2460
2463,2475
2464,2460
2469,2460
2471,2460
2475,2463
2479,2460
2480,2481
2480,2483
2480,2484
2480,2489
2480,2491
2480,2499
2481,2480
2481,2482
2481,2490
2482,2481
2483,2480
2483,2498
2484,2480
2489,2480
2490,2481
2491,2480
2498,2483
2499,2480
2500,2501
2500,2503
2500,2504
2500,2509
2500,2519
2501,2500
2503,2500
2503,2518
2504,2500
2509,2500
2518,2503
2519,2500
2520,2521
2520,2524
2520,2529
2520,2531
2521,2520
2521,2532
2524,2520
2529,2520
2531,2520
2532,2521
2540,2544
2540,2549
2540,2551
2544,2540
2549,2540
2551,2540
2560,2564
2560,2569
2564,2560
2569,2560
2580,2581
2580,2583
2580,2584
2580,2589
2580,2591
2580,2599
2581,2580
2581,2582
2581,2592
2582,2581
2583,2580
2584,2580
2589,2580
2591,2580
2592,2581
2599,2580
2600,2603
2600,2604
2600,2609
2600,2611
2600,2619
2603,2600
2604,2600
2609,2600
2611,2600
2619,2600
2620,2621
2620,2623
2620,2624
2620,2629
2620,2631
2620,2639
2621,2620
2621,2622
2621,2630
2621,2632
2622,2621
2623,2620
2623,2635
2623,2638
2624,2620
2629,2620
2630,2621
2631,2620
2632,2621
2635,2623
2638,2623
2639,2620
2640,2641
2640,2643
2640,2644
2640,2651
2640,2659
2641,2640
2643,2640
2643,2655
2643,2658
2644,2640
2651,2640
2655,2643
2658,2643
2659,2640
2660,2661
2660,2663
2660,2664
2660,2669
2660,2671
2660,2679
2661,2660
2661,2670
2663,2660
2663,2678
2664,2660
2669,2660
2670,2661
2671,2660
2678,2663
2679,2660
2680,2684
2680,2689
2680,2691
2684,2680
2689,2680
2691,2680
2700,2701
2700,2703
2700,2704
2700,2709
2700,2711
2700,2719
2701,2700
2701,2702
2701,2710
2702,2701
2702,2705
2702,2706
2703,2700
2703,2715
2704,2700
2705,2702
2706,2702
2709,2700
2710,2701
2710,2713
2711,2700
2713,2710
2715,2703
2719,2700
2720,2721
2720,2723
2720,2724
2720,2729
2720,2731
2720,2739
2721,2720
2721,2730
2721,2732
2723,2720
2723,2735
2723,2738
2724,2720
2729,2720
2730,2721
2731,2720
2732,2721
2735,2723
2738,2723
2739,2720
2740,2743
2740,2744
2740,2749
2740,2751
2743,2740
2744,2740
2749,2740
2751,2740
2760,2761
2760,2763
2760,2764
2760,2769
2760,2779
2761,2760
2761,2762
2761,2770
2761,2772
2762,2761
2763,2760
2763,2778
2764,2760
2769,2760
2770,2761
2772,2761
2778,2763
2779,2760
2780,2781
2780,2783
2780,2784
2780,2789
2780,2791
2780,2799
2781,2780
2781,2782
2781,2790
2781,2792
2782,2781
2783,2780
2783,2798
2784,2780
2789,2780
2790,2781
2790,2793
2791,2780
2792,2781
2793,2790
2798,2783
2799,2780
2800,2801
2800,2803
2800,2804
2800,2809
2800,2811
2800,2819
2801,2800
2801,2802
2802,2801
2803,2800
2803,2815
2803,2818
2804,2800
2809,2800
2811,2800
2815,2803
2818,2803
2819,2800
2820,2824
2820,2839
2824,2820
2839,2820
2840,2841
2840,2843
2840,2844
2840,2849
2840,2851
2841,2840
2843,2840
2844,2840
2849,2840
2851,2840
2860,2864
2860,2871
2860,2879
2864,2860
2871,2860
2879,2860
2880,2881
2880,2883
2880,2884
2880,2889
2880,2891
2880,2899
2881,2880
2881,2882
2881,2892
2882,2881
2883,2880
2884,2880
2889,2880
2891,2880
2892,2881
2899,2880
2900,2901
2900,2904
2900,2909
2900,2911
2900,2919
2901,2900
2901,2910
2901,2912
2904,2900
2909,2900
2910,2901
2911,2900
2912,2901
2919,2900
2920,2921
2920,2923
2920,2924
2920,2929
2920,2931
2920,2939
2921,2920
2923,2920
2923,2935
2923,2938
2924,2920
2929,2920
2931,2920
2935,2923
2938,2923
2939,2920
2940,2941
2940,2943
2940,2944
2940,2959
2941,2940
2943,2940
2944,2940
2959,2940
2960,2963
2960,2964
2960,2969
2960,2971
2960,2979
2963,2960
2964,2960
2969,2960
2971,2960
2979,2960
