0,
2,
2,
0,
0,1,
0,84,
0,
0,
1,
5,
2,
2,
2,
2,
0,75,
0,
5,
0,
84,
0,
0,
2,
75,
0,
0,
5,
0,
2,
43,
0,
2,
30,
5,
0,
5,
30,
2,
56,
36,
14,
2,
0,
2,
2,
0,
14,
0,
39,
0,
0,
22,
0,
0,
0,
0,
0,
43,
43,
0,
0,
0,
0,
14,
5,
5,
0,
0,
2,
20,
39,
0,
0,
154,
1,
20,
0,
0,
0,
0,
0,
0,
52,
2,
0,
2,
0,
0,
0,
17,
17,
0,
25,
43,
25,
0,
0,
0,84,
0,
0,
0,
0,
20,96,
2,
0,
0,
0,
0,
0,
152,96,
0,
36,
30,
22,
0,
2,
0,
0,
36,
10,
0,
0,
0,
0,
0,
0,
1,
84,
0,
0,
0,
75,
14,
5,
2,
1,
20,
20,
5,
20,
0,
0,
14,
96,
2,
43,
0,
0,
8,
5,
0,75,
2,
0,36,
0,
0,
73,
2,
5,
0,
1,
52,
2,
5,
0,
0,
5,
0,
75,
43,
0,
56,
2,
0,49,
0,
5,154,
20,
0,
0,
5,
1,
30,
2,22,
154,
0,
0,
2,
0,
0,
25,
0,
0,
0,
56,
0,
0,
0,
0,
39,
0,
0,
0,
4,
0,
49,
2,
56,
14,
35,
0,
0,
0,
5,57,
0,
0,
20,
0,
43,
1,
2,
1,
0,
2,
2,
39,
0,
2,
5,
0,
43,
1,
0,
2,162,
5,
19,
0,
2,
0,
36,
5,
0,
0,
0,
0,
0,
0,
0,
0,
0,
5,
2,
0,
0,
0,
56,
36,
0,
1,
2,
0,
0,
5,
30,
36,
0,
22,
75,36,
2,
0,
0,
2,
43,
2,
43,
0,
52,
2,
0,
0,
0,
0,
49,36,
1,
0,
0,
0,
43,
0,
0,
0,
0,
0,
2,
0,
2,22,
2,
0,84,
4,
2,56,
2,
19,
2,
43,
181,
5,
0,
0,
5,
0,
0,
5,
2,
0,
84,
5,
0,
25,
0,
0,
20,
36,
0,
152,96,
0,
2,
0,
0,
0,
0,1,
0,
0,
0,
0,
0,
0,
0,
2,
5,
0,
0,
26,
0,
0,
0,
0,
25,
5,43,
2,
152,
0,
2,
0,
0,
0,
76,
2,
2,
56,
0,
2,
8,
0,
2,25,
2,
0,
0,
0,
5,
1,
0,
0,
20,
0,
0,
0,
2,
0,
2,
0,
5,
19,25,
2,
0,
25,
36,
0,
0,
0,
60,
2,
0,
30,
0,84,
3,
0,
26,
36,
0,
2,
0,
2,
0,
0,
0,49,
0,
0,
25,
0,
1,
43,147,
0,
20,
5,
5,
0,
5,
2,25,84,
26,
0,
0,
0,
0,
160,
20,
0,
36,
5,
0,
43,
0,
0,19,
84,
0,
0,
2,56,
2,
0,
2,
2,
30,
2,
2,
0,
5,9,
39,
1,
5,
0,
5,
36,
22,
0,
0,
0,
56,
0,39,
25,
122,
2,
0,39,
52,
1,
0,
0,
36,
2,
0,
52,
0,
2,
0,
0,
0,
43,
0,
152,
0,
0,
0,
0,
0,
36,
0,
0,
2,
0,
0,
0,
5,
14,
2,
2,
0,
0,
18,
75,
0,
2,
0,
0,
0,5,
2,22,
2,
25,84,
5,
2,
0,
2,
0,
0,
0,
0,
0,
39,
0,
0,
0,56,
39,
39,
14,
0,2,
5,56,
25,84,
2,
43,
0,
1,
0,
0,
0,
0,
0,
0,
2,
0,
20,
0,
0,
0,
2,
43,26,
25,
0,
10,
20,
100,20,
39,
5,
0,
0,
0,
2,
0,
19,
49,
84,
43,
14,
2,
56,
30,
103,160,112,
0,
73,
0,
0,
20,
57,
5,
0,
0,
43,
14,
0,
0,
0,
0,
25,
2,
2,
30,
43,
43,
0,
14,
0,
14,
0,
0,49,
0,
2,
0,
0,
0,
0,
0,
30,
52,
36,
0,
1,
2,
2,
2,
2,
2,
0,1,
2,
0,31,
8,160,
0,
30,
0,30,
30,
5,
43,
0,
2,
49,
0,
5,
0,
2,
75,
2,
0,
22,
0,
52,
52,
52,
2,
0,
0,
0,
5,
0,
1,
20,
43,
0,
1,2,
0,
43,
0,
1,
5,
0,
36,
5,
0,
0,
8,
160,
20,
0,
0,
52,
48,
0,
0,
0,
5,
0,
2,
43,
0,
2,
0,
0,
0,
20,
75,52,
0,
2,
2,
0,
1,
0,
0,
0,
1,
84,
75,
30,
75,
1,
2,14,
5,
39,
25,
0,
0,
0,
0,
2,
56,
0,
20,
25,
0,
2,
0,
1,
43,
0,
36,
20,
39,
22,
103,
20,
0,84,
0,
0,
0,
5,
0,
2,
0,
2,
39,
25,
2,
43,
0,
60,76,
0,
20,
0,
0,
0,
0,
43,
0,
0,
0,22,
0,
0,
2,
0,
14,
0,
2,
0,
49,
14,
0,
30,
0,
1,
0,
0,36,
0,
4,
0,
52,
36,
1,
2,
52,30,
56,
0,
14,
20,
1,
0,
0,
75,
35,
31,
0,1,
0,
0,
52,
0,
20,
52,
0,
56,
0,
2,
75,
22,
0,
0,
0,
0,
0,
52,
1,
14,
0,
6,
0,
0,
0,
0,
0,
2,22,
0,
5,25,
20,
0,
0,
19,
75,
0,
0,
0,
0,
0,
2,
0,
0,
0,
0,
0,
0,
0,
0,
0,
0,
0,
0,
25,
5,
7,
1,
10,
0,
0,
0,
2,
0,
130,
2,
2,
5,
14,
0,
0,
30,
30,
2,
5,
30,
2,
0,
2,
2,
22,
2,56,
22,
2,
30,
84,
0,
0,39,
2,
2,
5,
20,
84,181,
57,
49,
0,
2,
2,
0,
25,
2,22,
0,
2,
2,
56,36,
0,
84,
0,
0,
103,
0,
0,
5,43,
0,
0,
14,
20,
0,
0,
0,22,36,
84,
1,
0,
147,
20,
8,
0,
0,
0,
39,
75,
18,20,
25,
2,
2,
2,
43,
0,
5,
0,
56,
0,
0,
0,
20,
5,
0,64,
0,
0,
0,
9,
0,84,
0,
0,
2,
0,
0,
0,
132,
0,
1,
10,
0,
20,
0,
0,
20,
0,
0,
0,
0,14,
0,
56,
36,
2,
