6,15,
6,
6,
31,
6,
4,158,
4,6,158,
6,
6,
10,
4,158,
4,
10,
10,
4,158,
15,
4,
10,65,
6,
97,30,
4,158,
9,
4,158,
4,158,
4,158,
31,
6,
31,
31,
31,
4,158,
9,
4,158,
4,10,6,158,
6,
6,
31,
4,158,
6,
38,31,
31,
6,
31,
15,
4,158,41,
4,
65,
6,
4,
65,
10,
31,
41,
11,
4,10,158,
10,38,
4,
4,158,
4,
31,
31,
4,41,
31,
0,
4,
31,
6,
6,
6,
31,
4,
4,
4,
6,
31,
6,
6,
10,
4,
6,15,
6,
4,158,
31,
4,158,
4,
4,
4,158,
4,158,
4,
4,158,
97,
4,158,
4,158,
6,
31,
4,158,
65,
6,
4,
4,
6,
4,158,
4,10,158,
31,
65,
31,
10,
9,
10,
10,
4,158,
31,
4,
6,
6,
6,
10,65,
6,
9,
4,158,
6,30,
4,158,
31,
6,
65,
8,
4,94,
4,
10,
10,
31,
4,158,
11,
104,
6,
15,
6,
15,
97,
4,6,158,
10,
6,
31,
4,
4,
4,
31,
4,
6,
10,
65,
31,
4,158,
6,
4,
41,
6,
14,97,
4,14,97,
31,
31,
10,
6,
38,
41,
31,
4,158,65,
10,
11,
11,
6,
9,
4,158,
6,
6,
6,
31,
4,
4,
4,158,
11,
10,
4,18,158,
4,158,
10,
6,
10,
6,
10,
10,
31,
6,
31,
10,
6,
4,
10,
38,31,
31,
4,
6,
4,
181,
4,158,
14,
10,6,
4,158,
6,
4,
6,
9,
6,
6,
6,
6,
136,
9,
65,
31,
38,
4,158,
6,
6,
4,158,
10,6,
4,158,
10,
31,
31,
10,
6,
4,10,
4,
9,
4,
31,
13,
14,
4,
4,158,
6,
6,
31,
0,
6,
6,
4,158,
31,
10,
6,
4,158,
10,
6,
38,
6,
10,
156,11,
4,158,
9,
30,
10,
31,
65,
4,158,
6,
4,158,
31,
31,
4,158,
6,
31,
6,
6,
10,6,
4,158,
6,
10,
31,
10,
31,
4,
4,158,
38,
18,
11,
10,6,
10,
4,10,158,
4,158,
6,
6,
31,
10,
6,
4,158,31,
4,158,
31,
97,
4,
6,
10,
18,
31,
6,
4,10,6,158,
4,
4,158,
14,97,
97,
41,
4,10,
41,
9,10,
6,
6,
4,158,
11,
6,
6,
10,
65,
31,
4,158,
4,158,
10,
4,158,
10,
6,
10,
4,158,
4,158,
4,158,
31,
6,11,
6,
4,10,158,
4,158,
4,158,
6,
6,
6,
4,158,
6,
4,158,
65,
6,
4,10,6,158,
6,
4,
6,
6,
4,158,
6,
4,158,
10,
38,31,
10,38,
4,
6,
4,158,
4,158,
4,158,
6,
4,158,
4,158,
4,158,
4,158,31,
31,
4,158,
10,
10,
31,
10,
4,158,31,
6,15,
10,
4,158,
4,10,
10,
10,
6,31,
156,
9,
6,
4,158,
6,
13,
31,
10,
38,
4,
15,
10,
13,
4,158,31,
18,
4,158,
31,
31,
4,6,158,
10,
4,
38,
31,
4,158,
31,
4,158,
6,
0,
6,
10,
6,
6,15,
4,
41,
31,
6,
6,
6,
9,
6,
4,158,
9,
6,
4,
4,158,
4,
4,
4,
6,
4,6,158,
6,
4,
6,
9,
6,
31,
38,31,
10,
4,
9,
31,
0,9,
165,
65,
31,
4,158,
6,
65,
6,
10,
31,
10,
31,
4,158,
31,
31,
4,158,
6,
4,158,
31,
4,
6,
6,
6,
10,
4,
6,
4,
4,158,
9,
6,
10,
10,
31,
38,
7,
6,
4,
10,
4,10,158,
4,
97,31,
31,
30,
4,158,
6,
6,
6,
4,10,
4,
6,
10,
10,
4,
41,
6,
4,
18,
4,158,
6,
4,158,
31,
6,
31,
6,
4,
97,
31,
6,
38,31,
6,
31,
6,
4,
19,
4,
4,6,
31,
31,
4,158,
4,
41,
65,
4,158,
15,
165,
10,
6,
4,158,
4,158,
6,
4,158,
4,
6,
31,
19,
31,
6,
38,
6,
31,
4,38,158,
6,
31,
6,
10,
4,158,
6,
4,158,
4,158,
65,
6,
31,
6,
156,
6,
15,
31,
31,
41,
10,38,
6,
6,
4,158,
31,
31,
19,
31,
31,
6,
6,
6,
4,
31,
10,
31,
4,
4,158,
65,
0,65,
6,
10,
9,
6,
31,
38,
4,158,
4,11,
4,
31,
4,10,158,
10,
4,158,
31,
10,
10,6,
4,158,
31,
31,
6,
4,158,
15,31,
31,
4,158,
6,
4,
84,
6,
4,158,
10,
4,158,
4,158,
4,18,158,
41,
31,
11,
15,
9,
4,97,
6,
41,
41,
4,158,
10,
4,
15,
65,
4,158,
4,158,
4,10,6,158,
31,
4,158,
6,
6,
10,
4,158,
10,
41,
4,
10,
10,
6,
6,
4,10,6,158,
31,
15,
6,
10,6,
6,
4,158,
4,18,158,
6,
6,31,
31,
4,158,
6,
9,
6,
4,
31,
31,
65,
4,
4,158,
4,
6,
4,
4,
4,158,
31,
6,
6,
4,158,65,
6,
38,31,30,
4,158,
41,
4,
10,
6,
4,158,65,
4,
6,
4,158,
4,158,
6,11,
10,6,
13,
6,
4,
4,
38,
4,158,
97,
6,
97,
30,
4,
31,
4,158,
10,
6,
4,18,158,
31,
10,
4,
31,
4,10,158,
4,10,158,
31,
4,10,6,158,
65,
6,
4,158,
6,
19,
10,
65,
6,
6,
41,
6,
31,
6,11,
4,
6,
10,
4,158,
31,
10,
6,
6,
6,
11,
4,10,
10,
4,
31,
6,
0,9,
4,
31,
11,65,
4,158,
9,
4,158,
6,
4,158,
10,
31,
6,
9,
4,158,
4,158,
136,
6,
4,158,
31,
97,
6,
15,
6,
4,158,
6,15,
4,
6,
4,
15,
4,158,
4,
6,
6,
4,
6,
4,158,
9,
4,158,
11,
31,
10,
31,
41,
4,158,31,
4,158,
6,
14,97,
6,
4,158,
4,
10,
4,158,
6,
31,
4,158,
4,51,
31,
38,
4,158,
6,
41,
31,
6,
4,158,
6,
4,
4,
15,
15,
15,
31,
11,
4,
6,
6,
9,
10,
6,
10,
4,
4,
6,
4,158,
156,165,
11,
65,
10,
10,
6,
8,
6,
4,
4,
6,
6,
6,
9,11,
54,
31,
31,
31,
31,
4,158,
6,
31,
6,
10,6,
31,
14,97,
6,
4,
38,31,
38,
41,
10,
6,
6,
3,
31,
4,158,
6,
6,
6,
4,
6,
31,
4,10,
10,
156,
4,
4,
65,
38,
30,
4,158,
4,158,
6,15,
31,
10,
65,
4,158,
156,
6,15,
15,
6,
31,
0,
6,
4,
6,
65,
31,
10,
4,
6,
4,158,
6,
6,
30,
10,
4,
31,
6,
6,
6,
9,
31,
4,6,158,
6,
6,
31,
65,
11,
31,
15,
10,
181,
6,
9,
4,158,
4,
4,
31,
4,158,
10,
4,158,
4,
31,
6,
6,
4,
6,
31,
4,158,
4,
4,158,
4,
10,
6,
6,31,
6,
156,
4,
3,
