0,1,8,
0,9,6,8,
0,1,9,6,
0,1,2,7,6,
0,1,3,9,7,6,12,
1,5,9,
0,1,4,5,7,6,
1,4,5,7,6,12,30,
0,1,5,7,18,6,8,
1,5,9,6,
2,25,6,8,15,
0,2,9,25,6,8,
0,2,4,
0,2,
2,3,25,6,
0,1,3,4,9,6,8,15,
0,3,9,
0,1,3,4,8,
0,1,3,4,9,10,6,
1,3,4,5,9,8,
0,3,4,9,6,8,
0,3,4,9,10,6,8,
0,4,5,9,7,6,8,
0,4,5,7,6,8,
0,1,4,9,6,8,
0,5,9,6,
0,1,4,5,6,
0,5,9,6,8,15,
1,4,5,9,18,6,8,
0,5,9,6,
0,5,9,10,6,8,15,
5,9,6,
2,5,9,10,6,8,30,
0,9,6,8,
7,6,
0,5,56,7,6,8,30,
0,1,5,6,
0,4,5,10,56,7,6,8,30,
0,5,9,56,7,6,11,
0,1,9,7,6,
2,4,5,9,7,6,8,
0,2,4,5,9,7,6,8,
0,2,6,8,
0,9,6,8,
0,1,4,9,6,8,
0,5,9,19,6,
0,1,9,10,14,6,
0,4,9,6,8,15,
0,2,4,9,10,6,8,
0,5,9,19,
6,
0,1,5,9,10,7,6,8,
0,4,6,8,
0,10,
0,8,
0,1,2,5,9,10,56,7,6,11,
0,5,7,6,8,11,
0,1,5,9,6,
0,1,9,6,8,
0,5,9,6,8,
0,6,12,
0,1,4,5,12,8,
0,1,2,4,5,9,13,14,19,44,49,56,60,67,70,87,97,125,7,18,35,43,143,192,6,16,20,22,53,92,107,124,128,145,176,8,15,32,42,51,75,83,102,11,12,17,26,37,52,63,64,151,161,177,31,40,85,74,84,150,152,34,41,48,62,72,78,122,153,160,181,194,29,46,115,116,30,79,159,196,28,96,99,118,108,174,191,88,169,
0,1,3,9,7,8,
0,1,4,5,18,6,12,8,17,
0,1,2,5,9,6,8,
0,5,13,19,6,
0,1,5,9,7,6,8,
0,9,6,8,
0,1,5,9,6,
0,1,3,4,9,14,6,
0,2,3,4,9,14,8,48,
0,2,3,4,9,10,14,6,8,15,
14,12,
0,1,3,4,9,14,8,15,
0,2,5,56,7,6,8,
0,1,9,7,6,8,
0,1,4,6,8,
1,5,9,35,6,
0,5,9,7,6,8,
0,4,5,9,18,6,8,
0,4,5,7,6,8,
0,1,5,9,6,
0,5,7,6,
0,1,4,6,16,
0,8,17,
0,4,5,9,10,6,12,8,
5,6,17,
0,4,5,9,10,6,8,24,17,
0,10,6,17,
1,4,7,18,6,
0,1,2,3,4,5,18,25,6,8,
0,1,4,7,18,6,
0,1,4,5,18,6,8,
0,1,4,9,18,6,12,
0,1,5,9,19,6,8,
0,5,9,13,19,
5,9,19,21,6,
0,1,3,5,9,13,19,21,
0,1,5,9,14,19,8,
0,1,9,7,6,8,
0,5,9,19,
0,9,6,8,
0,1,4,5,9,14,19,6,
0,5,9,
0,4,5,10,14,8,
0,9,13,19,21,49,
0,2,4,5,9,13,19,21,
0,4,5,9,19,21,6,
0,4,6,8,
0,4,5,9,7,6,8,
0,1,5,7,6,
0,1,2,5,9,7,6,30,
0,1,6,8,15,
0,1,5,9,6,
0,22,
0,4,5,7,6,8,11,17,
0,1,4,5,9,7,6,8,
0,6,
0,10,8,
0,1,2,4,5,9,10,14,18,6,8,24,
0,8,
0,4,9,6,8,15,
0,5,9,7,6,8,
0,9,24,
0,2,4,25,6,
0,1,2,25,6,
0,2,4,25,6,
0,1,2,4,5,9,25,6,8,
0,2,9,10,25,6,
9,6,
0,9,6,8,
0,1,4,18,6,12,8,26,63,
0,2,4,5,9,8,
0,1,9,14,6,
0,9,6,8,
0,9,14,7,6,8,
0,8,
0,
0,9,12,8,15,
0,4,5,10,6,8,
0,9,14,6,8,
0,5,9,6,
0,4,5,6,8,17,
5,6,11,
0,9,13,19,8,
0,1,4,9,7,6,8,
5,9,7,6,8,
0,4,9,8,
6,12,
0,5,9,7,6,30,
0,1,2,5,35,6,30,
0,1,9,7,6,
0,4,9,6,8,
0,1,5,9,7,6,30,
0,1,4,5,9,6,8,
0,6,
0,4,10,14,
0,1,3,4,10,8,
0,1,5,9,6,8,
0,1,5,6,8,
0,4,9,10,19,6,12,8,
0,9,7,6,8,
0,1,5,9,13,19,6,8,
0,4,6,8,
0,1,2,5,9,10,6,
0,5,7,6,8,
0,1,7,6,11,
0,5,7,6,15,11,
0,1,5,9,6,11,
2,5,
0,1,2,3,4,5,9,14,6,8,15,
0,1,7,6,8,
0,1,2,4,7,6,8,
0,1,2,4,5,9,14,6,8,15,
0,1,2,4,5,9,18,6,8,
0,7,
0,
0,1,5,7,35,6,8,
1,35,6,
0,1,5,7,
1,5,6,
1,5,9,7,6,8,30,
0,4,9,7,6,
0,1,2,9,7,6,
0,1,5,9,7,6,
4,9,7,6,17,
0,1,4,5,14,
0,5,9,10,6,8,
1,4,5,7,6,8,51,11,17,37,30,
0,1,9,6,
0,9,
0,9,7,6,8,
0,2,6,38,
0,3,9,10,6,
0,1,5,9,6,
0,1,9,13,25,6,8,39,
1,5,7,6,
5,9,7,6,8,
0,4,5,
0,1,3,5,9,14,6,
0,1,9,6,8,
0,12,8,15,42,102,40,
0,4,5,9,56,6,8,
0,5,6,8,12,
0,9,14,8,
9,14,
0,9,14,8,
0,1,2,9,7,6,8,
0,1,4,5,7,6,8,
4,9,14,8,
0,9,13,19,
0,1,2,5,9,6,12,8,
0,4,5,9,14,7,6,8,
0,5,9,6,
0,1,5,7,43,6,
0,1,5,9,7,43,6,8,
5,9,10,7,6,8,
0,5,43,6,
0,2,5,9,6,11,
0,5,9,6,8,
0,5,9,7,6,8,
0,5,9,10,7,6,8,
1,5,7,6,
0,5,9,10,6,8,
0,1,4,5,18,6,12,8,17,
0,1,5,9,6,8,
1,5,9,7,6,
0,5,43,6,
0,1,
5,9,13,19,6,
0,5,9,19,8,
19,
0,5,9,6,
1,4,5,7,6,
0,1,2,4,5,9,7,6,8,15,30,
0,1,2,4,5,9,10,13,14,19,21,49,87,125,7,18,25,35,80,143,6,38,54,55,8,15,42,68,83,133,175,11,12,26,63,132,161,31,40,85,84,34,41,48,62,72,78,121,194,30,36,190,47,126,118,99,
8,
0,1,5,35,
0,1,3,9,14,7,6,8,
0,1,4,5,9,7,6,8,15,
0,1,3,4,9,7,6,8,15,
0,1,4,9,8,
0,1,4,7,6,
0,1,9,6,8,
0,1,4,9,7,6,8,
0,1,2,3,4,5,9,14,49,87,97,125,8,
0,1,9,7,6,8,
0,1,4,9,
0,5,9,7,6,
0,1,5,9,7,6,8,
0,7,
0,5,9,6,8,
10,6,30,
0,1,4,9,7,6,8,
0,1,4,5,18,6,8,
0,2,4,5,9,19,7,6,8,11,
0,1,4,5,19,6,8,
3,4,9,6,8,
0,1,4,5,7,6,8,52,
0,1,5,6,8,
0,1,5,7,8,52,
1,5,7,6,52,
0,1,4,5,9,18,6,8,
0,4,9,7,6,8,
0,9,6,
0,2,4,6,
0,1,7,6,8,
0,4,9,6,8,15,
0,9,7,6,8,
2,9,6,8,
0,1,2,9,6,8,15,
0,2,4,9,14,6,12,8,
0,6,8,
0,2,
0,1,2,9,7,6,8,
0,1,2,4,9,6,
0,1,2,4,9,6,8,
0,1,2,25,6,55,
0,1,5,9,56,6,
0,2,4,5,9,56,6,8,
0,1,2,4,9,56,6,12,8,
9,10,56,6,
0,4,5,9,10,56,7,6,
0,1,9,6,8,
0,3,9,7,6,8,
0,4,5,9,6,12,8,15,
0,9,7,
0,1,3,4,9,6,12,8,15,
0,25,6,58,
0,5,9,7,6,8,
0,4,5,9,7,6,8,
0,9,7,6,8,
0,1,2,4,9,7,6,8,15,
0,5,9,7,6,
0,1,2,3,4,9,10,6,8,
0,1,5,9,10,7,18,6,8,
35,
0,1,5,7,6,8,
0,1,5,9,7,6,12,8,
9,7,6,
0,9,7,6,
1,9,6,
0,2,9,14,6,12,8,
0,1,7,8,
0,1,4,5,18,12,8,26,
0,5,6,8,
0,12,8,
1,
0,1,4,9,6,12,8,
0,1,4,5,9,14,7,6,8,15,
0,1,5,6,
0,5,6,
0,9,6,
0,1,3,9,7,6,
0,3,9,8,
0,4,6,
0,1,4,9,18,6,8,
1,4,5,9,6,
1,5,
0,5,9,7,
0,5,9,7,6,
0,1,5,7,6,
0,1,9,6,8,
0,2,4,9,
0,2,6,8,
0,9,6,
0,9,6,
1,2,9,6,
0,9,7,6,
0,1,2,4,9,6,8,
0,9,10,56,6,
0,9,7,6,8,
0,4,5,9,13,19,7,8,
0,4,5,9,6,
0,5,9,6,
0,6,8,
0,1,4,5,19,6,8,
0,9,6,8,
0,4,5,12,8,
0,
0,5,9,7,18,6,8,
0,5,9,19,6,8,
0,2,5,9,6,
4,6,8,
0,9,6,
0,2,3,4,5,9,10,13,14,19,21,44,49,56,60,67,69,70,87,97,125,186,197,6,16,20,22,25,38,53,54,66,71,81,107,124,128,135,176,12,27,57,78,94,156,195,199,8,15,18,42,51,83,133,163,165,7,11,17,26,37,43,52,63,64,89,95,132,151,161,162,177,31,40,65,73,80,85,185,61,90,74,76,84,148,152,34,41,48,62,72,143,153,160,181,184,29,46,50,93,115,167,36,91,142,119,82,146,116,88,30,79,159,35,47,126,118,28,96,178,170,99,166,
0,2,4,5,9,6,8,
0,3,4,9,10,6,8,
0,9,7,8,15,
2,3,4,6,53,
0,1,2,9,6,8,
0,1,2,3,4,9,70,
0,2,9,7,6,
2,7,6,
0,7,6,30,
0,2,5,9,6,8,
0,9,6,
0,1,2,4,5,9,7,6,8,
5,6,
0,4,5,7,6,8,
0,2,3,4,9,7,6,8,
0,4,5,9,14,12,8,48,
0,9,6,8,
0,4,5,9,14,7,80,6,8,11,73,
0,4,9,6,8,15,
4,18,6,8,
0,1,9,6,8,
0,4,6,
0,4,5,9,6,8,
0,2,9,13,6,
0,4,5,9,6,8,
0,5,6,
0,5,9,7,6,
0,3,5,9,7,6,8,
0,1,2,9,6,
0,1,4,5,9,7,6,8,
0,4,14,6,
0,9,19,
0,1,5,9,6,
0,13,
0,9,10,
0,1,5,9,
0,1,3,5,6,8,
0,1,9,6,
9,14,6,8,
0,
0,1,4,5,9,10,14,6,8,
6,
30,
0,1,3,4,9,6,12,8,15,
0,3,4,9,6,8,
0,1,3,4,7,8,
0,1,2,3,4,5,13,14,7,18,25,43,143,147,192,6,16,22,33,54,103,107,128,12,94,127,8,24,42,51,68,11,17,26,37,64,109,132,151,177,84,110,150,34,48,29,30,79,73,82,190,96,174,
0,4,5,9,6,8,79,
0,4,5,9,8,48,
0,1,9,18,6,8,
0,1,9,14,6,
0,5,9,6,
0,1,3,4,5,9,10,14,19,6,8,15,
0,2,4,5,9,10,14,6,81,128,8,
0,2,5,9,14,6,81,8,
0,1,2,6,
0,1,6,
0,4,5,18,6,8,
1,6,
4,5,6,8,
0,1,3,4,9,7,18,6,
0,2,4,
0,1,2,3,4,5,9,10,14,7,6,8,15,48,
0,1,9,6,8,15,
0,9,7,6,
0,3,9,7,6,8,
0,1,2,4,5,18,25,6,8,
0,1,2,4,18,6,8,
0,5,9,6,8,
0,1,4,6,8,
0,5,6,8,
0,1,9,7,6,
0,1,9,6,8,
0,9,
0,5,9,
0,9,6,8,15,48,
0,1,5,7,6,8,
0,1,2,4,5,9,13,14,44,70,87,97,125,7,18,35,80,86,143,6,16,22,38,58,124,128,12,27,78,108,195,8,15,42,102,123,163,11,26,40,84,110,150,34,41,48,62,72,120,122,153,160,29,50,146,30,126,99,169,
0,8,
0,1,2,3,4,5,9,13,14,21,56,60,87,97,125,25,35,43,80,86,192,6,38,58,92,124,145,27,94,108,130,8,15,83,123,11,89,132,31,40,65,85,39,110,41,48,62,121,181,167,91,30,118,77,99,179,
0,1,3,7,6,8,
0,1,4,18,6,12,8,
0,4,9,6,8,15,
0,1,9,6,8,
0,4,9,6,8,15,
0,1,3,4,5,14,87,8,
0,1,2,5,9,10,6,8,
0,1,2,5,9,14,7,6,
0,1,5,6,8,
0,1,4,9,7,6,
6,
0,1,4,5,10,7,25,6,16,8,63,89,
0,5,9,
0,2,4,5,7,6,
0,1,3,4,5,7,18,6,8,11,
0,1,2,5,9,13,7,25,6,
3,4,9,7,15,
0,10,14,6,12,8,
0,9,10,6,
0,1,5,9,6,8,
0,5,7,6,8,
0,1,9,6,8,
0,5,7,18,6,8,11,17,
0,1,4,9,7,6,
0,1,4,5,9,7,6,8,
0,1,7,6,
0,4,
0,2,9,6,8,
8,
0,2,4,9,6,8,
0,1,2,9,7,
0,1,5,9,7,6,8,
0,1,7,6,
1,5,9,7,6,
0,1,4,6,
0,1,9,6,
0,1,9,6,
0,1,2,4,9,6,8,
0,2,9,10,6,8,
0,2,3,4,9,6,8,
0,1,2,4,9,6,8,
0,4,10,6,8,
0,1,6,8,
9,
0,9,6,
0,9,7,6,8,
0,9,
0,1,2,6,
0,1,2,5,6,
0,9,7,6,
0,1,3,5,9,6,8,15,
0,1,6,8,
0,1,4,6,8,
0,2,9,6,8,
0,1,4,9,14,6,
0,1,5,9,7,6,8,
0,1,2,14,6,8,
0,1,3,7,6,30,
0,1,3,6,
0,1,4,9,7,8,
0,9,14,7,6,8,
0,1,4,5,9,8,
0,9,6,8,
0,4,5,9,6,8,
0,2,9,13,8,
1,4,5,7,18,6,8,11,
0,
0,1,4,18,6,
0,6,8,
0,1,2,3,9,6,8,
0,1,2,3,4,5,9,14,12,8,15,42,102,
0,1,3,4,5,9,14,19,12,8,15,42,102,
0,1,3,9,10,6,8,15,
0,1,4,5,9,14,6,12,8,15,
0,9,14,6,8,
0,5,9,6,8,
0,1,9,6,8,
0,1,9,14,7,6,
0,2,6,103,
0,1,9,
0,1,3,56,7,6,
0,2,5,
0,7,12,26,
0,1,2,4,5,6,12,8,15,
0,5,9,10,6,8,
0,5,9,7,6,8,
0,5,9,6,8,
0,9,8,
0,9,
0,5,9,6,
0,1,9,6,
0,5,9,6,
0,1,5,6,
0,9,6,15,
2,4,8,15,
0,6,8,15,
0,1,3,4,6,8,
0,2,3,9,7,6,15,
0,1,3,4,9,8,
0,7,12,6,63,
0,9,12,
4,5,7,6,12,
0,1,4,5,8,
4,5,9,6,
1,5,9,18,6,8,
0,4,6,8,
0,
0,1,3,6,
0,1,2,9,6,8,
0,9,8,
2,3,4,9,56,18,6,
0,1,4,18,8,
0,1,4,5,18,25,6,8,17,
0,5,6,18,
0,9,10,6,8,
5,9,10,6,8,
0,5,9,19,6,8,
0,2,4,9,6,8,
0,2,9,6,8,
0,9,7,6,8,
0,1,2,4,9,6,8,
0,2,4,9,14,6,8,
0,2,4,9,14,6,8,
0,2,9,6,
0,5,9,19,21,6,
0,4,5,9,12,8,
0,4,5,6,8,151,
1,5,9,7,6,8,
0,13,19,
0,4,5,9,7,6,8,
0,1,3,4,9,10,56,7,6,8,
0,4,5,9,10,18,6,8,
0,4,5,8,
0,9,
0,1,6,8,
0,4,5,9,6,8,
0,4,9,14,8,
0,4,5,9,6,8,
0,2,9,14,6,
0,1,5,9,7,6,
0,9,
0,1,5,
1,5,7,43,6,
0,2,4,
0,9,10,6,8,
0,1,4,8,
0,8,
0,4,9,10,7,6,8,
0,1,4,9,7,
9,7,6,
0,1,5,9,7,8,
0,1,9,8,
0,1,5,9,7,8,
0,9,
0,1,4,7,6,8,
0,9,8,
0,4,9,56,6,
0,9,8,
0,2,25,6,16,
0,2,4,10,6,8,
0,1,3,4,9,14,6,8,
0,2,9,14,8,
0,1,4,9,14,6,8,15,
0,1,3,4,5,14,6,8,
0,2,3,4,9,14,6,8,15,
0,2,5,9,
0,1,2,3,4,5,9,14,6,8,15,
0,4,9,10,8,
0,1,5,6,8,
0,9,10,7,6,8,
0,2,4,5,6,8,
5,6,30,
0,9,6,8,
0,5,9,7,6,8,
1,4,6,
5,9,6,
0,1,2,9,18,6,8,
0,
0,1,4,5,9,14,19,7,6,8,15,
0,9,10,14,6,8,48,
0,9,14,12,8,48,
0,1,5,7,8,
0,2,4,5,9,18,
0,1,4,5,7,43,6,8,17,132,
1,5,6,
0,1,5,9,6,
1,5,7,6,
0,9,7,6,8,
0,5,6,
0,1,3,4,5,18,6,12,127,8,175,
0,3,9,14,6,8,15,
0,2,9,6,128,
0,1,5,8,
0,2,4,9,6,8,
0,1,5,9,7,6,
0,2,4,9,18,6,8,
5,6,
0,7,6,30,
0,4,5,56,6,
0,1,5,9,7,6,8,
0,1,3,6,
0,1,9,14,49,97,125,7,35,143,53,58,124,128,78,108,130,195,8,15,42,102,163,26,52,31,61,90,34,41,48,62,72,160,181,30,118,77,99,
0,3,9,10,6,
0,1,3,4,9,10,7,6,
0,1,9,7,6,8,
0,9,7,6,8,
0,1,9,10,14,7,6,8,
0,1,9,7,6,8,
0,2,5,7,6,8,
0,5,
4,7,6,132,
0,9,7,6,8,
5,
0,4,5,6,
0,1,4,5,6,
0,4,5,9,7,6,
0,1,9,7,6,8,
0,4,5,9,6,8,
0,1,4,5,10,18,6,8,
0,1,9,6,8,
0,9,
0,2,12,
0,4,5,7,6,8,
0,1,5,9,8,15,42,102,40,
0,1,2,4,5,9,7,6,8,
0,1,9,14,8,
0,4,6,8,
0,1,2,4,9,6,8,
0,1,2,4,9,14,6,8,
0,6,8,15,42,102,48,
0,1,4,5,56,6,12,8,
0,5,6,
0,2,4,5,9,10,13,14,19,67,69,
0,1,4,5,18,6,12,127,8,175,17,26,137,
0,1,5,9,7,25,6,
0,4,5,9,7,6,8,
0,1,5,9,7,6,
3,4,5,7,6,8,15,
0,1,4,5,9,7,6,8,30,
0,1,2,3,4,9,6,8,
0,2,4,9,6,
0,2,6,
0,1,2,9,6,8,
0,1,2,9,56,6,8,
0,4,9,6,12,
0,9,6,8,
0,1,9,7,6,8,
0,1,9,7,6,8,
0,3,9,6,12,
0,1,4,5,9,6,8,15,
1,5,7,6,
0,1,2,4,5,25,6,
0,1,2,5,6,
0,1,5,9,6,8,
0,5,9,6,8,
0,4,9,10,
0,1,5,9,
0,1,4,5,9,6,
0,9,6,8,
0,1,2,9,14,6,8,
0,1,4,5,9,6,8,15,
0,8,
0,1,4,5,143,6,12,8,26,
0,5,9,6,
0,2,4,6,
0,1,2,4,6,8,
0,2,9,6,
0,1,2,4,9,6,8,
0,1,5,9,10,6,8,
0,1,2,9,25,6,
0,1,2,9,25,6,
0,1,9,56,6,15,
0,2,5,9,6,
0,1,9,18,6,8,
0,1,4,7,18,6,
0,1,5,9,7,18,6,8,
0,1,9,7,6,
0,1,9,7,6,
0,9,7,6,
0,2,5,6,
0,5,9,6,7,
0,5,9,7,6,
0,1,5,7,6,8,
0,1,4,5,18,6,8,
0,1,4,7,6,8,
0,2,5,9,14,24,
0,2,4,5,10,13,18,6,8,24,
2,4,5,9,56,6,8,17,48,
0,1,9,7,18,8,
0,9,8,
0,5,13,6,
0,5,9,6,
0,2,5,
0,1,5,6,8,
0,1,3,4,6,12,
0,5,9,6,
5,9,7,
0,1,3,9,
0,4,5,9,7,6,8,
0,9,8,
0,1,6,8,
0,5,9,13,19,6,
0,1,5,9,7,6,
0,1,4,5,6,12,8,
0,1,5,6,8,
0,1,3,4,5,9,10,14,7,6,8,
0,1,9,6,
1,5,7,6,
0,2,4,5,6,8,
0,1,9,7,8,
0,4,5,9,14,6,8,
0,9,6,8,
0,1,9,
0,2,4,5,9,7,6,8,
0,1,2,4,9,6,8,
0,1,2,4,9,7,18,6,8,
0,4,5,9,6,8,
0,4,9,6,
0,9,6,
1,
0,4,6,8,
3,6,
0,4,5,9,10,6,8,48,
0,1,2,4,5,18,6,8,
1,9,7,6,
0,1,2,5,6,
0,1,4,9,10,14,6,8,
0,4,5,9,10,6,8,
0,1,9,56,7,6,
1,4,18,6,17,
0,1,5,9,18,6,8,
0,5,9,6,30,
0,1,2,4,5,9,13,14,19,21,44,56,97,125,186,7,18,25,80,86,143,6,16,22,33,38,54,58,128,12,8,15,24,42,102,11,26,52,31,40,65,84,110,150,34,41,48,61,62,72,120,122,181,29,50,30,79,91,159,118,166,
0,1,4,9,7,6,8,15,
8,
0,1,2,4,9,14,6,8,15,
0,9,14,
0,1,3,4,9,6,
0,5,14,6,8,12,17,
0,3,4,9,14,7,6,12,
0,1,6,34,
0,1,7,6,8,
4,5,9,6,
0,1,4,5,56,18,6,12,8,133,17,26,63,162,
0,1,5,6,8,
0,1,4,5,18,6,12,8,175,26,63,
0,4,
0,1,4,5,6,12,8,
7,6,
0,2,4,5,9,10,14,19,6,8,
1,4,5,6,8,
0,4,9,14,6,8,15,
0,2,4,5,9,10,14,6,8,
0,1,4,5,9,6,8,15,
1,5,9,6,
0,
0,1,9,6,8,
2,4,9,6,
0,1,9,6,8,
0,2,9,6,12,8,17,
0,2,4,9,7,6,12,8,
0,2,4,5,9,10,6,30,
5,7,6,30,
0,2,5,9,6,8,
0,5,
0,4,5,9,6,8,
0,5,10,7,6,8,
0,9,6,
0,1,2,4,5,18,25,6,8,
0,1,2,25,6,
0,1,9,7,6,8,
1,9,
0,1,5,25,6,8,
0,1,2,9,7,6,
0,1,5,9,6,8,
0,
0,1,9,6,12,
0,7,6,8,
0,1,9,13,14,19,21,49,67,87,97,125,7,35,192,6,20,53,81,124,128,8,15,42,75,102,26,52,132,31,40,76,48,62,121,122,153,29,59,30,
0,1,4,5,9,14,8,15,
0,1,2,4,9,6,8,
0,1,3,4,9,6,
0,1,4,9,7,6,8,
0,9,6,
0,9,
0,1,2,5,13,14,87,97,125,6,8,
0,5,9,7,6,
0,4,5,
0,1,4,5,12,8,26,
0,1,9,6,
0,1,5,9,10,7,6,8,15,
0,1,4,9,6,
0,1,2,4,9,6,8,15,
0,9,8,
0,2,4,9,7,6,8,
0,1,3,4,9,10,7,6,8,15,
0,2,4,9,6,
0,2,4,5,9,6,8,48,
0,5,9,6,
0,1,4,5,9,10,56,6,79,
0,1,4,5,6,
0,1,3,4,5,9,14,18,12,
0,4,6,12,8,
0,4,7,8,
0,1,4,5,9,10,56,18,6,8,
0,1,4,5,9,6,8,
0,1,4,9,6,8,
0,4,5,9,10,7,6,8,
0,9,7,8,
0,1,4,5,18,6,12,17,63,
0,
0,4,9,7,6,8,
0,4,9,6,8,
0,1,4,5,9,10,13,14,19,21,56,60,69,70,186,7,18,35,86,6,8,24,51,75,163,11,26,37,52,132,177,31,23,38,61,74,34,41,48,72,78,66,22,36,53,30,79,94,28,54,166,88,
0,
5,6,30,
0,9,7,18,6,8,
0,1,4,7,6,
0,4,9,7,6,8,
0,3,9,7,6,8,
0,4,6,8,
8,
0,2,4,9,7,6,8,
0,1,5,9,7,6,8,
1,5,6,8,
0,1,5,6,8,
7,
0,5,7,6,8,
0,2,4,
0,1,2,4,9,6,8,
0,6,53,
0,2,9,6,
0,9,6,8,15,
0,3,4,9,14,6,8,
0,2,25,6,
0,1,3,4,9,14,6,8,15,
0,2,5,6,
0,3,9,14,6,8,15,
0,5,6,
0,2,9,7,6,8,
0,1,6,8,15,
0,9,6,
0,1,3,5,6,
0,9,7,6,
0,5,6,30,
0,2,4,5,9,7,6,
0,5,6,7,
7,
0,9,6,12,
0,3,9,15,
0,2,4,9,6,8,
0,9,6,8,
0,5,7,6,8,
0,1,5,9,6,8,
0,4,5,7,6,8,
0,1,5,9,7,6,8,
0,4,9,6,
0,9,6,8,
0,9,6,
0,2,9,69,6,
0,9,8,
0,
0,2,
9,
0,1,4,5,9,6,8,17,
4,
0,1,5,9,13,19,
0,1,4,8,
0,1,4,5,9,19,6,8,
0,1,4,5,9,14,6,12,8,15,
0,1,9,10,7,6,8,
0,1,2,5,9,6,8,
0,1,2,5,9,13,6,8,
0,8,
0,1,2,4,5,9,13,19,25,6,8,
0,2,3,9,25,6,16,33,54,
0,1,4,6,8,
0,1,9,6,8,
0,1,9,6,8,
1,4,5,18,25,6,8,
0,6,
0,4,5,9,56,7,6,8,11,
0,5,9,6,8,
0,1,9,6,
5,9,13,19,6,8,
0,5,9,10,13,19,6,8,
0,4,9,6,8,
0,1,5,9,6,
0,9,6,
0,12,8,
0,4,5,9,56,18,6,12,8,
0,2,4,5,9,10,56,6,8,
0,4,5,9,7,15,42,
0,1,2,7,6,
0,1,2,3,4,9,14,49,
0,1,5,
0,3,4,9,6,8,
0,9,8,
0,1,3,4,9,6,8,
0,1,2,9,6,8,
0,1,3,4,6,8,
0,2,6,
0,1,2,4,6,8,
0,1,5,9,7,
0,1,2,4,5,9,6,8,
0,1,3,4,9,10,14,7,6,12,8,15,
0,2,5,9,6,
0,5,9,19,
0,1,2,3,4,5,9,10,13,19,21,44,100,7,25,80,192,6,20,113,12,8,15,24,42,68,11,26,63,132,39,74,110,152,198,48,29,112,114,174,
0,1,4,9,6,
0,1,6,8,
0,1,9,6,8,
0,5,9,13,19,6,
0,3,4,6,8,
0,2,4,9,
0,1,2,3,4,9,6,15,
0,3,4,
