2
2
42
59
42
43
18
42
22
42
2
42
40
18
42
18
16
40
2
18
42
22
2
16
42
30
18
42
1
18
14
5
5
14
1
1
14
14
15
6
14
14
1
14
14
40
5
14
12
43
14
42
5
42
14
5
1
1
22
14
12
5
12
15
11
43
12
0
0
15
12
12
5
12
5
11
12
15
0
15
12
2
15
5
15
15
12
0
5
12
50
4
30
4
40
42
36
22
42
30
42
18
42
22
50
40
42
4
42
40
50
22
42
12
15
42
15
22
22
23
50
22
5
52
25
12
12
50
12
12
5
12
12
12
50
12
22
22
12
3
52
52
22
12
12
18
52
5
18
50
62
57
6
57
57
57
57
30
58
6
30
4
31
57
62
57
57
57
4
30
4
57
30
30
58
4
58
31
30
30
34
43
34
34
43
58
29
58
40
34
43
34
30
43
43
34
34
34
34
34
34
43
43
43
43
34
25
34
43
29
22
43
5
52
15
22
5
52
43
15
22
52
63
22
5
15
12
22
63
63
5
52
25
22
22
63
15
18
40
5
14
7
28
33
7
13
13
33
33
14
34
11
31
13
33
14
14
23
7
33
28
30
33
7
23
7
33
32
7
32
23
23
40
10
28
30
27
27
7
40
27
27
40
7
27
25
23
23
31
49
40
27
40
31
19
23
33
40
7
14
11
39
11
53
11
39
11
53
11
11
11
11
11
39
11
25
11
11
11
11
53
11
11
9
11
11
9
11
11
66
9
23
23
11
28
11
27
53
33
7
30
33
7
39
53
33
14
14
30
14
33
11
25
33
33
53
23
33
33
31
13
27
25
7
28
28
13
13
38
24
29
14
51
4
14
4
13
14
11
11
51
4
27
14
7
14
48
14
35
14
11
53
19
11
53
16
65
53
27
53
19
25
53
53
53
11
11
51
36
25
53
53
53
16
53
19
53
36
11
53
25
19
7
35
30
11
11
7
25
14
33
4
14
23
14
28
7
12
7
33
23
51
12
30
14
4
14
25
33
32
3
24
19
14
49
22
14
28
49
14
28
24
14
14
14
22
14
14
49
17
14
49
49
14
14
14
14
8
14
14
14
14
13
13
14
13
12
12
12
5
14
14
8
5
8
14
8
8
8
14
13
5
12
5
12
13
14
14
14
14
22
14
22
22
22
2
14
8
14
14
14
14
14
14
24
14
14
13
14
4
2
14
14
2
50
22
24
14
20
1
11
14
15
19
15
15
11
15
14
11
11
11
11
11
11
14
12
14
11
14
11
14
14
15
19
12
11
15
11
11
36
49
6
49
22
36
16
19
49
14
22
5
14
3
3
17
3
3
50
14
32
17
49
32
49
14
32
3
3
14
14
14
22
14
22
14
14
50
22
14
14
14
50
14
14
14
14
22
50
14
22
14
14
50
50
14
22
50
22
50
14
14
12
14
14
14
17
14
8
13
14
8
14
13
14
14
12
14
14
20
8
22
14
13
14
14
22
14
14
14
22
22
47
12
22
36
50
12
28
5
47
22
25
50
47
12
12
12
47
47
52
19
4
12
12
36
19
47
36
50
12
12
12
12
3
22
12
12
12
4
36
12
12
12
12
12
12
12
5
5
4
12
22
12
22
12
22
5
14
22
29
4
18
4
4
29
63
29
4
18
18
4
22
22
4
18
63
4
4
30
4
4
29
22
18
22
22
4
22
4
25
65
25
25
65
65
65
25
25
25
65
65
25
25
25
65
25
25
65
25
25
65
25
25
65
65
25
25
66
25
27
13
51
13
13
14
14
23
14
14
30
23
13
23
7
13
25
14
33
14
14
7
14
14
30
7
14
7
27
7
34
36
10
10
34
16
16
34
16
10
10
16
10
10
34
34
10
34
36
25
19
11
16
10
11
10
34
19
10
36
53
3
36
25
10
17
16
3
34
53
41
16
16
25
16
32
16
36
14
16
36
16
3
6
46
36
36
16
14
16
43
38
38
38
38
66
51
6
40
25
38
66
66
56
56
38
38
51
34
56
29
38
66
56
40
66
53
38
38
38
66
66
34
56
34
34
66
66
66
41
53
34
40
34
66
66
66
66
56
34
53
66
34
66
56
66
56
34
56
40
57
6
64
58
25
34
6
25
64
25
64
63
64
64
64
34
64
64
64
64
66
64
6
64
25
40
29
29
63
64
19
11
11
11
19
11
38
11
53
11
11
11
19
19
11
11
53
41
66
11
11
11
11
25
25
11
11
33
11
25
65
65
66
65
65
65
65
65
65
66
53
64
66
65
65
40
53
65
65
65
65
53
65
53
66
40
65
65
65
65
38
53
38
51
51
53
66
51
53
38
25
53
66
51
65
53
53
38
51
53
51
51
53
53
53
38
53
66
51
38
53
33
53
53
51
53
11
38
51
53
32
48
38
13
38
45
53
11
45
29
53
51
51
45
45
13
23
53
35
51
18
30
30
30
30
50
30
22
22
30
18
18
50
30
30
19
19
30
4
4
22
36
22
22
18
22
30
22
18
22
38
39
38
13
13
13
13
13
38
13
39
38
13
13
38
38
13
38
13
13
13
13
13
38
42
45
38
13
13
13
11
8
11
32
11
11
13
45
8
32
13
14
14
32
13
11
29
14
13
32
13
13
32
11
8
53
33
8
10
8
65
65
65
65
65
65
63
65
65
64
65
65
65
65
65
65
65
65
65
65
65
65
65
65
65
64
64
65
65
65
39
64
64
25
25
25
39
25
64
25
64
25
25
64
25
25
25
64
64
25
25
25
66
39
25
25
25
25
64
25
65
53
53
53
65
65
53
65
66
53
53
53
53
53
65
65
53
53
53
40
65
64
53
65
53
53
65
53
53
53
64
25
64
25
25
25
25
43
25
39
64
25
25
64
25
64
64
64
25
25
64
25
25
25
64
25
43
64
25
25
25
64
64
25
34
65
33
34
25
66
65
25
25
25
25
25
34
34
25
25
25
25
25
25
33
25
39
40
25
25
51
25
51
51
22
51
51
36
45
51
47
22
51
51
52
51
51
51
55
54
54
51
22
54
22
22
25
51
38
45
51
51
51
53
51
59
51
52
53
51
51
48
31
48
53
45
11
48
51
53
48
14
48
37
40
51
29
52
14
51
44
33
33
36
45
22
33
13
33
55
33
41
54
33
45
33
33
6
36
33
33
33
55
33
33
33
44
45
39
39
19
19
19
19
19
19
16
19
19
27
49
50
47
19
47
19
19
19
61
50
50
19
27
49
19
50
49
47
19
19
13
37
57
48
13
29
26
51
51
53
48
39
58
31
58
51
48
58
34
48
52
48
48
29
29
51
51
29
31
24
16
36
16
16
36
16
16
34
34
34
19
10
36
16
50
36
16
16
16
16
4
19
34
16
16
34
16
16
16
34
49
40
47
49
50
4
28
27
19
40
16
4
49
49
22
49
16
13
49
16
47
14
49
22
50
50
49
50
49
27
13
57
26
39
26
45
33
29
48
35
48
48
12
57
39
14
51
14
57
12
12
51
11
11
48
48
45
11
35
32
4
40
34
43
4
34
34
43
40
34
40
43
4
34
42
45
42
29
4
34
34
43
34
34
5
40
43
4
4
42
31
51
45
42
45
39
51
51
39
48
12
35
29
35
11
51
51
57
48
14
48
14
35
12
57
26
45
35
51
26
4
61
47
47
19
19
19
61
19
61
19
61
19
34
42
19
61
4
4
50
61
61
19
61
36
47
34
19
47
61
30
30
50
50
29
22
19
19
33
47
50
50
47
50
19
19
22
19
47
19
50
33
47
47
19
42
19
29
61
19
13
66
56
56
38
40
34
56
56
45
66
66
66
40
56
56
40
66
38
38
56
56
56
40
56
6
56
66
40
40
40
56
24
40
56
56
56
40
40
40
40
40
56
40
34
40
40
41
56
56
40
40
40
64
40
56
40
40
40
40
30
64
42
58
30
6
22
40
6
64
63
6
57
6
6
57
34
58
4
42
63
42
30
64
40
6
6
4
63
6
30
29
43
4
62
57
29
29
3
56
29
43
4
56
4
4
24
43
30
4
29
56
57
4
29
4
4
29
4
34
6
30
30
30
57
30
57
39
57
6
30
30
58
64
30
64
57
30
30
6
30
40
6
6
64
30
61
30
57
30
53
66
53
66
64
64
40
40
53
40
33
65
40
25
53
25
40
40
40
39
38
40
65
40
53
53
53
40
33
40
25
25
64
25
64
25
64
64
64
25
33
64
25
25
25
25
64
64
25
64
64
64
39
25
64
64
64
25
25
64
65
65
65
65
25
65
65
66
65
65
65
66
65
65
65
65
66
25
25
65
65
66
65
65
65
66
65
66
40
40
64
25
64
64
64
25
64
64
64
64
39
25
64
64
25
39
25
64
25
25
25
64
25
64
25
25
64
33
25
25
65
65
65
65
62
65
65
65
53
53
64
64
65
65
64
65
65
53
64
64
64
64
65
64
64
65
53
65
53
64
65
62
65
65
65
65
64
65
65
64
62
65
64
65
65
65
65
65
62
64
65
42
65
65
65
42
64
65
65
65
