0,68,498,499,7,
0,
2,
3,4,5,365,
4,
5,
6,7,9,
7,
8,9,12,
9,
9,10,11,
13,14,15,16,
12,
13,14,15,
13,14,15,16,
15,
16,
17,
18,
19,
20,21,
21,280,
21,22,23,24,
20,21,22,23,24,25,26,27,173,380,443,
24,
24,25,26,
25,26,
23,24,25,26,27,
28,29,
29,
30,
29,31,32,151,
32,
33,
34,36,37,
35,
36,
37,
38,
39,
40,41,42,
41,42,
42,
44,40,41,42,43,
44,43,
45,47,
46,47,
46,47,48,
48,
49,
50,
51,
49,50,52,
53,
51,50,52,53,54,56,106,
58,57,60,61,
56,
58,57,
58,
59,
58,60,61,
108,59,60,61,62,63,64,
62,
58,62,63,64,
68,67,63,64,65,66,
65,
67,66,
67,63,64,65,66,
68,
69,
70,69,
71,
72,
78,
72,75,73,74,
72,93,76,77,78,312,314,96,
72,73,74,75,76,77,
77,
78,
80,85,326,82,79,81,84,83,
79,
81,82,84,83,
82,326,
85,86,87,88,91,
84,
85,
86,87,
88,87,
85,88,86,87,91,
89,
90,
86,87,89,90,91,92,
91,92,94,95,97,
93,
94,
97,
96,
97,
97,98,99,
96,97,98,99,
102,
97,98,99,100,
102,258,
108,103,104,105,106,
106,
105,
106,
107,
108,
109,
109,110,111,112,
111,112,113,114,
110,111,112,
114,113,
114,113,
113,114,115,116,
116,
116,
117,118,
119,
492,
121,
120,121,122,123,
121,122,123,125,126,
124,213,
125,126,
127,
128,269,
129,401,124,125,126,127,128,
127,
134,
133,134,135,136,137,
134,132,133,
134,
135,
272,134,269,133,135,136,137,
137,
138,
141,142,143,144,145,
141,143,
142,468,
143,
144,
145,147,
149,
149,150,148,147,199,
148,
149,
150,199,
150,151,152,
152,
153,
156,153,154,155,
153,155,
156,
157,
158,
160,158,157,159,161,162,
160,
161,
163,162,
163,
158,164,
166,
167,
171,168,169,170,
168,169,170,
170,171,166,168,169,172,173,
171,
171,173,170,172,174,
173,174,
174,
175,
307,108,178,176,175,177,179,
177,
179,177,178,
307,179,
180,
181,182,
181,182,
183,
185,184,
185,181,182,183,184,
186,223,
190,62,187,188,189,191,358,
187,188,
189,
190,
191,
194,191,193,192,
193,
193,192,194,195,196,
196,199,194,195,197,198,
196,195,197,
197,
198,
199,
245,202,200,
202,201,204,319,
199,202,
67,204,203,205,206,319,
202,201,204,
208,209,207,205,206,
204,203,205,206,
207,
207,208,205,206,209,
207,208,205,206,209,
211,
213,208,217,210,211,212,214,
213,210,211,212,
213,
213,214,
213,215,263,
216,
217,
26,220,217,218,221,222,480,
219,
220,
221,222,
221,222,
186,223,
224,
225,
227,230,224,225,226,228,
230,227,228,
232,233,230,229,
228,
230,
231,232,233,
230,
233,
234,
231,236,232,233,234,235,
238,236,239,240,242,
237,
238,
410,
239,242,240,
241,
242,245,244,
243,
244,
245,
243,246,244,
248,249,246,247,
248,
249,
247,
251,
85,357,355,252,356,359,
312,253,
249,255,
256,
256,257,
249,257,
256,257,258,259,
258,259,260,261,
260,261,
262,259,260,261,
262,
263,
264,49,
265,
270,271,269,268,266,
267,
269,268,270,271,
269,
270,
271,
272,
273,
275,
275,272,276,278,279,
280,281,277,286,
278,279,
278,279,
280,
281,
283,282,
283,
60,283,285,284,282,
285,
286,
285,288,286,287,291,289,
288,296,286,287,291,289,
289,
290,
287,291,
292,
296,293,294,295,
294,295,
295,
296,
296,294,295,297,
298,
299,
303,
302,299,298,301,
302,
303,
304,372,
305,
306,
307,
308,
309,311,312,
310,
314,313,311,
312,
313,
314,
315,
316,
317,
45,318,321,
322,321,319,320,
318,319,
318,322,321,448,319,320,
45,318,321,319,320,
318,321,319,320,323,324,
494,324,491,492,493,
325,
326,325,
327,
328,
327,328,329,330,
330,
331,335,
332,333,330,331,
333,
334,
335,
336,
167,337,
338,
337,339,
337,339,340,
341,342,343,
344,
339,340,
344,412,
365,367,344,345,346,364,
350,348,
350,347,353,348,
350,
239,349,
350,
353,
352,
355,353,
354,
353,
357,355,356,
357,
358,
359,
360,361,
361,
362,
363,
364,363,368,369,
365,
368,367,366,369,
367,
368,369,
369,
370,372,367,359,371,368,369,373,
371,
372,
372,371,373,374,
377,374,376,
375,
375,373,374,376,378,
377,379,378,
379,377,380,375,376,378,
379,
380,87,
381,
383,384,386,389,385,382,387,388,
383,
384,
385,
386,
389,388,
388,389,
389,
390,
391,
390,392,
393,
392,393,394,395,
395,
396,
397,
401,161,162,415,400,414,417,397,399,398,
399,
400,
401,
401,402,
403,
404,
405,406,
406,
406,407,408,409,410,
408,
408,410,407,409,406,
410,
166,411,
412,
116,413,
414,310,
414,417,415,
416,
417,
418,
419,
420,
424,426,416,420,421,422,423,425,
424,419,422,420,421,
424,423,425,
424,425,
425,
426,
427,
426,
429,317,
1,2,4,433,430,431,432,434,
2,429,428,431,
435,363,432,433,434,436,
431,432,433,
432,433,434,
435,
436,
437,439,438,
438,
440,
441,
442,
443,
444,
444,445,
446,
447,
448,
29,449,
457,454,455,
449,
456,22,453,454,455,
459,451,452,453,454,455,
454,
456,
459,
457,
22,278,279,283,460,457,458,459,
459,
280,460,
459,460,458,461,
459,460,458,461,462,
464,463,461,462,465,
464,463,462,465,
465,
466,
467,
468,467,466,464,465,
469,468,470,
470,
471,
472,
473,
473,475,474,472,471,476,
475,476,477,222,
481,480,479,482,
480,478,477,479,
480,479,
480,
481,440,480,483,482,
481,480,483,479,482,
483,
381,484,
486,263,485,483,484,482,
263,486,
486,487,120,
488,
489,
490,
491,490,
494,493,120,490,491,492,
494,491,492,493,
496,494,495,
497,423,494,495,
497,495,
497,
0,1,497,498,499,424,423,426,
0,499,
