2,3,
3,
2,
3,
435,432,
5,
9,10,
7,
10,
10,
5,
18,
10,
16,
15,
19,
249,
18,
18,
19,
20,
18,
380,
24,
26,
26,
26,
26,
31,
26,29,
27,
35,
35,
33,
34,
34,
33,
285,283,
35,
38,
39,
40,
35,
39,
45,
44,
47,
44,
171,
47,
383,
51,
51,
51,
243,
57,
56,
58,
58,
58,
57,
58,
62,
58,
72,
61,
67,
67,
68,
67,
67,
72,
72,
87,
72,
312,
75,
77,
76,78,
82,
85,
87,
328,
88,
84,
85,
92,
85,
92,
89,
90,
86,
94,
93,
94,
96,
96,
365,
98,
96,
102,
101,
258,
197,
108,
105,
106,
384,
58,
103,
106,
265,
290,
116,
111,
113,
116,
116,
115,
16,
490,
121,
121,
122,
124,
134,
127,
269,
134,
124,
134,
136,
135,
134,
135,
136,
231,
138,
470,
143,
142,
148,
116,
119,
288,
152,
288,
149,
148,150,
152,
152,
155,
153,
158,
156,
157,
160,
160,
161,
415,
160,
162,
443,
166,
167,
168,
169,
168,
171,
174,
174,
174,
175,
108,
178,
178,
179,
108,
180,
188,
183,
186,
185,
223,
189,
183,
358,
190,
191,
192,
193,
194,
51,
196,
197,
51,
150,
200,
204,
202,
203,
199,
212,
199,
197,
209,
197,
212,
211,
209,
213,
213,
263,
38,
263,
220,
219,
480,
221,
224,
223,
227,313,
225,
313,
230,
232,
230,
472,
232,
313,
231,
234,
233,
238,
237,
237,
410,
238,
244,
38,
243,
243,
245,
243,
248,
248,
257,249,
246,
255,
356,
312,
249,
255,
258,
256,
258,
260,
486,
263,
263,
486,
270,
265,
266,
266,
267,
370,
370,
269,
272,
274,
278,
275,
281,
280,
279,
460,
279,
282,
281,
282,
37,
288,
283,
149,
289,
296,294,
70,
292,
295,
297,
292,
312,
297,
303,
303,
303,
299,
408,
307,
304,
305,
310,
307,
179,
312,
310,
80,
312,
311,
311,
315,
316,
318,
318,
319,
318,
322,
318,
326,
324,
325,
69,325,
327,
328,
328,
330,
497,494,
332,
333,
233,
335,
107,
339,
224,
336,
339,
344,
347,
339,
350,
347,
347,
348,
350,
352,
354,
409,
352,
353,
352,
353,
357,
356,
359,
359,
363,
362,
362,
365,
366,
365,
371,
365,
369,
371,
370,
372,373,
304,
304,
379,
375,
375,
377,
381,
379,
380,
381,
386,
383,
384,
388,
447,
389,
386,
389,
388,
389,
390,
394,
393,
393,
399,
417,
94,
399,
400,
400,
400,
474,
403,
403,
403,
408,
408,
408,
239,
161,
412,
413,414,
310,
420,
375,
369,
416,
420,
420,
424,
422,
424,
424,
425,
426,
419,
426,
317,
432,435,
424,
432,
2,
433,
363,
437,
437,
437,441,
441,
444,
442,
443,
445,
445,
310,
447,
449,448,
353,
457,
451,
22,
381,
31,
22,
459,
457,
461,
457,
460,
461,
461,
463,
465,
466,
466,
143,
466,
466,
142,
469,
473,
470,
472,
475,
479,
476,
478,
480,479,
440,
476,
483,
482,
485,
486,
490,
135,
489,
324,
324,
36,
494,
497,494,
494,
494,
497,494,
2,
2,
