5,
4,
429,
2,
4,
5,
11,
11,
486,
11,
12,
149,
12,
14,
149,
14,
16,
456,
20,
499,
21,
21,
20,
24,
24,
24,
173,
24,
30,
30,
32,
151,
154,
30,
38,
36,
36,
38,
242,
39,
40,
39,
39,
38,
46,
43,
45,
45,
403,
53,
53,
51,
53,
51,
61,
165,
53,
60,
60,
60,
60,
60,
60,
58,
67,
62,
69,
61,
68,
68,
71,
71,
70,
81,
69,
75,
278,
78,
164,
325,
79,
84,
72,
85,
84,
75,
357,
83,
451,
89,
75,
89,
95,
72,
94,
364,
97,
365,
312,96,
96,
103,
97,
101,102,
104,
175,
104,
106,
70,
108,
474,
471,
262,
119,
111,
113,
447,
447,
114,
119,
146,
493,
447,
123,
401,
213,
127,
401,
124,
127,
401,127,
213,
124,
124,
124,
120,
272,
137,
401,
144,
140,
142,
144,
109,
147,
149,
59,
151,150,
149,
199,
153,
441,
156,
49,
153,441,
156,
157,
441,
156,
475,
443,
160,
161,
161,
334,331,
164,
173,
165,
174,
168,
174,
174,
176,
175,
177,
177,
177,
307,
175,
181,
307,
183,
184,
181,
186,
355,
190,
361,
193,
252,
88,
88,
88,
201,
197,
197,
198,
199,
67,
67,
202,
209,
67,
207,
217,
77,80,
285,
77,80,
216,
217,
213,
213,
216,
219,
216,
219,
222,
216,
220,
224,
222,
185,
337,
227,
227,
228,
230,
231,
230,
231,
231,
335,
235,
236,
239,
242,
236,
408,
242,
241,
245,
245,
244,
52,
245,
249,
249,
16,
245,
249,
356,
312,
252,
256,
256,
252,
254,
259,
217,
259,
127,
219,
49,
362,
272,
49,
272,
127,
272,
271,
270,
270,
276,
276,
286,
283,
283,
276,
283,
407,
285,
284,
285,
285,
286,
288,
288,
290,
288,
292,
296,
401,
295,
169,
297,
298,
401,
304,
302,
353,
303,
372,
304,
304,
307,
410,
312,
410,
314,
311,
471,
314,
329,
80,
317,
321,
321,
321,
316,
321,
47,
491,
325,
91,
327,
60,
327,
278,
333,
333,
179,176,
334,
334,
469,
167,
335,
337,
337,
340,
340,
337,
340,
345,
354,
352,
354,
409,
355,
350,
358,
354,
352,
350,
357,
357,
357,239,
323,
365,
366,
365,
5,
363,
365,
366,
339,
364,
364,
364,
370,
370,
370,
380,
375,
375,
380,
377,
384,
86,
383,
383,
322,
107,
237,
108,
389,
384,
391,
391,
488,
390,
393,
393,
395,
396,
262,
166,409,
399,
168,
401,
401,
406,
163,
408,
404,
409,
408,
409,
239,
166,
408,
447,
414,
415,
390,
414,
413,
420,427,
417,
425,
427,
425,
425,
425,
358,
425,
232,
429,
431,
320,
435,
431,
435,
435,
435,
486,
137,
209,
441,
176,179,
487,
443,
443,
446,
444,
446,
367,
460,
350,
454,
454,
367,
21,
397,
459,
280,
397,
280,
459,
458,
463,
375,
463,
474,
466,
463,
474,
474,
474,
473,
474,
475,474,
222,
486,
482,
365,
483,
483,
486,
365,
486,
486,
263,
486,
486,
489,
486,
493,
492,
487,
71,
335,
335,
423,
498,
2,
