4
0
0
3
4
4
4
4
3
9
10
4
0
4
14
4
4
0
14
4
0
0
11
9
9
3
0
0
14
3
30
4
9
33
4
4
4
9
4
13
3
4
0
0
4
3
0
4
4
4
0
4
9
0
4
4
13
4
4
4
4
4
4
4
4
9
4
0
4
0
4
4
4
4
4
4
4
4
14
0
4
4
4
0
4
3
4
4
4
0
3
4
4
4
4
4
4
0
30
4
0
4
9
0
4
11
0
0
4
0
4
0
4
9
4
0
9
9
4
4
0
4
9
4
4
4
4
0
4
0
4
4
15
0
13
4
9
4
4
4
4
4
3
4
4
3
4
0
4
4
4
4
3
4
4
0
4
0
0
3
3
0
4
0
3
4
4
0
9
4
4
0
4
0
4
4
4
4
4
4
14
4
0
4
0
0
4
4
4
4
4
4
4
3
4
4
4
4
33
4
4
4
0
4
4
3
4
4
4
4
4
4
4
4
4
4
4
4
14
4
0
13
4
0
4
3
14
4
4
0
4
4
4
0
10
4
4
4
9
4
4
14
4
9
0
4
13
3
4
4
0
4
4
0
3
9
4
4
0
13
3
0
9
4
4
0
11
4
4
0
3
4
9
0
9
0
4
0
33
0
9
0
3
4
11
4
3
4
4
9
4
4
4
4
0
4
4
4
4
4
9
4
4
4
4
0
4
4
4
33
4
4
9
4
9
0
3
14
4
5
4
4
4
3
4
4
4
0
4
14
0
0
4
4
4
4
4
4
4
3
9
4
14
4
3
9
13
0
4
14
4
4
4
10
14
3
0
10
4
3
4
4
4
4
4
4
3
0
14
33
4
4
4
4
0
0
3
4
4
0
3
4
4
0
4
30
4
4
4
0
3
9
14
14
0
4
4
30
4
4
