0,
0,
0,
0,
76,
56,
0,
76,
49,
49,
0,
56,
0,
0,
0,
0,
1,25,
49,
0,
0,
0,
0,
19,
0,
2,10,
0,
0,
0,76,
49,
0,
1,
30,
1,
1,
0,
1,
1,
1,
1,
0,
1,25,
1,
1,
25,
25,
1,
1,
147,
147,
5,
1,
1,
1,
43,
1,
5,
126,
73,
0,
1,
0,
2,
2,
55,36,
0,2,
92,
2,
2,
2,
3,
0,
2,
25,
2,
0,
0,
55,36,
3,
2,
2,
2,92,
2,
19,
2,
0,2,
2,
2,
0,
2,
71,
3,
3,
3,130,
3,
3,
3,
3,
3,
0,
0,
3,
3,
3,
3,
3,
14,
3,
0,
0,
3,
3,
0,
57,
3,
3,
130,
3,
3,
3,
3,
83,
0,
1,
1,
5,
2,
57,
3,
1,
1,
4,
0,
1,
0,
1,
3,
4,
3,4,57,
1,
0,2,
3,
24,
3,
0,
147,
57,
57,
0,
4,
0,
5,
18,
6,
5,
30,
1,
22,
5,
5,
22,
1,
45,
5,
1,
132,
5,
5,
5,
5,
5,
5,
43,
5,
5,
5,
5,
0,
1,
5,
5,
6,
6,8,
0,
6,
0,
8,
6,
22,
5,
6,
30,
6,
30,
30,
5,
5,
1,
6,8,
5,22,
5,
6,
6,
6,
178,
8,
6,
56,
5,
0,
0,
56,
1,
56,
1,
5,
30,
6,
43,
56,
30,
56,
30,
0,
7,
30,
36,
1,
30,
7,
7,
7,
7,
30,
1,
30,
7,
5,
30,
30,
52,
24,
14,
8,
8,
8,
8,
5,
8,
52,
14,
4,
8,
8,
57,
14,
6,
14,
122,
8,160,
5,
57,
5,
8,
8,
8,
5,
8,
26,
102,
8,
56,85,
10,
0,
1,
19,
20,
14,
0,9,
9,
8,
0,
56,
129,
56,
10,
0,
56,
56,
57,
9,
0,
56,
0,
10,
9,
56,
0,
31,
9,
9,
10,
10,
0,
10,
10,
10,
10,
10,
10,
10,
10,
10,
10,
10,
10,
10,
10,
10,
10,
10,
10,
31,
10,
10,
10,
10,
10,
10,
10,
10,
11,
11,
11,
11,
33,
33,
11,
11,
11,146,
11,
11,
11,
58,
39,
33,
11,
11,
39,
11,
191,
44,
11,
191,
11,
11,
11,
11,
11,
11,
22,
12,
10,
3,108,
153,
5,
0,
19,
12,
5,
1,
14,
0,
153,
12,
3,
5,
5,
5,
10,
12,
127,
1,
12,
5,
153,
14,
12,
0,
12,
14,
39,
20,
148,
19,
0,
13,
13,
19,
13,
25,
13,
24,
13,
13,
25,
39,
39,
25,
0,
8,
13,
39,
39,
11,
24,
39,
2,
25,
13,
11,
14,
14,
160,
41,
14,
14,
160,
14,
14,
14,
26,
14,
14,
14,
14,
14,
14,
14,
14,
14,
14,
14,
103,
14,184,
102,
160,
14,
14,
14,
14,
9,
20,
15,
35,
20,
3,
15,
56,
9,
20,
15,
20,
9,
0,
14,
0,
0,
0,
9,
8,
15,
35,
6,
56,
0,
14,
5,18,
5,
35,
2,
2,
0,
22,
2,
0,
22,
129,
0,
4,35,
22,129,
22,
71,
2,
2,
2,
5,43,
0,
30,
1,
25,
2,
17,
17,
17,
17,
17,
17,
17,
17,
17,
17,
17,
17,
17,
5,
17,
17,
17,
17,
17,
17,
17,
17,
17,
17,
0,
17,
17,
17,
17,
17,
18,
1,
5,22,
5,
18,
18,
1,
1,
18,
18,
30,
18,
1,
18,
1,
18,
73,
5,
18,
18,
18,
1,
18,
1,
18,
5,
18,
18,
18,
1,
19,
0,
19,
19,
0,
0,
0,
19,
19,
103,
46,
19,
19,
19,
19,
19,
0,
19,
0,
19,
0,
0,
19,
19,
19,
14,
19,
0,
19,
19,
20,
9,
20,
0,
20,
20,
20,
20,
20,
0,9,
20,
20,
9,
2,
20,
20,
20,
20,
20,
20,
21,
20,
2,
20,112,
20,
20,
20,
9,
20,
2,
21,
0,
0,
0,
0,49,
0,
19,
19,
0,
0,
20,
19,
20,
0,
21,
19,
0,
0,
1,
19,
20,
21,
0,
19,
21,
19,
21,
19,
0,
14,
2,
22,
22,
22,
22,
22,
22,
22,
22,
22,
0,
22,
22,
22,
22,
22,
64,82,
75,
22,
22,
22,
22,
22,
2,
22,
75,
64,22,
22,
64,
22,
10,
2,
54,
2,
5,
17,
64,
75,
10,
10,
22,
22,
17,
10,
0,
2,
82,
2,
17,
10,
30,
22,
5,
31,
17,
24,
0,
2,
0,
24,
0,
100,20,
10,
10,
10,
10,
24,
19,24,
1,
132,
10,
24,
0,5,
5,
24,
19,24,
24,
24,
24,
0,
10,
4,
10,
25,
4,
25,
25,
25,
55,
25,
25,
25,
25,
25,
25,
25,
25,
25,
25,
55,
25,
1,
25,
25,
25,
25,
25,
25,
25,
25,
0,
25,
92,
25,
25,
26,
0,
26,
5,
26,
5,
26,
26,
26,
26,
14,
26,
26,
26,
26,
26,
26,
26,
26,
26,
26,
26,
26,
26,
26,
26,
5,
5,
26,
26,
14,
14,
14,
0,
153,
14,
14,
14,
102,
103,
14,
14,
14,
14,
14,
14,
14,
14,
0,
130,
14,
5,
48,40,
102,
102,
14,
14,
27,
10,
113,
5,
24,
28,
5,
6,
22,
0,
10,
24,
8,
26,
6,
6,8,
132,
5,
5,
178,
28,
25,
129,
0,
17,
5,
56,
30,
24,
5,
0,
5,26,
19,
20,
19,
25,
19,
29,
19,
19,
0,
19,
26,153,
19,
20,
19,
19,
13,
19,
19,
0,
0,
19,
19,
29,
13,
12,
12,
19,
20,
19,
19,
30,
30,
30,
30,
52,
30,
30,
22,
30,
30,
30,
30,
30,
30,
22,
30,
30,
30,
30,
52,
30,
30,
36,
30,52,
52,
30,
30,
30,
52,
30,
0,
52,
52,
0,
8,
31,
0,
31,
31,
31,
31,
5,
30,
31,
52,
0,
31,
0,
31,
31,
1,
0,20,
31,
52,
56,
31,
0,
52,
31,
30,
19,
0,
0,
19,25,
0,
19,
19,
0,
0,3,
32,
1,19,
19,
0,
0,
6,
0,
0,
19,
32,
0,
32,
0,
19,
19,
19,
0,
0,
0,
189,
22,
22,
22,
189,
11,
2,
22,
11,
2,
2,
2,
2,
189,
11,
22,
0,
33,
22,
5,
189,
11,
22,
189,
189,
22,
189,
11,
19,
22,
26,
0,
34,
5,
26,
14,
34,
14,
52,
14,
34,
5,
34,
14,
34,
34,
34,
34,
5,
34,
0,
34,
52,
34,
35,
18,
0,
34,
35,
30,
35,
30,
30,
35,
35,
30,
35,
30,
35,
5,
1,
30,
132,
1,
30,
35,30,
35,
1,
30,
35,
64,
30,
1,
35,
1,
30,
30,
30,
0,
36,
2,
2,22,
2,
36,
4,
0,
55,36,
30,
36,
36,
0,
36,
36,
56,
2,
2,
184,
0,
30,
30,22,
22,
2,
25,
30,
60,
30,
36,
36,
25,
5,
24,
5,
6,
5,
0,
5,
17,
8,
22,
6,
6,
1,6,
5,
5,
5,19,
5,
6,
5,
6,
5,
5,
63,
5,
38,
38,
38,
0,
38,
9,
1,
30,
0,
2,
38,
2,
0,
49,
38,
38,
38,
2,
1,
38,
2,
2,
10,
1,
38,
14,
19,
2,
25,
3,
39,
58,
39,
39,
11,
39,
39,
39,
39,
39,
39,
39,
39,
39,
39,
39,
39,
39,
39,
39,
39,
39,
39,
39,
25,
39,
33,
39,
39,
39,
14,
14,
40,
49,
102,
102,
14,
14,
1,
102,
14,
40,
14,
5,
14,
102,
14,
40,
56,
40,
5,
14,
27,
27,
14,
14,
40,
102,
102,
14,
5,
41,
41,
41,
49,
77,50,
41,
41,
30,
41,
41,
41,
41,
41,
41,
41,
35,41,
52,
41,
41,
41,
41,
41,
41,
41,
41,
41,
41,
14,
35,
174,
52,
4,
102,
42,
14,
40,
153,
9,56,
4,
56,
1,
102,
14,40,
0,
7,
26,
41,
5,
14,
102,
9,
0,
102,
48,
102,
56,
0,
1,5,
43,
1,
43,
5,
117,
5,
117,
43,
43,
43,
1,
43,
43,
1,
43,
43,
1,
43,
43,
43,
43,
117,
5,
1,
5,
5,
1,
43,
1,
4,
0,
57,
5,
76,
4,
4,
0,
0,
4,
5,
3,
0,
0,
0,3,
5,
0,
0,
0,
57,
44,
0,
4,
4,
3,
0,
3,
0,
0,
1,
1,
1,
1,
0,
0,
1,
19,
1,
1,
18,
45,
1,
1,
1,
1,
1,
0,
1,
1,
1,
1,
25,
1,
1,
0,
1,
56,
19,
0,
19,
19,
19,
0,
19,
39,
39,
19,
56,
19,
19,
4,
103,
19,
0,
0,
19,46,
25,
46,
19,
103,
19,
46,
0,
1,
0,
0,
47,
5,
26,
34,
35,
2,
5,
47,
35,
35,
30,
34,
30,35,
0,
0,
18,
1,
18,
1,
52,
5,
0,
5,
161,
18,
35,
5,
143,
47,
34,
14,
14,
79,
48,
10,
14,
48,
48,
19,
48,
48,
48,
48,
48,
48,
48,
48,
48,
48,
14,
48,
0,
7,
48,
68,
48,
48,
48,
5,
48,
14,49,
49,
0,
14,
49,
14,
14,
49,
14,
49,
49,
14,49,
14,
14,49,
49,
49,
49,
49,
49,
0,
0,
14,
49,
1,
49,
49,
14,
14,
49,
30,
56,
50,
50,
1,
2,
38,
0,
30,
50,
30,
50,
11,
130,
30,36,
7,30,
38,
30,
5,56,
56,
30,
5,
50,
30,
4,
52,
30,
30,
71,
56,
0,
0,
5,
5,
17,
18,
0,
1,
126,
5,
24,26,
8,
0,
5,
5,
3,
6,
1,
1,
5,
6,24,
0,
0,
0,
5,
8,
5,
1,
6,
69,
5,
5,
52,
30,
52,30,
52,30,
30,
129,
5,
31,
30,
30,
69,
5,
5,
52,
52,
5,
30,
30,52,
52,
30,
52,
52,30,
52,30,
30,
30,
52,
52,
2,
70,
3,
53,
3,
53,
2,
3,
3,
53,
177,
178,
2,
53,
178,
53,
53,
2,
53,
53,
2,
2,
0,
53,
53,
70,
124,
3,
0,
53,
0,
0,
2,
2,
2,
4,
25,55,
2,
64,
54,
2,
26,
73,
2,
2,
0,
14,
5,
18,
0,73,
2,
64,
56,
2,
54,
54,
2,
0,
64,
26,
55,
2,
0,
2,
55,
36,
25,
36,
146,
55,
2,
36,
0,
2,55,
55,36,
0,
55,36,
25,
2,
25,
55,36,
25,
25,
55,36,
55,36,
182,
36,
25,
25,
49,
56,
66,
56,
9,
56,
56,
56,
56,
56,
56,
56,
56,
56,
56,
56,
5,
56,
0,
56,
56,
56,
56,
66,
0,
0,
56,
56,
56,
56,
56,
3,57,
57,
6,
57,
3,
57,
0,
8,
57,
1,
57,
3,
57,
57,
0,
0,
57,
57,
57,
6,
57,
57,
0,
2,
0,
57,
57,
3,
3,
3,
58,
58,
58,
2,
58,
58,
58,
2,
58,
39,
58,
5,
58,
58,
0,
58,
58,
58,
58,
2,
11,
39,
58,
58,
25,
58,
58,
77,
58,
39,
52,
30,
1,
59,
35,
35,
0,
49,
4,
30,
35,
30,
0,
1,
1,
59,
3,
0,
1,
8,
35,
30,
19,
35,
1,
0,
30,
1,
14,
59,
60,
60,
22,
60,
60,
60,
60,
60,76,
60,
8,
60,
60,
76,
0,22,
60,
0,
22,
19,
60,
36,
60,
60,
75,
60,
60,
60,
0,
8,
60,
76,
61,
61,
54,
2,
0,
5,
10,
0,
54,
14,
61,
14,
0,
5,
12,
10,
0,
10,
61,
10,
61,
10,
14,
10,
0,
14,
0,
5,
82,
61,
25,
5,
12,
153,
0,
62,
62,
14,
7,
14,
30,
62,
30,
0,
17,
99,
52,
0,
14,
5,
17,
30,
0,
0,
132,
17,
153,
62,
5,
5,
1,
1,
5,
5,
0,
5,
5,
0,
5,
5,
176,
5,
0,
5,
5,
5,
5,
10,
5,
5,
5,
176,
0,
12,
176,
5,
0,
5,
26,
5,
5,
5,
43,
5,
22,
30,
43,
52,
5,
64,82,
64,
5,
64,
64,
64,
5,
5,
5,
0,
0,
64,
5,
64,
64,
64,
5,
0,
64,
22,
10,
14,
10,
10,
0,
14,
24,
65,
10,
14,
65,
10,
110,
0,186,
10,
10,
10,
10,
10,
41,
65,
14,
65,
8,18,
10,
65,
10,
10,
110,
10,
56,
0,
1,
56,
56,
56,
56,
66,
0,56,
56,
56,
2,
56,
56,
0,
56,
56,
0,
66,
56,
66,
56,
56,
56,
56,
56,
56,
56,
0,
0,
14,
48,
19,
0,
76,
0,
0,
0,
0,
67,
49,
14,103,
0,
48,
49,
112,
0,
67,
49,
0,1,
0,
0,
19,
0,
19,
0,
0,
49,
0,
0,
8,
48,
48,
4,
18,
18,
79,
68,
112,
112,
5,
68,
20,
10,
68,
68,
5,
10,
48,
2,
14,
79,
48,
79,
2,
10,
56,
68,
48,
68,115,
0,
155,
155,
8,
8,
0,
36,
0,
0,
17,
83,
0,
8,
30,
8,
8,
155,
17,
155,
155,
52,
0,
155,
2,
52,
69,
2,
5,
0,
0,
2,
53,
1,
0,
0,
0,
53,
0,
0,
0,
0,
0,
53,
3,
0,
2,
2,
53,
76,
0,
0,
0,49,
0,
3,
70,
76,
56,
53,
0,
30,
2,
2,
2,
71,
2,
2,
71,
2,
71,
30,
30,
2,
2,
71,
30,
2,
2,
2,
0,
2,
2,
2,
30,
2,
2,
38,
2,
2,
5,
14,
49,
5,
26,
132,
4,
0,
5,
5,
18,
6,
6,
14,
5,
133,
26,
5,
5,
5,
133,
3,
73,
73,
73,
0,
73,
73,
73,
0,
73,
73,
18,
73,
64,
73,
73,
5,
73,
73,
73,
73,
19,
64,
73,
73,
73,
73,
73,
73,
73,
73,
0,
56,
69,
2,
69,
19,
88,
155,
74,
155,
0,
20,
101,
13,
13,
0,83,
69,
20,
8,
20,
56,
69,
88,
2,
2,
0,
52,30,
5,
8,
20,
75,
18,
75,
19,
22,
75,
19,
19,
0,
75,
6,
19,
19,
2,
2,
75,
49,
0,
75,
75,
75,
19,
0,
19,
5,
75,
75,
49,
75,
22,
0,
19,
76,
19,
19,
60,
13,
60,
19,
60,
0,
0,
13,
13,
19,
20,
39,
49,
19,
76,
0,
76,
60,
103,
13,
76,
19,
19,
19,
0,
56,
77,
77,
129,
57,
41,
50,
50,
50,
50,77,
50,77,
110,
0,
58,
38,
130,77,50,
7,
0,
110,
39,
58,
110,
0,
8,
58,
110,
0,
50,77,
30,
30,
1,
130,
78,
0,
0,
78,
5,
14,
0,
160,
0,
22,
78,
30,
0,35,
52,
0,
30,
30,
48,
5,
30,
30,
84,
7,
5,
36,
30,
79,
7,
79,
5,
0,
147,
1,
147,
5,
18,
7,
79,
79,
0,
7,
5,
7,
7,
1,
7,
147,
0,
79,
18,
38,
0,
0,
2,
1,
38,
0,
0,1,
1,
44,
9,
0,
0,
1,
1,
56,
38,
1,
1,
1,
98,
0,
10,
38,
0,
76,
0,
14,
14,
81,
2,
81,
0,2,
0,
0,
2,
14,
14,
26,
24,
0,
49,
75,
81,
0,
14,
2,
103,
2,
66,
14,
81,
153,
81,
14,
103,
43,
64,82,
43,
0,
43,
18,
18,
43,
5,
0,
64,82,
18,
1,
71,
2,
43,
43,
5,
18,
18,
71,
5,
18,
0,
5,
64,
43,
1,
64,
64,
0,
83,
83,
3,
83,
83,
83,
83,
9,
83,
17,
9,
25,
0,
83,
83,
83,
83,
1,
9,
83,
83,
83,
83,
4,
83,
83,
83,
83,
9,
84,
14,
151,
19,
14,
84,
84,
84,
84,
84,
84,
84,
84,
7,
14,84,
25,
84,
14,
84,
14,
25,
84,
19,
25,
0,25,
14,
84,
25,
147,
0,
103,
0,
20,
6,
9,
14,
19,
0,
0,
181,
5,
8,
73,
0,
19,
0,9,
10,
26,
0,
56,
154,
147,
0,
14,
46,
14,
14,
10,
0,56,
14,
1,
86,
35,86,
1,
0,
130,
86,
41,
41,
5,
1,
52,
1,
1,
41,
30,
41,
86,
41,
1,
86,143,
56,
1,
1,
1,
1,
41,
86,
0,
31,
14,
0,
139,
0,
0,
14,
14,
0,
14,
49,
14,
0,
76,
49,
0,
118,160,
1,
14,
196,
0,
26,
0,
49,
1,
0,
14,
0,
14,
14,
1,
36,
25,
92,
92,
30,
88,
30,
2,
30,
2,
88,
30,
88,
25,
30,
0,36,
146,
36,
55,
30,
2,
25,
88,
2,
92,
92,
0,
55,36,
36,
36,
1,
25,
5,
0,
5,
25,
25,
146,
89,
25,
1,
94,
5,
1,
25,
5,
1,
5,
19,
0,
5,
5,
25,
5,
25,
0,
56,
90,
31,
52,
10,
31,
10,
10,
10,90,
10,
5,
31,
31,
0,
10,
1,
10,
10,
31,5,
31,
31,
10,
10,
10,
30,
52,
10,
5,
10,
10,
7,
30,
5,
30,
56,
52,
91,
91,
19,
179,
30,
30,
56,
5,6,7,
43,
1,
30,
73,
7,
5,
43,
52,
74,
30,
0,
60,
43,
30,
60,
58,
2,
0,
2,
92,
92,
25,
19,
2,
92,
2,
25,
2,
92,
92,
2,
0,
92,
25,
92,
92,
92,
2,58,
92,
84,
2,
92,
92,
2,
25,
26,
56,
56,
56,
56,
56,
2,
56,
26,
56,
26,
56,
56,
56,
56,
94,
30,
0,
1,
1,
30,
25,
147,
19,
57,
6,
25,55,36,
3,
1,
25,
3,
30,
147,
0,
30,
147,
25,
30,
25,
0,
3,
25,
36,
22,
1,
10,
0,
0,
81,
0,
49,
0,
95,
0,
0,
0,
5,
100,
160,
14,
2,
18,
0,
55,
0,
3,
0,
0,
2,
18,
0,
1,
103,
19,
19,
5,
96,
5,
17,
96,
96,
17,
56,
96,
20,
96,
0,
85,20,
20,
96,
96,
5,178,
5,
96,
19,20,
0,
17,
96,
96,
96,
17,
5,
30,
19,
30,
0,
2,
0,
2,
0,
0,
0,
76,
0,76,
19,
2,
0,
0,
0,
146,
49,
11,
24,
4,
0,
25,
3,
9,
25,
56,
0,
4,
0,25,
9,
69,
9,
35,
34,
9,
80,
0,
25,55,
1,
1,
1,
80,
47,
56,
0,
9,
1,
98,
9,
1,
75,
14,
30,
0,
41,
99,
71,
36,
30,
30,
71,
124,
99,
3,
0,
124,
30,
30,
124,
0,
30,
22,
129,
30,
36,
126,
36,
30,
52,
2,
20,
56,
0,
20,
0,
0,20,
0,
100,
0,
0,
20,
20,
0,100,116,
20,
100,
4,
10,
20,
100,
100,
0,
4,
20,
0,
20,
100,20,
20,
20,
20,
20,
74,
0,
69,
74,
0,
69,
177,
2,
22,
1,
74,
20,
20,
102,
102,
1,
0,
0,
9,
102,
102,
102,
102,
102,
102,
102,
102,
0,
102,
14,
14,
5,
14,
14,
14,
56,
102,
102,
102,
4,
102,
48,
102,
2,
103,
46,
0,
14,
184,
103,
14,
181,
19,
84,
103,
19,
84,
84,
103,
46,
0,
103,184,
184,
56,
84,
103,
55,
55,
46,
84,
25,
103,
0,
26,
56,
56,
26,
0,
49,
0,
0,
56,
20,
26,
0,
26,
20,
20,
0,
14,
56,
26,
5,14,
134,
20,
26,
104,
49,
20,
0,49,
26,
26,
0,
130,
77,50,
0,
10,
50,77,
10,
77,
36,
58,
10,
60,
77,50,
10,
110,
110,
10,
38,
60,
60,
19,
25,
39,
39,
106,
106,
39,
39,
1,
39,
0,
5,
19,
0,39,
5,
12,
5,
106,
39,
25,
5,
0,
39,
25,
106,
5,
0,
8,
39,
5,
107,
84,
84,
147,
2,
2,
84,
5,
0,
84,
2,
147,
0,
0,
84,
0,
0,
3,
2,
84,
2,
0,
84,
84,
2,
58,
0,
84,
147,
3,
0,
3,
0,5,
0,
0,
57,
108,
19,
0,
5,
3,
12,
108,
3,
5,
0,
12,
108,
1,
3,
140,
140,
0,
3,
12,
12,
10,
0,
49,
61,
54,
5,
0,
82,
5,
43,
26,
5,
2,
64,82,
2,
5,
5,
5,
2,
54,
2,
109,
5,
54,
33,
110,
110,
110,
60,
110,
58,110,
110,
110,
5,
110,
25,
5,
58,
110,
30,
110,
110,
39,
60,
43,
50,
58,110,
110,
110,
58,
110,
2,
110,
110,
0,
1,
18,
18,
1,
4,
25,
2,
43,
25,
94,
5,
0,
1,
1,
25,
24,
1,
18,
94,
18,
18,
18,
0,
24,
0,
18,
25,
5,
9,
112,
10,
20,
10,
112,
20,
20,
115,
0,
56,
20,112,
20,
20,
20,
19,
0,
20,
20,
20,
20,
20,
112,
0,
0,
20,
112,
49,
0,
4,
0,
3,
0,
0,
0,
2,
2,
113,
0,
2,
2,
0,
113,
3,
3,
25,
0,
113,
92,
0,
0,113,
0,
0,
92,
2,
0,
14,
0,
5,84,
103,
1,
25,
48,
0,
1,
84,
112,
56,
48,
48,
19,
14,
19,25,
5,
49,
0,
19,
0,
19,
122,
48,
14,
5,
5,
19,
115,
1,
5,
18,
18,
26,
7,
0,
5,
5,
18,
115,
8,
5,
1,
18,
0,
56,
0,
18,
5,
115,
5,
5,
18,
5,
68,
73,
10,
52,
31,
0,
14,
8,
20,
0,
18,
49,
14,
100,
15,
15,
40,
0,
9,
14,
100,15,20,116,
0,
14,
8,
20,
20,
14,
8,
19,
100,20,
30,
20,
20,
116,
0,
75,
43,
0,
20,
39,
0,
0,
0,
5,
30,
25,
39,
43,
64,
0,1,
74,
19,
17,
20,
19,
160,
1,
118,
8,
0,118,
1,
14,160,
31,
1,25,
8,
5,
31,
0,
8,
6,
160,
5,147,
14,
20,
1,
1,
1,
118,52,
14,55,160,184,
160,
5,
0,
8,
52,
8,
0,
1,
4,
2,
0,
119,
0,
30,
30,
0,2,
30,
178,
30,
32,
0,
30,
36,
0,
30,
19,
78,
119,
30,
3,
30,
0,
30,
119,
75,
0,
14,
14,
0,
14,
14,
8,
14,
10,
26,
40,102,
120,
40,
14,
10,
14,
139,
14,
14,
10,
0,
14,
10,
14,
0,
8,
13,
14,
14,
0,
0,
38,
14,
14,
14,
0,
55,
38,
25,55,
14,
49,
184,
0,
122,
121,
121,
14,
0,
0,
121,
121,
121,
184,
38,
122,
14,
122,
75,
14,
5,
145,
122,
122,
75,
160,
14,
0,
14,26,
122,
75,
5,
14,
75,
14,
122,
75,
14,
14,
14,
122,
14,
122,
122,
26,
4,
57,
3,
2,
57,
0,
5,
0,
3,
1,
3,
3,
1,
0,
57,
0,
8,
0,
0,
0,
5,52,
43,
123,
2,
43,
4,
43,
4,
71,
124,
124,
1,
2,
2,
71,
55,
2,
2,
71,
2,
71,
124,
2,
2,
124,
0,
124,
2,
92,
2,
124,
124,
71,
2,
2,
35,
0,
39,
14,
1,
0,
14,
25,
56,
14,
0,
14,
14,
49,
125,
0,
14,
0,
14,
14,
0,
1,
26,
14,
160,
0,
14,
0,
1,
49,
0,
30,
5,
5,
1,
1,
43,
1,
30,
30,
1,
43,52,
1,
30,
1,
5,
1,
126,
1,
35,
35,126,
52,
0,
1,
1,
52,
30,
30,
30,
5,
30,
5,
0,
5,
5,
14,
0,
132,
5,
0,
0,
132,
3,
5,
127,
0,
0,
132,
1,
26,
84,
5,
132,
5,
5,
0,
3,
0,
5,
5,
1,
14,
0,
14,160,
14,
118,
14,
14,
14,
0,
14,
14,
14,
14,
160,
128,
14,
14,
122,
160,
14,
0,
14,
160,
14,
160,
14,
160,
14,
14,
75,
22,
30,
22,
2,
36,
129,
129,
30,
0,
30,
30,
0,
30,
5,
30,
71,
0,
22,
30,
30,
129,36,
22,
14,
71,
22,
5,
0,
129,
30,
11,
130,
130,
31,
130,
6,
14,
0,
130,
5,
130,
130,
130,
31,
130,
130,
130,
130,
57,
130,
130,
0,
130,
130,
130,
130,
0,
130,
130,
30,
57,
6,
0,
9,
49,
20,
0,
131,
20,
20,
56,
0,
2,
69,
20,
8,
9,
100,20,
20,
0,
9,8,
0,
0,
9,
8,
20,
20,
132,
132,
17,
30,
30,
132,
132,
132,
132,
5,
132,
132,
132,
30,
132,
30,
132,30,
132,
132,
132,
132,
132,
132,
132,
132,
132,
132,
132,
132,
30,
5,
5,
5,
1,
5,
5,
5,
5,
0,
5,
133,
133,
4,
5,
0,
6,
5,
4,
5,
5,
5,
0,
43,
133,
5,
133,
43,
5,
133,
5,
104,
100,20,
10,
20,
0,
0,
20,
0,
18,
2,
56,
9,
0,
18,
10,
134,
104,
10,
20,
104,
0,
134,
31,
20,
135,
14,
31,
14,
14,
14,
0,
14,
14,
40,
40,102,
14,
14,
61,
14,
0,
0,
14,
2,
2,
20,
2,
0,
2,
73,
54,
73,
139,
2,
2,
0,
2,
0,
2,
54,
64,
0,
5,
19,
5,
14,
48,
14,
1,
19,
1,
5,
0,
14,
48,
5,
48,
14,
0,
48,
132,
5,
0,
49,
49,
49,
7,
5,
0,
7,
5,
129,
1,
129,
30,
30,
5,
30,
138,
138,
30,
30,
1,
129,
138,
30,
30,
2,
1,
22,
30,
22,
2,
30,71,
5,
129,
129,
30,
1,5,43,
30,
139,26,
53,
139,
2,
2,
53,
2,
3,
0,
139,
9,
2,
139,
53,
139,
53,
53,
3,
0,
2,
139,
0,
139,
178,
53,
0,
3,
53,
0,
2,
14,
4,
140,
0,
140,
108,
0,
83,
17,
83,
153,
0,
122,
140,
83,
14,
83,
4,
140,
108,83,
83,
122,
62,
140,
140,
14,99,
83,
108,83,
108,
83,
25,
0,
1,
0,
30,
5,
49,
1,
1,
1,
147,
0,
1,
0,
25,
2,
1,
5,
1,141,
1,
1,
0,
0,
5,
2,
141,
1,
30,
1,
25,
22,
31,
96,
5,
36,
31,
142,
96,
96,
52,
31,
19,
60,
60,
36,
0,
31,
0,
142,
31,
20,
56,
14,
1,
122,
1,
14,
27,
14,
14,
14,
14,
143,
0,
27,
14,
1,
26,
14,
0,
14,
0,
14,
143,
14,
14,
0,
35,
143,
1,
14,
14,
20,
134,
26,
26,
48,
2,
5,
104,
5,
19,
11,
30,
5,
0,
30,
0,
0,14,
19,
2,
92,
2,
75,
0,
122,
38,
75,184,
0,
122,
2,
2,
0,
145,
66,
14,
2,
56,
0,2,
2,
2,
39,
146,
2,
0,
39,
1,
2,
2,25,
11,
11,
39,
0,
11,
11,
146,
5,
36,
2,
11,
2,
39,
0,
22,
25,
55,
11,
2,
39,
2,
22,
84,
84,
147,
84,
25,
19,
84,
147,
147,
84,
147,
147,
84,
84,
147,
84,
84,
147,
147,
147,
147,
147,
84,
84,
147,
84,
147,
84,
84,
147,
13,
8,
11,
36,
39,
132,
8,
19,
0,
1,
8,
0,
13,
39,
1,
13,
13,
13,
22,
132,
6,
5,
110,
5,
22,
39,
13,
5,
26,
6,
0,147,
24,
8,
24,
24,
0,
13,
4,
10,
24,
5,
24,
17,
1,
0,
10,
24,
5,
24,
10,
28,
4,
24,
5,
10,
24,
2,
5,19,
1,
5,25,
25,
20,
104,
39,
0,
22,
39,
18,
13,
150,
150,
150,
19,
20,
0,
150,
0,
1,
18,
39,
8,
0,
18,
25,
150,
22,
5,
151,
84,
84,
84,
14,
1,
5,
147,
84,
103,
151,
147,
5,
84,
19,
84,
0,
1,
147,
84,
0,
84,
5,
5,
5,
5,
5,
5,
18,
0,
20,
20,
20,
20,
25,
20,
2,
25,
13,
17,
152,
20,
8,
0,
17,
20,
9,
3,
17,
17,
152,
20,
20,
20,
13,
0,
20,
20,
20,
0,
153,
153,
153,
153,
153,
153,
153,
153,
153,
153,
153,
0,
153,
153,
26,
26,
153,
153,
26,
24,
153,
153,
5,
153,
5,
153,
153,
12,
153,
153,
14,
9,56,
49,
147,
103,
184,
0,
0,
0,
0,
103,
0,
103,
103,
56,
8,
56,
0,
154,
181,
56,
103,
189,
100,20,
154,
154,
14,
14,
49,
9,
69,155,
1,
0,
10,
83,
5,
83,
147,
155,
155,
83,
83,
6,83,
83,
83,
108,
83,
0,
83,
1,
0,
3,
83,
83,
83,155,
4,
83,
83,
0,
0,
130,
3,
0,
56,
0,3,
0,
3,
3,
57,
3,
0,
178,
3,
196,
0,
3,
3,
3,
103,
178,
0,
0,
36,
0,
1,
175,
30,
1,
4,
1,
0,
155,
0,
57,
2,
5,
79,
1,
157,
157,
30,
30,
79,
30,
30,
157,
2,
0,
48,
8,
9,
1,
64,82,
5,
0,
64,
2,22,
64,82,
0,
0,
83,
83,
0,
64,82,
17,
3,
64,
69,
83,
18,
58,
1,
6,
1,
5,
73,
18,
43,
159,
5,
18,
18,
159,
86,
5,
18,
1,
18,
18,
18,
1,
18,
18,
18,
14,
160,
14,
14,
14,
14,
14,
160,
14,
160,
160,
14,
14,
14,
14,
26,
5,
160,
14,
14,
14,
14,
160,
160,
14,
14,
160,
14,
160,
14,
5,
102,
14,
5,
5,
26,
26,
5,
1,
102,
5,
64,
5,
49,
26,
26,
5,
5,
5,
26,
161,
26,
14,
1,
26,
26,
26,
5,
26,
162,
5,
10,
117,
5,
5,
43,
11,
5,
162,
162,
5,
71,
5,
5,
5,
162,
5,
162,
162,
11,
0,
43,
5,
10,
5,117,
5,
5,
1,
1,
5,
0,
49,
1,
14,
30,
0,
0,52,
52,30,
0,
14,
0,
15,
1,
147,
52,
57,
0,
35,
1,
0,
35,
3,
163,
0,
19,
1,
0,
0,
75,
43,64,
43,
43,
0,
1,
75,
75,
22,
43,
64,
43,
5,19,
43,
2,24,
4,
2,
0,
17,
2,
3,57,
2,
2,
2,
30,
2,
4,
54,
0,
2,
54,
0,2,
2,
2,
2,
18,
2,
2,
0,
2,
30,
22,
30,
30,
30,
22,
30,
22,
30,
2,
22,
22,
22,
22,
30,
2,
22,
11,
22,
30,
0,4,
30,
22,
22,
2,
52,
52,
0,
1,
167,
19,25,
11,
25,
25,
56,
25,
25,
56,
56,
56,
43,
25,
167,
25,
0,
56,
25,
25,43,
64,
56,
56,
92,
43,
0,
25,
0,25,
25,
25,
36,
25,
3,
1,
3,
25,
30,
3,
0,113,
25,55,36,
94,
3,
25,
168,
2,75,
30,
30,
1,
55,
1,
30,
3,
25,147,
25,
0,
3,
169,
5,
169,
169,
132,
169,
19,
41,
0,
169,
110,
75,
41,
41,
41,
169,
41,
169,
169,
41,
17,
41,
169,
0,
9,56,
0,
29,
76,
76,
2,
38,
0,
0,
170,
19,
60,
38,
2,
3,
2,
0,
10,
2,
0,19,
13,
0,
0,113,
2,
8,
0,
19,
0,
170,
0,
19,
0,
76,
5,
0,
5,
0,
0,
49,
0,
0,
5,
49,
25,
0,
5,
5,
26,
132,
5,
0,
5,
0,
5,
0,
0,
5,
0,
5,
56,
5,
19,
19,
0,
0,
0,
49,
0,
0,
60,76,
25,
0,
0,
0,
0,
0,
0,
60,
0,
19,
0,
0,
0,
19,
19,
0,
19,
0,
19,
130,
8,
5,
0,
130,
130,
52,
130,
130,
52,
6,
69,6,
160,
173,
123,
14,
8,
130,
0,
8,
130,
8,
130,
0,
8,
1,
174,
17,
0,
4,
18,
12,79,
7,
14,7,
83,
5,
79,
0,
5,
7,
0,
0,
5,18,
6,
174,
147,84,
174,
18,
5,
73,
56,
5,
12,
79,
43,
5,
0,
22,
5,
0,
57,
4,
5,
0,
5,
5,
5,
0,
5,
0,
4,
4,
5,
5,
0,
0,
14,
0,
2,
0,
2,
2,
92,
0,
0,
0,
25,
0,
3,
0,
0,
2,
0,
2,
176,
1,
196,
3,
0,
2,
178,
53,
0,
0,
53,
2,
196,
30,
30,
22,
78,
30,
30,
36,
22,
36,
2,
30,
2,
30,
30,
22,
22,
30,
36,
30,
30,
18,
30,
36,
2,
30,52,
30,
30,
5,
30,
30,
0,
178,
178,
178,
178,
178,
178,
3,
178,
1,
83,
178,
178,
178,
0,
14,
178,
178,
2,
56,
0,
177,
2,
0,
178,
5,
30,
2,
178,
178,
7,
56,
0,
52,
1,
2,
60,
39,
52,
39,
110,
31,
43,
60,
5,
43,
50,
30,
5,
43,
60,
0,
56,
7,
60,
36,
110,
75,
5,
3,
53,
2,
0,
177,
25,
101,
1,
30,
2,
2,
2,
53,
75,
2,
53,
3,
5,69,
53,
18,
75,
181,
14,
14,
14,
84,
181,
84,
84,
84,
14,
0,
14,
92,
14,
5,
14,
14,
14,
14,
14,
14,
84,
14,
0,
181,
84,
14,
14,
14,
36,
0,
182,
182,
55,36,
31,
2,36,
25,146,
55,
55,36,
2,
182,
25,146,
55,36,
182,
146,
55,36,
0,
92,
0,
55,
182,
30,
2,
2,
0,
2,
0,
36,
22,
184,
71,
22,
0,
2,
92,
36,
36,
119,
30,
36,
30,
30,
92,
2,
71,
0,36,
36,
36,
30,
36,
14,
184,
55,36,
122,
103,
184,
184,
184,
184,
184,
103,
0,
184,
14,
184,
184,
184,
184,
184,
184,
184,
14,
184,
49,
184,
103,
184,
184,
184,
184,
6,
134,
8,
56,
6,
8,
5,
8,
8,
30,
6,
6,
39,
2,
6,
8,
17,
3,8,
8,
9,
0,
8,
7,
5,6,
8,
0,
10,
0,
0,
0,
0,
0,
0,
0,
0,
0,
10,
0,
10,
0,
0,
65,
65,
1,
0,
0,
0,
0,
0,
0,9,
10,
5,
2,
8,
14,
6,
0,3,
178,
178,
5,
178,
6,
178,
147,
6,
178,
178,
178,
147,187,
178,
8,
30,
56,
0,3,
178,
0,
0,
19,
46,
0,
19,
0,
19,
0,
4,
0,
0,
12,
188,
0,
0,
19,
0,
20,
56,
56,
19,
19,
19,
19,
0,
0,
19,
0,
143,
92,
84,
22,
189,
52,
14,84,
33,
181,
5,
84,
143,
22,
22,
143,
27,
25,
5,
0,22,
14,
103,
1,
22,
84,
22,
84,
5,
34,
18,
84,
18,
18,
5,25,
84,
84,
19,
1,
49,
5,
14,
1,
0,
14,
18,
84,
18,
84,181,
22,
25,
75,
25,
49,
84,
84,
4,
11,
11,
39,
4,
11,
11,39,
5,
191,
33,
191,
11,
11,
191,
26,
11,
11,
39,
5,
26,
56,
191,
19,
19,
19,
153,
19,
17,
19,
153,
11,
19,
19,
19,
19,
21,
0,
1,
0,
0,19,
21,
19,
103,
21,
1,
5,
0,
64,
193,
64,
5,
5,
100,116,
5,
35,
35,
5,
193,
35,
0,
15,
64,
1,
64,
18,
15,
0,
35,
0,
18,
64,
18,
15,
15,
194,
30,
0,
14,
126,
26,
14,
14,
26,
14,
43,
14,
5,
26,
0,
30,
26,
34,
75,
26,
194,
26,
26,
26,
14,
14,
26,
35,
14,
3,130,
57,
83,
49,
57,
9,
3,
9,
160,
0,
83,
83,
83,
17,
14,
9,
9,
83,
1,
18,
2,
22,
0,
196,
5,
2,
2,
5,
1,
196,
2,
5,
1,
53,
196,
25,
196,
5,
2,
178,
1,
2,
18,
53,
18,
0,
196,
0,
0,
19,
14,
0,
0,
197,
0,
0,
0,25,
197,
0,
0,
2,
2,
25,
0,
0,
0,
0,49,
36,
2,
0,
0,
0,
0,
184,
0,
55,
0,
39,
5,
39,
58,
110,
13,
0,
10,
110,
13,
0,
39,
13,
0,
19,
0,
106,
10,
25,
19,
0,
0,
20,
0,
19,
13,
25,
3,
0,
0,
3,
3,
3,57,
3,
3,
3,
3,
199,
3,
71,
3,
3,
3,
0,9,
170,
57,
3,
0,
3,
0,
3,
0,
3,57,
1,57,
3,
0,
0,
0,
0,
0,
0,
25,
1,
100,20,
0,
0,
0,
0,
19,
0,
0,
0,
10,
0,
0,
0,
0,
76,
0,
25,
19,
0,
19,
1,
25,
0,
1,
1,
1,
1,
1,
35,
1,147,
19,
1,
1,
0,
1,
0,
25,
1,
1,
1,
1,
1,
1,
1,
1,
35,
25,
1,
1,
1,
0,
1,
30,
2,
0,
0,
2,
0,
55,
0,
0,
0,
25,
2,
2,
2,
0,
2,
40,
0,
0,
2,
2,
19,
0,
0,
0,2,
0,
0,
0,
0,
19,
0,
3,
0,
3,
94,
3,
3,
3,
3,
3,
3,
57,
3,
1,
0,
0,
3,
3,
3,
57,
3,
0,
3,
3,
3,
130,
3,
0,
0,
0,3,
3,
4,
0,
3,
147,
12,
1,
3,
8,
2,4,
57,
24,
0,
0,
3,
0,5,9,10,
0,
1,
1,
57,
4,
19,
1,
0,
0,
1,
0,
57,
4,
1,
5,
5,
132,
5,
43,
43,
5,
5,
0,
5,
132,
5,
5,
5,
5,
5,
1,
0,
2,
5,
5,
5,
64,
5,
5,
0,
5,
5,
5,
1,
43,
6,
0,
6,
30,
0,
52,
56,
5,
30,
2,
3,30,
57,
1,
0,
8,
6,
57,
6,
0,
6,
0,3,
0,
6,
17,
6,
8,
7,
5,
0,
30,
56,
6,
56,
7,
30,
30,
56,
56,
5,6,
30,
22,
7,
7,
5,
56,
73,
56,
6,
6,
30,
7,
0,
30,
30,
30,
56,
5,
7,
1,
7,
8,
5,
14,
8,
1,
8,
5,
14,
8,
8,
8,
57,
8,
5,
1,
8,
122,
8,
4,
8,
57,
4,
8,
5,
8,
8,
8,
8,
5,
8,
56,
1,83,
9,
0,
0,
9,
56,
56,
0,
39,
0,8,39,
85,
8,
11,
0,
0,
56,
9,
56,
0,
9,
9,
40,
56,
56,
0,
9,
9,
0,
56,
10,
10,
10,
10,
10,
10,
10,
10,
10,
10,
10,
10,
31,
10,
10,
10,
10,
10,
10,
10,
10,
10,
10,
10,
10,
10,
10,
10,
10,
10,
11,
11,
5,
11,
11,
5,
11,
11,
11,
11,
11,
5,
11,
11,
39,
11,
11,
11,
11,146,
11,
11,
11,
5,
11,
191,
18,22,
11,
11,
11,
11,
12,
5,
10,
14,
49,
12,
0,62,
0,
0,
0,
10,12,
14,
5,
17,
12,
10,
12,
5,
5,
10,
12,
0,
12,
10,
14,
14,
0,
10,
5,
12,
13,
85,
13,
198,
39,
150,
8,
13,
8,
39,
0,
13,
13,
25,
39,
25,
189,
5,8,
13,
0,
0,
0,
8,
39,
39,
13,
25,
13,
13,8,
13,
14,
14,
14,
14,
14,
14,
160,
122,
14,
14,
0,
14,
160,
14,
0,
14,
41,
14,
5,
56,
122,
34,160,
14,
160,
14,
49,
102,
0,
14,
49,
4,
20,
0,
9,
1,
31,
52,
15,
15,
52,
0,
15,
30,
15,
9,8,
100,20,
1,
100,20,
0,
15,
15,
1,
30,
9,15,
9,
35,
0,
4,
147,
1,
2,
30,
0,
5,
5,
2,
52,
3,
3,
36,
5,
2,
129,
5,
5,
36,
5,
36,
2,
0,
4,
157,
36,
0,
22,
0,
4,
5,
17,
17,
12,
17,
17,
17,
17,
17,
17,
17,
17,
17,
17,
17,
17,
17,
17,
17,
17,
17,
17,
17,
17,
5,
17,
17,
17,
17,
5,
5,
18,
5,
18,
64,
5,18,
5,
18,
18,
5,
64,
82,
43,
18,
5,
73,
18,
1,
43,
43,
30,
1,
18,
5,
18,
18,
18,
18,
18,
43,
18,
0,
19,
19,
19,
19,
84,
0,
20,
19,
19,
19,
19,
19,
46,
19,
19,
19,
19,
46,
56,
19,
19,
19,
46,
56,
19,
19,
13,
19,
19,
9,
9,
131,
20,
20,
9,
2,
20,
9,
20,
20,
20,
131,
9,
20,
20,
20,
20,
0,
9,
20,
9,
20,
9,
9,
9,
9,
20,
20,
9,
19,
19,
19,
20,
14,
0,
19,
49,
0,
0,
0,
0,
19,
0,
0,
19,
0,
21,
1,
0,
21,
19,
0,
20,
0,
19,
20,
25,
19,
96,
22,
23,
22,
22,
22,
2,
22,
5,
22,
30,
18,
22,
22,
30,
22,
22,
22,
22,
75,
22,
19,75,
82,
22,
30,22,
22,
22,
22,
22,
30,
22,
10,
6,
17,
0,
0,
2,
2,
38,
2,
17,
30,
10,
0,
2,
18,
10,
52,
31,
17,
30,
24,
38,
14,
17,
4,
24,
24,
10,
24,
10,
25,
0,
10,
0,
24,
26,
10,
24,
0,
10,
24,
4,
81,
26,
8,
6,
4,
10,
24,
24,
24,
0,
10,
24,
25,
25,
25,
25,
25,
25,
25,
25,
25,
11,146,
25,
25,
146,
25,
146,
25,
25,
25,
25,
25,
25,
146,
25,
25,
55,146,
25,92,
25,
25,
25,
25,
26,
26,
49,
26,
26,
26,
26,
26,
26,
26,
26,
26,
26,
26,
26,
26,
14,
5,
26,
0,
5,
14,
26,
26,
5,
26,
26,
26,
26,
26,
14,
14,
14,
40,
143,
40,
40,
102,
14,
14,
102,
40,
102,
14,
143,
14,
0,9,
102,
31,
102,
0,
102,
14,
102,
14,
14,
143,
0,
14,
1,
5,
5,
10,
8,
5,
2,
52,
8,
26,
24,
56,
22,
31,
6,
1,
24,
0,49,
30,
0,6,
52,
2,
0,
8,
5,
0,
24,
24,
5,
19,
0,
0,
19,
19,
153,
0,
5,63,
0,
19,
19,
19,
19,
0,
0,
19,
21,
19,
0,
19,
19,
46,
12,
19,
19,
19,
0,
19,
5,
0,
30,
30,52,
30,
52,
35,
129,
126,
30,
5,
30,
35,
30,
30,
52,
30,
119,
30,
52,30,
30,
30,
35,
119,
30,
52,
30,
30,
30,
30,
30,
30,
2,
31,
56,
8,73,
0,
31,
5,
30,
5,
5,
52,
31,
31,
182,
0,
52,118,
118,
31,
35,
1,5,
0,
130,
52,
52,30,
52,
31,
35,
0,
31,
9,
19,
0,
0,
19,75,
0,4,
0,
32,
32,
14,
0,
19,
19,
0,
19,
0,
19,
0,
19,
0,
19,
3,
0,
0,
19,
46,
22,
11,
33,
19,
2,
22,
5,
189,
11,
189,
0,
22,
22,
5,
143,
0,
11,
22,
22,
11,
22,
11,
73,
189,
22,
84,
189,
33,
11,
2,
5,
18,
18,
26,
14,
14,
18,
34,
160,
34,
5,
26,
5,26,
52,
14,
52,
18,
14,
5,
34,
14,
34,
34,
52,
49,
0,52,
52,
35,
34,
14,
35,
1,
35,
71,
30,
35,
0,
59,
0,
35,
30,
52,30,
1,
30,
35,
0,
35,
35,
35,
35,
35,
35,
1,
1,
35,
1,
118,
1,
30,
5,
2,
0,
22,
36,
2,22,
92,
0,36,
2,
2,
2,
145,
36,
36,
30,
36,
2,
0,
36,
0,
30,
36,
0,
30,
0,
30,
36,
22,
36,
36,
92,
5,
6,
5,
5,
6,
30,
5,
5,
5,
30,
5,
8,
5,
5,
5,
2,
0,
132,
26,
5,
5,
5,
1,
38,
2,
2,
38,
0,
38,
38,
2,
4,
38,
56,
2,
2,
38,
56,
170,
0,
80,
38,
38,
2,
38,
38,
38,
10,
38,
2,
38,
14,
38,
19,
39,
39,
11,
56,
39,
11,
39,
0,
22,
39,
39,
39,
39,
39,
11,39,
39,
39,
39,
39,
39,
39,
39,
39,
5,
39,
22,
39,
0,
39,
14,
102,
135,
102,
14,
40,
14,
14,
40,
14,
14,
102,
122,
14,
40,
40,
48,
14,
19,
14,
14,
14,
56,40,
5,
102,
5,
102,
56,
26,
14,
41,
130,
41,
30,
41,
41,
130,
41,
52,
41,
41,
41,
1,
41,
52,
41,
41,
0,145,
48,
31,
41,
41,
153,
41,
30,
35,
41,
14,
41,
41,
102,
102,
2,
102,
0,
40,
102,
4,
8,
9,
40,120,
49,
57,
0,
8,
31,
56,
56,
14,
102,
14,160,
130,
43,
1,
43,
43,
43,
64,
43,
43,
1,
117,
1,
1,
43,
1,
43,
1,
162,
1,
5,
43,
5,
162,
43,
162,
5,
43,
43,
43,
43,
43,
4,
0,
4,
11,
0,
4,
4,
8,
44,
4,
0,
1,
2,
3,
4,
4,
57,
4,
0,
0,
0,
0,
4,
19,
3,
1,
0,
4,
56,
11,
1,
1,
25,
1,
45,
1,
1,
4,
1,
0,
1,
1,
1,43,
25,
43,
1,
5,
1,
0,
1,
19,
1,
0,2,
1,
0,25,
1,
0,
19,
19,
39,
11,
20,
20,
20,
46,
20,
19,
19,
0,
19,
19,
0,
20,
0,
19,
0,
46,
2,
0,
11,
9,
0,
0,2,
19,
46,
13,
188,
1,
52,
35,
0,
5,
5,
26,
5,
5,
5,
14,
1,
43,
35,
47,
5,
5,
35,
54,
14,
34,
30,
35,
35,
34,
47,
18,
5,
14,
5,
48,
26,
48,
14,
48,
48,
48,
48,
48,
26,
48,
5,
7,
5,
48,
48,
48,
0,
26,
48,
48,
48,
79,
7,
79,
48,
48,
48,
14,
48,
49,
49,
14,
49,
0,
49,
49,
0,
49,
0,
56,
49,
49,
14,
49,
0,
14,
14,49,
49,
49,
49,
14,
14,
14,
14,49,
0,
49,
0,
49,
14,
2,
3,56,
71,
38,
30,
50,
56,
7,
56,
56,
7,
30,
30,
30,
50,
50,
56,
56,
56,
7,
30,
56,
2,
56,
1,
7,
50,
39,
7,
2,
5,6,
5,
2,
26,14,
5,
51,
1,
0,
0,
5,
25,
1,
5,
26,
8,
0,
0,
0,
0,
5,
3,
5,
0,
0,
59,
8,
35,
8,
30,
30,
30,
130,
69,
30,
30,
30,
30,
52,
52,
52,30,
52,
0,2,30,
1,
52,30,
30,52,
5,
52,30,
52,
52,30,
71,
30,
52,30,
22,
30,
52,30,
52,30,
30,
5,
0,
178,
3,
1,
53,
53,
53,
53,
2,
3,
178,
2,3,
178,
19,
55,36,
53,
178,
3,
3,53,
53,
3,
3,
2,
2,
178,
0,
2,
0,
3,
14,
2,
73,
73,
18,
5,
2,
18,
2,
2,
57,
2,
61,
64,73,
5,
0,
64,
2,
2,
71,
64,
2,
57,
2,
2,
2,
14,
64,
2,
2,
2,
55,
146,
55,
25,
55,
55,
55,
55,
25,
25,
55,
0,76,
25,
25,
2,
0,
25,
146,
25,
55,
25,
36,
55,36,
2,55,
182,
25,
146,
0,
2,
25,
56,
56,
56,
56,
66,
56,
0,49,
56,
56,
56,
56,
56,
66,
56,
56,
56,
104,
56,
0,
56,
0,
56,
56,
56,
0,
0,
66,
56,
56,
1,
57,
1,
57,
0,
0,
57,
3,
178,
57,
57,
3,57,
57,
0,
57,6,
57,
57,
57,
57,
3,
2,
130,
57,
57,
57,
57,
0,
57,
57,
178,
130,57,
58,
58,
58,
11,
58,
2,
58,
58,
5,
2,
11,
39,
31,
58,
2,
33,
58,
2,
58,
56,
2,
0,
39,
58,
14,
77,50,
58,
2,
58,
58,
19,
0,
49,
8,
3,
1,
4,
19,
0,19,
4,
30,
30,
9,
5,
59,
0,
4,
19,
59,
1,
0,
30,
178,
59,
35,
30,
5,
59,
35,
36,
60,
60,
60,
6,
60,
60,
60,
7,
60,
1,19,
60,
132,
60,
60,
0,
60,
60,
60,
60,
19,
76,
60,
60,
76,
0,
60,
60,
60,
19,
2,
162,
5,
5,
43,
61,
14,
14,
54,
61,
10,
14,
0,64,
10,
162,
14,
14,
61,
5,
26,
2,
10,
0,
10,
19,
54,
0,
5,
10,
99,
30,
14,
62,
5,
12,
99,
153,
41,
14,
25,
26,
14,
5,
62,
14,
0,
30,
2,
0,
62,
5,
62,
103,
5,
71,
19,
1,
24,
0,
10,
5,
5,
5,
5,
5,
26,
5,
49,
26,
5,
26,
0,
5,
55,176,
12,
12,
5,
26,
5,
5,
0,
0,
5,
5,
0,
63,
64,
43,
64,
64,
64,
5,
43,
43,
5,
30,
43,
5,
64,
5,
43,
43,
64,
5,
5,
5,
64,
5,
5,
64,
5,
64,
43,
5,
43,
43,
49,
60,
8,85,
9,
10,
9,
0,
8,
10,
10,
0,
41,
0,
10,
10,
0,
10,
10,
0,
110,
186,65,
19,
0,19,
10,
14,
19,
0,
10,
56,
1,
56,
56,
56,
56,
0,
56,
2,
66,
56,
56,
2,
0,
56,
56,
0,
56,
56,
0,
0,
0,
56,
56,
56,
0,
2,
0,
56,
66,
21,
0,
0,
19,
67,
0,
0,
49,
7,
8,
14,
48,
49,
0,
49,
75,
14,
49,
0,
0,
0,
67,
19,
48,
67,
19,
0,
0,
0,
17,
46,
26,
48,
10,
20,
68,
18,
48,
10,
0,
7,
14,
48,
0,
20,
112,
5,
68,
68,
1,
10,112,
20,100,
49,
68,
24,
0,
10,
112,
10,
20,
0,
74,
69,
0,
49,
0,
5,
155,
52,
69,
69,
2,
0,
8,
69,30,
0,
56,
5,
30,
5,
69,
0,
1,
5,
0,
2,
25,8,
8,
0,
14,
0,
53,
49,
0,
197,
0,
0,
3,
56,
2,
3,
0,
14,
0,
0,
3,
3,
3,
0,
3,
2,
2,
3,
0,
53,
0,
0,
0,
53,
71,
38,
2,
30,
36,
30,
2,
2,
30,
30,
30,
2,
2,
2,
71,
30,
92,
2,
2,
38,
2,
2,30,
2,
71,
71,
30,
71,
0,
0,
178,
5,
18,
5,
6,
57,
5,
18,
5,
8,
5,
160,
5,
6,
26,
30,
5,
5,
14,
133,
56,
73,
73,
2,
73,
73,
9,
73,
73,
73,
73,
73,
73,
73,
73,
73,
73,
20,73,
73,
0,
73,
25,
0,1,
73,
73,
73,
1,
73,
0,
73,
0,
20,
13,
20,
13,
20,
69,
0,
69,
25,
0,
25,
74,
2,
39,
6,
167,
5,
69,
39,
20,
52,30,
0,
74,
25,
2,
88,
74,
8,
74,
0,
19,
75,
75,
4,
75,
5,18,
75,
0,
19,
75,
75,
2,
19,
75,
2,
19,
75,
75,
75,
75,
75,
75,
75,
75,
19,
75,
19,
22,75,
19,
19,
76,
20,
76,
9,
60,
25,8,85,
0,
0,
60,
0,
19,
0,
19,
13,
39,
60,
20,
13,
19,
0,
19,
19,
0,
76,
76,
60,
13,
60,
19,
77,50,
58,
50,77,
39,
25,
50,
58,
58,
50,
77,50,
130,
39,
5,
50,
170,
7,
50,
41,
77,50,
58,
14,181,
2,
60,
50,
50,77,
56,30,
3,
50,
5,
110,
30,
36,
2,
30,
30,
30,
5,30,
14,
1,
1,
14,
22,
30,
0,
78,
36,
52,
30,
30,
48,
0,2,
2,
116,
30,
30,
3,
79,
0,1,
0,
5,
7,
1,
147,
79,
7,
79,
7,
5,
79,
174,
5,18,
48,
79,
7,
5,
0,
79,
5,
7,
5,
18,
5,
7,
79,
5,
147,
10,
1,
0,
1,
25,
0,
1,
0,1,
80,
19,
80,
3,
38,10,
0,
1,
80,
0,
9,
1,
1,
9,
25,
38,
1,
38,
9,
38,
20,
1,
26,
14,
0,
14,
0,
0,
2,
0,
14,
0,
81,
2,
100,20,
0,
2,
2,
0,
0,
26,
81,
49,
14,
81,160,
81,
2,
81,
0,
2,
2,
25,
43,
64,
1,18,22,
64,
35,
75,
64,
64,
18,
64,82,
43,
0,
83,
64,82,
43,
82,64,
64,
43,64,
64,82,
71,
5,
18,
75,
43,
5,
0,
0,
0,
1,
64,82,
14,
17,
83,
83,
83,
83,
83,
24,
9,
17,
83,
140,
83,
83,
83,
83,
83,
9,
83,
83,
17,
83,
4,
83,
83,
3,
83,
83,
83,
83,
5,
0,
84,
84,
84,
0,
84,
19,
0,
147,
84,
0,
0,
84,
84,
25,
84,
84,
14,
25,
19,
84,
25,
14,
84,181,
84,
184,
0,
84,
14,
0,
14,
8,
0,
14,154,
9,
9,
8,
0,
103,
27,
0,
9,
14,
8,
85,
14,
0,
0,
0,
0,
154,
5,
1,
0,
85,
154,
85,
19,
100,
86,
0,
1,
86,
56,
41,
1,
1,
2,
41,
35,
1,
1,
1,
1,
86,
35,
52,
1,
44,
30,
41,
41,
41,
5,
5,
31,
86,
1,
41,
14,
14,
0,
14,
0,
0,
14,
2,
0,
1,
0,
14,
14,
0,
1,
0,
0,
0,
0,
196,
56,
14,
0,
0,
49,
0,
14,
0,
0,
14,
30,
30,
2,
2,
30,
36,
30,
0,36,
88,
0,25,
25,
36,
92,
25,55,
2,
88,
30,
25,
19,
2,
20,
25,
25,
36,
30,
30,
30,
25,55,
30,
89,
1,
25,
25,
25,
25,
25,
2,92,
1,
89,
5,
25,
178,
25,
10,
1,
25,
1,
25,
0,
25,
0,
24,
25,
0,
25,
0,
4,
146,
10,
10,
31,
52,
31,
10,
10,
10,
31,
10,
5,
90,10,
10,
31,
0,
10,
31,
10,
31,
52,
56,
10,
56,
5,10,
52,
31,
31,
10,
118,
30,
30,
5,
56,
30,
43,
30,
5,
8,
56,
60,
6,73,
7,
0,
30,
56,
22,
0,
50,
56,
56,
1,
7,
1,7,
5,
91,
0,
56,
5,
30,
92,
92,
25,
0,
92,
2,
25,
25,
25,
25,
92,
92,
2,
14,
14,
92,
0,
2,
25,
0,
2,
0,
92,
2,
92,
0,
92,
2,
0,
92,
26,
53,
49,
0,
56,
0,5,
56,
104,
3,
5,
66,
26,
56,
5,
56,
56,
26,
0,
3,
2,
1,
94,
2,
36,
30,
94,
30,
25,
3,
92,
25,
5,18,
147,
57,
147,
3,
94,
3,
130,
141,
2,25,
3,
25,
25,146,
6,
25,
25,
2,
0,
160,
81,
0,
20,
1,26,
4,
100,
4,
160,
15,
0,
0,
100,116,
95,
49,
43,
0,
2,
100,20,
2,
49,
19,
18,
0,
160,
43,
8,
96,
5,
5,
6,132,
17,
39,
9,
17,
96,
0,20,
20,
8,
96,
17,
20,
96,
8,
5,
96,
17,
19,
17,
0,
0,
17,
0,
17,
8,
22,
146,
0,
11,
39,
146,
0,
146,
49,
11,
0,
4,
11,
11,
146,
146,
11,
0,
0,
2,
0,
25,
0,
25,
33,
39,
19,
0,
0,
11,146,
34,
80,
2,
6,
1,
1,
0,
35,
0,
98,
1,
80,
80,
74,
1,
1,
2,
35,
9,
80,
1,
52,
0,
0,
2,
41,
30,
1,
99,
71,
36,
184,
124,
41,
35,30,
30,
30,
2,
35,
99,
0,
1,
99,
99,
99,
30,
35,
126,
41,
14,
99,
0,
0,
4,
0,
20,
20,
20,
20,
10,
0,
20,
20,
0,
20,
0,
0,
0,
100,20,
20,100,
20,
10,
2,
0,
13,
100,
2,
19,
0,
2,20,
10,
30,
74,
20,
18,
2,
18,
75,
75,
75,
75,
20,
152,
69,
69,
75,
102,
102,
102,
14,
56,
102,
103,
102,
102,
102,
102,
102,
46,
102,
102,
102,
102,
102,
102,
102,
9,
102,
102,
14,
14,
56,
102,
14,
83,
102,
103,
103,
103,
103,
46,
0,
14,184,
103,184,
0,
103,
14,
103,
103,
181,
19,
92,
0,
103,
19,
103,
0,
103,
103,
0,
46,
103,
103,
103,
14,
92,
26,
0,
5,
0,
1,
104,
5,
20,
26,
1,
0,
104,
56,104,
104,
5,
20,
56,
26,
56,
104,
104,
26,
5,
0,
56,
20,
14,
0,
0,
60,
50,
56,
77,
36,
14,34,
30,
60,
5,
60,
110,
7,
10,
38,
110,
35,
10,
10,
7,
5,
39,
0,
39,
39,
39,
39,
13,
20,
12,
0,
12,
49,
13,
25,
0,
0,
39,
106,
25,
39,106,
106,
24,
0,
19,
39,
0,
11,
5,
84,
84,
2,
84,
5,
2,
2,
2,
5,
84,
84,
0,
5,
84,
84,
92,
147,
0,
0,
14,
153,
0,
5,
92,
84,
84,
84,
84,
12,
0,
83,
0,
0,5,
108,
0,
17,
12,
153,
108,
1,
3,
0,
140,
0,
122,
10,
14,
5,
0,
12,
3,
3,
3,
12,
153,
108,
64,82,
1,
34,
2,
4,
34,
82,
109,
2,
35,
18,
26,
0,
18,
64,
0,
124,
5,
5,
0,
4,
18,
18,
30,
5,
110,
0,
110,
14,
10,
50,
110,
73,
58,
110,
110,
110,
13,
8,
58,
0,
58,
0,
110,
0,
110,
110,
8,
60,
110,
110,
5,
110,
38,
1,
0,
1,
30,
1,64,
26,
196,
5,
24,
43,
25,
25,
3,
5,100,20,
18,
5,
4,
25,
0,
1,
18,111,
26,
1,
1,
24,
3,
19,
20,
11,
21,
20,
112,
9,
0,
10,
85,
20,
56,
20,
20,
68,
56,
20,
9,
20,
20,
20,
20,
20,
20,
19,
20,
20,
112,
112,
20,
2,
56,
0,
0,
0,
0,
4,
4,
0,
0,
0,
0,
0,
0,
92,
113,
0,
2,
4,
0,
0,
0,
0,
0,
0,
0,
2,
2,
25,92,
3,
19,
0,
48,
84,
5,
19,
5,
48,
122,
19,
5,
0,
26,
0,
0,
9,
151,
14,
75,
0,
0,
14,
5,
5,
0,
84,
19,
48,
18,
18,
5,43,
115,
10,
56,
115,
0,
20,
18,
56,
1,
56,
5,
10,
7,
18,
56,
49,
22,
56,
56,
68,
56,
73,
0,
18,
1,17,73,
0,
18,
0,
0,
14,
100,20,116,
116,
100,
160,
116,100,
14,
100,20,116,
20,
100,20,
18,
20,
100,20,
20,
15,
100,20,
6,
2,
25,
100,20,116,
9,116,
15,
100,20,
100,
5,
0,2,
100,116,
100,20,
46,
43,
162,
2,
19,
0,
69,
11,
19,
19,
19,
25,
43,
69,
19,
0,
117,
43,
75,
39,
69,
31,
1,
55,
0,
1,19,
2,
5,
1,
118,
118,
0,
5,
5,
5,
5,
160,
15,
31,
100,
160,
8,
100,
31,
15,
31,
160,
160,
8,
0,
1,
30,
119,
35,
178,
75,119,
30,
119,
119,
1,
75,
36,
30,
1,
30,
30,
75,
178,
2,
119,
30,
0,1,
30,
30,
0,
119,
0,
30,
30,
85,
9,14,8,
154,
14,
14,
14,
14,
85,
14,
56,
14,
14,
8,
14,
49,
14,
14,
120,
14,
139,
14,
26,
10,
65,
14,
14,
14,
85,
14,
120,
121,
121,
25,
0,38,
0,
0,143,
14,
14,
38,
14,
56,
14,
14,
71,
121,
121,
10,
160,
38,
121,
0,
0,
14,
145,
14,
14,
75,
41,
122,
26,
14,
122,
122,
26,
14,
14,
122,
122,
122,
122,
14,
122,
5,26,
14,
122,
122,
145,
14,
14,
26,
14,
3,
0,1,
0,
57,
130,
43,
0,
5,
35,
5,
130,
3,
0,
3,
57,
57,
0,
0,
123,
1,
0,
0,
0,
57,
0,
4,
3,130,
2,
124,
99,
124,
124,
35,
124,
99,
124,
2,
124,
124,
124,
2,
52,30,
99,
0,
71,
2,
0,
2,
2,
124,
99,
71,
2,
71,
124,
125,
14,
0,
0,
19,
14,
125,
14,
19,
14,
125,
0,
125,
14,125,
5,
14,
14,
0,
122,
14,
14,
14,
0,
0,
56,
125,
125,
14,
1,52,
5,
5,
30,
1,43,
126,
30,
30,
43,
30,
126,
35,
1,
52,
126,
30,71,
30,
35,
126,
30,
30,
1,
1,
126,
5,
30,
43,
35,
2,
1,52,
5,
5,
127,
3,
5,
153,
5,
5,
5,
0,
49,
5,
0,
18,
127,
43,
0,
5,
0,
153,
5,
5,
5,
3,
5,
5,
5,
0,
5,
5,
160,
14,
14,
14,
14,
160,
14,
160,
0,
14,
160,
14,
1,
2,
14,
3,
14,
14,
14,
2,
160,
184,
160,
14,
160,
14,
14,
30,
2,
30,
129,
0,
22,
30,
30,
30,
30,
22,
22,
2,
22,
30,
0,
5,
129,
2,
129,
5,
30,
30,
129,
0,
30,
1,
22,
5,
22,
0,
130,
130,
1,
130,
69,31,
130,
130,
130,
56,
0,
130,
130,
130,
0,
130,
130,
130,
130,
130,
130,
130,
130,
130,
57,
130,
5,
130,
130,
49,
2,
120,
20,
20,
0,
20,
69,
2,
56,
20,
20,
2,
8,
0,
40,
8,
20,
20,
56,
20,
5,
56,
20,
69,
0,
9,
132,30,
132,
132,
52,
132,
30,
1,
132,
132,
132,
132,
132,
132,
19,
132,
132,
30,
30,
132,
132,
132,
132,
132,
132,
21,
30,
75,
6,132,
30,
132,
5,
5,
5,
133,
5,
5,
132,
133,
5,
45,
5,
5,
0,
0,5,
0,
133,
5,
132,
5,
133,
5,
5,
5,
5,
52,
5,
132,
133,
133,
104,
1,
10,
104,
5,
9,
5,
56,
20,
18,
104,
56,
5,
0,52,
10,104,
20,
10,
26,
134,
20,
10,56,
0,
31,
31,
20,
40,
102,
14,
14,
14,
14,
14,
40,
27,
40,
135,
102,
31,
14,
14,
0,
14,
14,
5,
10,
0,
5,64,
2,
136,
54,
18,
2,
2,
2,
2,
2,
5,
2,
2,
73,
5,
92,
2,
2,
0,
5,
5,
0,
1,
19,
48,
0,
14,
0,
0,
0,
5,
1,
48,
14,
14,
0,14,
7,
49,
48,
0,
132,
14,
0,
48,
0,
14,
5,
26,
129,
30,
129,
1,
30,129,
129,
129,
30,
30,
138,
30,
1,
129,
30,
1,
30,
129,
30,
138,
0,
129,
30,
129,
30,
129,
0,
30,
1,
22,
1,
0,
2,
0,
3,
178,
3,
139,
139,
53,
0,
2,
53,
49,
139,
0,
0,
139,
2,53,
53,
53,
53,
139,
139,
14,
0,
2,
139,
2,
139,
53,
83,
83,
83,
0,
0,
140,
153,
49,
83,
108,
140,
83,
122,
57,
12,153,
140,
83,
83,17,
17,
140,
122,
83,
140,
140,
5,140,
3,
140,
0,
122,
140,
1,5,
25,
0,1,
1,
30,
1,
36,
56,
1,25,
35,
5,
25,
1,
1,
0,
5,
43,
1,
0,
1,
94,
1,
25,
1,
1,
1,
0,
0,1,
30,
30,
142,
60,
0,
152,
0,
60,
60,
22,
5,
7,11,
36,
76,
60,
20,
19,
0,
5,
31,
52,
60,
20,
6,
49,
14,
14,
14,
14,
1,
1,
14,
160,
143,
56,
1,
143,
0,5,
1,
143,
143,
14,
14,
160,
14,
14,
14,
160,
48,
14,
1,
14,
154,
102,
8,
20,
56,
1,
30,
30,
5,
5,
0,
2,
49,
0,
2,
122,
2,
2,
14,
0,14,
0,
7,
3,
56,
2,
14,
2,
0,
14,
14,
92,
75,
2,
92,
122,
14,
2,43,
11,
11,
2,
2,
11,
146,
11,146,
33,
11,146,
189,
2,
39,
11,
0,
11,
39,
11,
25,
0,
146,
2,
9,
191,
11,
25,
2,
11,
2,
84,
147,
84,
1,147,
0,
84,
84,
147,
84,
84,
147,
84,
147,
84,
84,
147,
147,
1,
84,
84,
147,
84,
84,
147,
147,
0,
84,
147,
84,
147,
11,146,
30,
8,
8,85,
5,132,
8,
0,
25,
39,
13,
25,
39,
52,
25,
39,
25,
20,
13,
39,
25,
5,
19,
0,
1,
0,5,30,
2,
1,
24,
24,
5,
2,
149,
5,
24,
5,
0,
8,
10,
19,
24,
24,
149,
24,
5,
10,
6,
0,
24,
5,
149,
24,
10,
5,
0,
39,
18,
0,
150,
100,
8,
18,
18,
73,
18,
150,
25,
18,
39,
18,
116,
18,
150,
5,
5,43,
18,
5,
25,
100,116,20,
0,
25,
13,
8,
18,
84,
151,
5,25,
92,
0,
14,
19,
147,
181,
14,
19,
18,
147,
5,
84,
85,
84,
0,
147,
0,
84,
19,
14,151,
5,
48,
0,
84,
19,
84,
84,
17,
17,
8,
96,
20,
5,
0,
20,
17,
0,
12,
20,
0,
20,
20,17,
20,
13,6,
17,
96,
9,
20,
20,
20,
96,
20,
17,
152,
20,
20,
153,
153,
153,
153,
153,
26,
153,
153,
153,
0,
153,
153,
153,
153,
26,
153,
153,
153,
153,
153,
14,49,
153,
26,
153,
49,
153,
26,
10,
153,
153,
2,
14,
9,
19,
0,
0,
0,9,
154,
154,
154,
184,
0,
0,
103,
20,
103,
154,
39,
103,
0,
9,
8,
9,
19,
103,
14,
20,
56,
0,9,
56,
100,20,
83,
0,
83,
56,
0,
0,
83,
155,
0,2,8,
83,
0,
0,
3,
83,
0,
0,
0,
2,
83,
1,
0,
155,
0,
0,
83,
83,
4,
0,
4,
108,
3,
3,
0,
0,
3,53,
53,
3,
53,
57,
53,
178,
3,
52,
3,
53,
3,
3,
3,
2,
0,
56,
0,
0,
2,
9,
3,
2,
5,
4,
129,
157,
0,
129,
0,
0,
5,
48,
0,
0,
102,48,
157,
1,
7,
4,
30,
1,
0,
48,
0,4,
0,5,9,
1,
157,
157,
0,
0,
0,
83,
83,
49,
73,
64,
4,
0,
82,
83,
9,
5,64,
5,
83,
9,
83,
75,
64,
18,
0,
83,
64,82,
2,
83,
64,82,
18,
18,
18,
1,
110,
18,
18,
18,
22,
39,110,
5,
18,
75,
1,
1,
0,18,
159,
110,
110,
14,
160,
160,
14,
14,
14,
160,
14,
14,
160,
160,
14,
14,
160,
14,
14,
14,
160,
160,
14,
160,
160,
160,
14,
14,
160,
160,
14,
14,
14,
5,
18,
64,
40,
0,
14,
102,
34,
1,
34,
14,
34,
5,
26,
14,
30,
11,
26,
5,
5,
26,
26,
26,
26,
5,
5,
14,
135,
0,
5,
5,162,
5,
162,
162,
162,
162,
43,
43,
5,
43,
26,
0,
162,
162,
0,2,
43,
117,
162,
10,
5,
5,162,
61,
162,
5,
5,
5,
162,
4,
35,
0,
24,
0,
163,
1,
0,
35,
4,
19,
4,
30,
1,
35,
0,
0,
1,
35,
14,102,
52,
0,
5,
1,
75,
19,
43,
25,
19,
19,
22,
75,
0,
75,
22,
43,
75,
1,
19,
0,
19,
75,
2,
2,
5,
5,
0,
2,
2,
2,
113,
0,14,
73,
49,
178,
113,
2,
2,
2,
2,
0,
2,
0,
0,
2,
64,
2,
73,
3,
22,
1,
30,
30,
5,
33,
36,
22,
30,
30,
5,
30,
30,
30,
30,
0,5,
33,
30,
22,
22,
5,
22,
30,
36,
30,
56,
25,
0,
25,
0,
25,
0,56,
11,146,
92,
56,
56,
43,
25,
167,
5,
56,
0,
25,
11,
25,
0,
25,
25,
0,
25,
0,
146,
43,
71,
49,
30,
94,
1,
25,
1,
25,
0,
147,
11,
0,
0,
30,
25,
0,
25,
30,
0,
0,
0,
1,
25,
1,
30,
25,
94,
25,
30,
1,30,
25,
0,
169,
20,
96,
41,
62,
169,
169,
169,
19,
153,
19,
13,
169,
169,
169,
19,
41,
169,
169,
169,
169,
169,
10,
132,
110,
43,
31,
17,
17,
76,
2,
76,
0,
2,
19,
57,
0,
0,
9,
0,
10,
76,170,
170,
57,
3,
19,
0,
76,
49,
170,
13,
0,
0,
19,
13,
0,
0,
76,
5,
0,
0,
43,
5,
14,
25,
5,
0,
5,
5,
0,
132,
56,
0,
0,
25,
49,
0,
5,
132,
5,
0,
132,
0,
25,
0,
13,
0,
2,
0,49,
0,
0,
0,
0,
25,
19,
0,
0,
0,
0,
0,
0,
56,
76,
0,
0,
0,
0,
0,
0,
0,
49,
130,
0,
8,
130,
130,
130,
5,
130,
6,
5,
3,
8,
8,
8,
52,
31,
3,
130,
8,
8,
130,
123,
1,
5,
130,
130,
5,
5,
7,
4,
5,
56,
11,
102,
5,
7,
0,5,
0,
1,
5,
1,
5,
7,
4,
56,
174,
5,
5,
79,
5,
79,
174,
7,
5,
5,
5,
0,
0,5,
4,57,
48,
0,
5,
3,
0,3,
0,
5,
4,
5,
49,
0,
0,
3,
0,
3,
5,
1,
10,
0,
3,
5,
1,
0,
5,
5,
57,
5,
2,
0,
2,
0,
3,
0,
2,
19,
3,
0,
3,
0,
0,
2,
0,
0,
0,
2,
3,
2,
18,
2,
0,
2,
3,
5,
196,
3,
0,
22,
30,
22,
22,
5,
22,
30,
2,71,
30,
18,
30,
5,
22,
30,
22,
30,
36,
18,
2,
30,
36,
30,
22,
22,
30,
2,36,
30,
78,
147,178,
5,
178,
3,
2,
2,
178,
178,
9,
6,
178,
178,
178,
30,
0,
178,
2,
0,
178,
178,
178,
1,
178,
178,
0,
178,
178,
178,
178,
178,
5,
2,
18,
5,
52,
91,
10,
5,
0,
60,
7,
118,
30,
43,
110,
50,
0,
30,
5,
1,
60,
60,
91,60,
99,
2,
60,
30,
53,
53,
0,
19,
22,
196,
22,
0,
155,
75,
3,
74,
0,
25,
2,
177,
53,
14,
14,
181,
14,
84,181,
14,
84,
14,
55,
181,
19,
14,
25,
14,
84,
84,
14,
14,
14,
14,
184,
14,
14,
184,
14,
14,
14,
14,
84,
84,
55,36,146,
182,
55,
182,
11,
146,
55,
22,
182,
182,
30,
182,
55,36,
14,
55,36,
30,
182,
52,36,
182,
55,36,
8,
146,
0,
30,
36,
56,
2,
2,
30,
55,36,
30,
71,
0,
36,
71,
2,
2,
25,
2,
30,
36,
2,
30,
55,36,
7,
36,
0,73,
22,
36,
30,
22,
184,
184,
184,
184,
184,
184,
184,
184,
184,
184,
184,
184,
14,
0,
55,36,
184,
55,
184,
184,
184,
154,
184,
184,
184,
184,
184,
14,
14,
184,
55,
2,
2,
6,
85,
8,
8,
6,
6,
0,
0,
52,
6,
56,
8,
5,
8,
30,
8,
30,
17,
5,
6,7,
56,
1,
6,
8,
1,
0,
10,
0,
186,65,
0,
14,
49,
0,
56,
10,
0,
0,
0,
76,
10,
10,
0,
0,
2,24,
10,
0,
0,
14,
10,
10,
0,
56,
178,
48,
178,
178,
147,
178,
6,8,
8,
6,
178,
6,
178,
8,
2,
2,
0,
2,
84,
178,
178,
8,
178,
18,
6,
33,
19,
4,188,
147,
0,
19,
0,
4,
19,
19,
8,
19,
19,
0,
103,
0,
19,
0,
19,25,
19,
19,
4,
1,
0,
0,
19,
4,
19,
92,
14,
84,
143,
189,
84,
147,
22,
64,
189,
39,
2,
2,
22,
5,
0,11,
22,
189,
143,
14,
11,
2,
2,
14,
143,
189,
189,
189,
0,
143,
84,
18,
5,
18,
34,
1,
5,
84,
147,
147,
14,
84,
25,
84,
84,
84,
26,
147,
43,
18,
5,
18,
18,
79,
2,
43,
5,
0,
5,
11,
4,
39,
0,
11,
44,
10,
39,
11,
191,
11,
11,
39,
44,
11,
11,
153,
0,
0,
0,
0,
0,
153,
0,
21,
0,
0,
153,
0,
9,
0,
0,
0,
19,
0,
0,
19,
1,
64,
73,
64,
73,
35,
18,
35,
193,
20,
35,
1,
64,
73,
18,
35,
64,82,
64,
1,
52,
4,
64,
0,
5,
15,
43,
15,
14,
64,
8,
5,
35,
26,
43,
35,
26,
26,
122,
30,
126,
26,
14,
5,
26,
26,
14,
43,
126,
26,
1,
35,
30,
26,
5,
14,
14,
14,
43,
26,
57,
14,
57,
14,
14,
4,
83,
3,
3,
14,
3,
3,
0,
83,
83,
3,
83,
57,
83,
83,
18,
53,
0,
53,
0,
147,
2,
0,
196,
18,
18,
5,
196,
3,
196,
0,
147,
18,
18,
18,
1,
1,
2,
196,
53,
0,25,
196,
3,
184,
56,
2,
0,
0,2,
0,
2,
0,
0,
2,
0,
55,
55,
0,
0,
0,
0,
25,
0,
55,
81,
0,
2,
0,
0,
0,
0,
20,
0,
0,
10,
10,
39,
110,
0,
19,
146,
9,
8,
19,
0,
0,
13,
14,
13,
19,
0,
10,
25,
13,
14,
65,
19,
19,
19,
199,
3,
0,
3,
3,
57,
57,
0,
3,
0,
3,
3,
3,
3,
3,
0,
2,
0,
1,
3,
3,
3,
3,
2,
3,
3,
57,
0,
