6,
4,
4,
4,
4,158,
97,
97,
4,
4,
4,
0,
15,
0,
0,
4,
10,
4,
6,
4,
10,
9,65,
4,
4,158,
4,
4,
4,
97,
4,
4,
97,
34,
30,
4,
1,
1,
4,
1,
4,
1,
4,158,
4,
165,
4,158,
4,
4,
95,
8,
4,
31,
1,
30,
4,
1,
1,
4,
4,158,
4,
9,
8,
4,
6,
2,
6,
6,
6,
97,
19,
20,
6,
20,
6,
9,
11,
22,
22,
97,
165,
6,
9,
2,
9,
6,
6,
6,
11,
6,
6,
6,
6,
6,
156,
3,
3,
3,
3,
3,
3,
3,
3,
4,158,
3,
3,
6,
38,
3,
3,
3,
3,
107,
3,
3,
165,
165,
3,
3,
3,
3,
3,
3,
3,
4,158,
4,
6,
165,
0,
4,158,
4,158,
4,158,
4,
0,
11,
4,158,
4,158,
4,158,
4,158,
4,
165,
4,158,
6,
165,
4,
4,158,
4,
4,158,
4,
4,
6,
4,
4,158,
11,
5,
18,
14,
5,
4,
6,
6,
5,
6,
14,
11,
5,
5,
5,
5,
4,
5,
5,
14,
6,
5,
6,
6,
5,
5,
4,
4,
4,
5,
5,
30,
9,
9,
9,
10,
4,
6,
30,
4,
30,
30,
30,
31,
9,
6,
30,
30,
65,
9,
9,
30,
9,
6,
6,
6,
6,
4,
31,
6,
6,
31,
31,
31,38,
7,
31,
31,
31,
9,
11,
38,
7,
38,
31,
7,
6,
31,
9,
31,
31,
7,
31,
9,
30,
9,
7,
7,
31,
9,
9,
41,
4,
8,
8,
8,
8,
31,
8,
11,
8,
13,
6,
9,
8,
8,
8,
0,
11,
4,158,
8,
6,
31,
6,
8,
10,
8,
19,
31,
8,
4,158,
9,
13,65,
65,
65,
11,
10,
65,
10,
10,
9,
65,
10,
9,
6,
4,158,
65,
9,
8,
4,
4,
9,
11,
15,
10,
0,
10,
4,
8,
9,
4,158,
19,
10,
10,
10,
10,
10,
10,
186,
10,
10,
10,
10,
4,158,
186,
65,
10,
65,
10,
10,
68,
10,
10,
65,
10,
14,
10,
10,
10,
10,
10,
10,
4,
65,
13,
13,
9,
11,
11,
6,
11,
6,
6,
5,
6,
65,
13,
11,
11,
6,
11,
0,
6,177,
11,
11,
6,
11,
11,
11,
6,
11,
11,
12,
12,
3,
6,
3,
12,
12,
12,
12,
12,
3,12,
3,
12,
12,
3,
12,
4,12,
12,
4,
195,
3,
6,
195,
65,
3,
12,
12,
3,
3,12,
3,
11,
4,
13,
19,
10,
11,
152,
84,
13,
13,
76,
152,
11,
13,
13,
76,
13,
13,
11,
84,
152,
11,
0,
74,
76,
13,
4,
6,
13,
76,
97,
14,97,
14,97,
14,97,
8,
4,
4,
14,97,
14,97,
14,97,
181,
10,
6,
14,97,
97,
14,97,
14,97,
14,97,
8,
14,97,
14,
4,
14,97,
120,
181,
14,97,
14,97,
14,97,
4,
14,
10,
4,
31,
10,
9,13,
165,
13,
4,65,
15,
9,
31,
4,9,
4,158,
6,
10,
9,
10,
38,
15,
41,
15,
163,
31,38,
65,
4,158,
15,
4,
4,
41,
6,
6,30,
4,158,
6,
6,
9,
22,
16,
4,158,
35,
51,
18,
30,
36,
22,
6,
18,
22,
16,
4,158,
4,158,
6,
6,
20,
9,
20,
11,
20,
20,
9,
9,
10,
4,158,
20,
9,
6,
9,
11,
20,
9,
156,
20,
20,
9,
20,
30,
10,
20,
20,
6,
4,158,
20,
11,
18,
30,
34,
34,
158,
4,
4,158,
34,
18,
30,
34,
34,
34,
30,
34,
34,
18,
18,
4,158,
18,
30,
18,
18,
18,
34,
30,
34,
1,
30,
13,84,
0,
65,
41,
0,
0,
0,
76,
19,
0,
0,
13,
0,
0,
0,
19,
4,
0,
0,
0,
19,
21,
0,
19,
13,
0,
0,
0,
0,
19,
20,
152,
0,
20,
13,
152,
20,
0,
20,
20,
20,
20,
20,
10,
152,
20,
20,
0,
20,
13,
13,
152,
0,
21,
19,
20,
152,
20,
0,
0,
21,
0,
21,
65,
4,
0,
19,
21,
0,
10,
0,
19,
11,
0,
21,
21,
6,
0,
0,
9,
21,
21,
65,
13,
0,
4,
21,
0,
11,
10,
22,
22,
30,
19,
22,
30,
22,
177,
30,34,
31,164,
60,
34,
22,
164,
177,
36,
94,
31,164,
30,
166,
30,
30,
164,
22,
122,
9,
31,164,
164,
177,
30,
10,
10,
61,
10,
9,
10,
31,
4,158,
14,
10,
34,
30,
10,
10,
10,
10,
14,
23,
9,
0,
6,
31,
30,
9,
6,
24,
0,
10,
4,
24,
13,
14,
4,24,
13,
10,
24,
24,
4,
97,
53,
10,
10,
4,
51,
24,
4,24,158,
24,
24,
24,
13,
24,
24,
4,
24,
8,
16,
11,
62,
11,
4,6,51,
4,6,51,
4,6,51,
22,62,
6,
1,
25,
22,62,
107,
11,
16,
4,
1,
6,
25,
6,
4,
16,
11,
51,
6,
97,
6,
38,
16,
25,
8,
4,
14,
4,
6,
8,
14,15,
14,
4,
14,
37,
6,
6,
0,
26,
37,
4,
26,
14,
14,
8,
8,
8,
14,
8,
0,
0,26,
70,
6,
8,
4,
4,
14,
97,
14,97,
14,
14,
14,97,
8,
4,
14,97,
14,97,
8,
10,
14,
14,
14,
14,
10,
4,158,
14,
14,
8,
8,
13,
4,
14,
8,
9,
6,
11,
10,
37,
6,
6,
38,
13,
10,
4,
10,
31,
11,
6,
30,
6,
10,
9,
6,
65,
6,
10,
31,
9,
38,
31,
15,
5,177,
4,
4,
29,
21,
97,
0,
65,
21,
10,
29,
19,
21,
9,
0,
21,
10,
29,
0,
21,
21,
19,114,
21,
29,
29,
21,
9,
29,
29,
29,
0,
29,
21,
30,
30,
38,
30,
30,
30,
30,
30,
31,
38,
30,
31,
30,
94,
30,
30,
30,
30,
30,
30,
30,
30,
31,
38,
30,
31,
38,
30,
30,
30,
4,
14,
10,
4,158,
31,
14,
4,
41,
14,
41,
14,
4,
10,
10,
4,
19,
31,
4,
14,
12,
6,
6,
14,
14,
0,
65,
65,
4,
41,
156,
0,
11,
4,
165,
11,
0,
13,
10,
65,
4,
8,
0,
4,
4,
4,
65,
10,
60,
75,
4,158,
75,
0,44,
0,
60,
10,
0,
10,
0,19,
9,
6,
38,
11,
168,
6,
65,
11,
11,
11,
168,
30,
36,
94,
30,
94,
22,
9,
31,
65,
9,
6,
6,
11,
11,
11,
9,
6,
30,
10,
161,
34,
34,
34,
190,
14,97,
14,97,
14,
30,41,
34,
14,
30,
14,
14,
14,
14,
30,
14,181,
14,
35,
14,
34,
30,41,
14,
181,
30,
34,
14,97,
35,
4,
35,
41,
41,
30,
15,
31,
34,
35,
14,
4,
34,
31,
41,
4,
4,
4,
41,
38,
41,
41,
4,158,
41,
35,
4,
38,
31,
55,
41,
4,
55,
9,30,
30,
6,
22,
30,
10,
31,
9,
9,
0,9,
22,
30,
30,
9,
60,
6,94,
31,
6,
30,
31,
19,
4,
31,
30,
36,
31,
55,
55,
2,
51,
51,
4,
6,
51,
6,
51,
6,
9,
5,
9,
51,
4,
4,
8,
4,
51,
10,38,
5,
6,
51,
4,
10,
51,
4,
38,
10,
11,
38,
9,
38,
9,
10,
9,
38,
38,
38,
0,
38,
38,
38,
6,
4,
2,
38,
10,
61,
97,
38,
10,
60,
30,
4,
38,
6,
10,
6,
9,
6,
9,
80,
6,
6,
6,
6,
0,
13,
11,
13,
6,
9,
11,
6,
6,
11,
11,
11,
0,
11,65,
6,
31,
5,
11,
6,
97,
15,
15,
15,
120,
14,
14,97,
9,
14,97,
8,
14,
9,
14,
14,97,
14,
120,
14,97,
8,
10,
120,
4,
14,
72,
14,
14,
14,97,
14,
14,97,
8,
8,
14,
99,
41,
41,
13,
14,
62,
62,
195,
41,
41,
62,
14,
62,
14,
30,
14,
41,
14,97,
99,
14,97,
41,
30,
41,
14,
41,
41,
62,
4,
14,
42,
10,
4,158,
4,158,
120,
9,
9,97,
4,
9,
4,158,
4,15,158,
31,
4,
97,
65,
15,
9,
14,97,
15,
4,158,
6,
9,
15,
4,
42,
10,
4,9,
10,65,
43,95,
95,
1,
1,
95,
177,
6,
1,
1,
1,
1,
43,95,
43,95,
4,
1,
6,
1,
1,
9,
1,
1,
43,
95,
5,
43,
95,
95,
1,
1,
1,
11,
10,
10,
89,
4,10,
6,
6,
6,
5,
6,
4,158,
156,
5,
5,
8,
10,
9,
9,
9,
11,
10,
0,
9,
0,
9,
4,
11,
10,
9,
1,
4,
1,
4,
43,95,
1,
4,158,
7,
95,
1,
1,
4,
4,
1,
1,
1,
1,
1,
95,
4,
4,158,
8,
4,158,
1,
4,
95,
1,
0,
19,
19,
0,
0,
13,
65,
13,84,
4,
11,
5,
0,
0,
0,
0,9,
0,
0,
10,
65,
19,
11,
0,
0,
19,
0,
0,
19,
0,
4,
11,
14,
9,
14,
30,
34,
9,
9,
30,
30,
30,
4,
14,
30,
9,
30,
30,34,
4,
31,
35,
8,
165,
31,
31,38,
30,
4,
78,
30,
72,
5,109,
14,
8,
48,
8,
4,
38,
48,
4,
15,
13,
6,
8,
6,
4,
30,
8,
48,
48,
4,
8,
8,
6,
4,
6,
8,
4,
8,
30,
6,
4,
4,
14,
97,
4,158,
87,
97,
97,
97,
97,
97,
97,
97,
10,
87,
97,
9,
8,
97,
4,
97,
97,
14,97,
97,
4,
4,158,
15,
9,
97,
97,
97,
38,
41,
77,
77,
156,
22,
65,
105,
31,
30,
41,
41,
10,
10,38,
31,
6,9,
9,
11,
41,
0,
41,
6,
9,
31,
0,
41,
41,
31,
4,158,
38,
4,158,
156,
4,
6,
6,
4,
4,158,
4,
163,
4,
4,
4,158,
22,
51,
31,
4,158,
31,
4,
4,158,
4,158,
4,158,
4,158,
4,
4,158,
51,
4,158,
4,158,
4,158,
4,158,
8,
7,
9,
9,
31,
6,
6,38,
31,
31,
6,
52,
4,38,
30,
6,
31,
31,
31,
31,
31,
31,
38,
31,
31,
31,
38,
6,
31,
31,
6,
31,
5,14,
53,
0,
53,
78,
53,
4,53,
53,
165,
53,
53,
53,
53,
53,
53,
53,
53,
6,
53,
165,
53,
53,
53,
53,
53,
2,
2,
53,
107,
53,
4,158,
158,
165,
54,
54,
158,
61,
54,
6,
34,
54,
4,158,
14,
54,
54,
4,158,
61,
4,158,
23,
6,
6,
54,
10,
6,
61,
68,
10,
158,
14,97,
6,
2,
11,
10,
4,
74,
2,
6,
2,
2,
2,
30,
13,
11,
0,
8,
2,
2,
6,
6,
22,
6,
2,
165,
20,
2,
2,
2,
38,
62,
10,
0,9,
9,
9,
10,
9,
9,
65,
9,
0,
0,
9,
9,
9,
0,
9,
4,158,
9,
65,
65,
9,
9,
0,
0,
10,
97,
9,
9,
9,
0,
9,
4,
4,158,
4,
4,158,
4,158,
4,158,
11,
30,
4,
10,
4,158,
3,
4,
4,
165,
4,
4,
31,
30,
30,
4,
4,
156,
38,
11,
4,158,
31,
4,
4,158,
4,158,
11,
9,
22,
11,
6,
4,
11,
6,
11,
11,
13,
14,
11,
11,
6,
11,
58,
11,
11,
2,
11,
9,
6,
58,
11,
58,
11,
11,
11,
9,
10,
1,
41,
4,158,
4,
31,
4,
0,
35,
31,
15,
41,
4,
31,
4,
35,
0,
4,
41,
15,
41,
41,
31,
8,
4,
51,
4,
4,
4,
4,158,
91,
7,
19,
60,
36,
91,
76,
60,
31,
31,
60,
60,
6,
7,
30,
38,
31,
31,
60,
31,
10,
60,
41,
60,
91,
0,
31,
6,
60,
36,91,
61,
61,
15,
4,
6,
4,
61,
6,
61,
61,
61,
14,97,
65,
4,
61,
61,
4,6,
10,
61,
61,
61,
4,10,158,
14,97,
61,
5,
14,97,
61,
6,
4,158,12,
61,
14,
12,
12,
12,
3,
12,
12,
14,
3,
12,
15,
3,
38,
30,
14,
12,
65,
3,
14,
195,
12,
3,
107,
107,
12,
12,
14,
8,
3,
3,
6,
3,
3,
3,
107,
5,
4,
12,
12,
6,
3,
3,
6,
12,
3,
4,
4,
12,
3,
5,
4,
14,
4,
12,
6,
6,
12,
4,
195,
177,
54,
16,
4,158,
4,158,
6,
16,
4,
4,158,
54,
4,158,
4,158,
177,
6,
4,158,
6,
177,
22,
4,158,
30,
122,
4,158,
64,
4,158,
16,
4,
4,158,
4,158,
16,
177,
10,
61,
13,
13,
13,
13,
65,
65,
10,
13,
65,
13,
110,
65,
10,
65,
69,
110,
65,
13,
74,
10,
65,
13,
74,
65,
4,
110,
9,
110,
6,
38,
11,
9,
9,
9,
9,
7,
9,
9,
9,
6,
9,
31,
10,
31,
6,
6,
9,
9,
6,
0,
31,
20,
9,
9,
9,
7,
9,
156,
4,
119,
0,
4,
10,
0,
4,
4,
31,
21,
6,
13,
4,19,
8,
119,
0,
21,
78,
13,
9,
4,9,
30,
11,
10,
4,13,
4,
119,
13,
6,
4,
4,158,
4,
4,158,
68,
4,158,
144,
4,
9,
13,
13,
144,
144,
10,
10,
15,
19,
48,
4,
68,
6,
30,
6,
4,
48,
6,
13,
10,
4,
4,158,
68,
74,
69,
69,
8,
9,
6,
10,
74,
10,
10,
69,
69,
38,
9,
0,9,
31,
69,
9,
69,
69,
80,
13,
74,
0,
9,
74,
69,
6,
10,
8,
70,
53,
4,
4,158,
0,
53,
4,
4,158,
0,
4,
4,
97,
70,
165,
11,
10,
165,
3,
4,
97,
97,
70,
70,
70,
165,
16,
53,
4,
15,
2,
38,
2,
38,
38,
30,
2,
6,
30,
38,
30,
38,
2,
9,
38,
30,
2,
24,
38,
38,
30,
31,
38,
38,
2,
9,
2,
38,
38,
51,
38,
30,
4,
6,
51,
4,
9,
65,
65,
10,
30,
31,
14,97,
5,
72,
6,
5,
14,
6,
5,
10,
5,
73,
18,
34,
73,
5,
5,
65,
1,
4,158,
18,
5,
34,
101,
5,
0,
73,
5,
73,
23,
65,
34,
6,
73,
73,
5,
30,
73,
10,
13,
13,
19,
5,
34,
8,
11,
13,
11,
74,
74,
0,
20,
74,
11,
13,
8,
13,
74,
11,
74,
8,
13,
20,
6,
4,
10,
74,
117,
8,
65,
0,
13,
30,
75,
30,
114,
16,
18,
22,
18,
16,
13,
75,
122,
94,
18,
122,
0,
9,
23,22,
195,
75,122,
0,13,97,
122,75,
0,
16,
60,
10,
16,
164,
13,
60,
91,
0,136,
0,
84,
19,
10,
0,
60,
6,
9,
10,
10,
0,
10,
19,
13,
10,
4,
0,
10,
30,
60,
36,136,
60,
10,
60,
136,
46,
30,
13,
14,
41,
107,
41,
65,
6,
77,
14,97,
6,
0,
4,158,
13,
31,
77,
65,
9,
110,
22,
9,
13,
0,
13,
0,
11,
4,
6,
4,
38,
15,
30,
30,
195,
3,
30,
3,
116,
3,
30,
31,
30,
6,
30,
31,
30,
107,
31,
30,
30,
31,
30,
30,
18,
79,
34,
31,
7,
84,
18,
79,
84,
9,
79,
31,
79,
4,
30,
79,
79,
79,
4,
79,
30,
18,
79,
79,
48,
79,
9,
8,
6,
38,
10,
38,
38,
10,
10,
4,
38,
4,
11,
38,
9,
44,
10,
10,
38,
38,
38,
4,158,
10,
38,9,
6,
0,
38,
4,
10,
10,
14,
14,
4,
81,
14,
11,
14,
81,
81,
6,
6,
4,
12,
4,
15,
6,11,
194,
9,
14,97,
81,
14,
81,
24,
97,
10,
4,
14,
14,
81,
82,
9,
34,
4,158,
30,34,
82,
23,
4,158,
30,
158,
82,
4,158,
4,158,
4,158,
54,
16,
11,
4,158,
18,
82,
34,
11,
18,
34,
82,
34,
18,
34,
82,
34,
10,
4,158,
10,
4,158,
10,
4,158,
4,158,
4,158,
4,158,
4,158,
4,158,
4,
4,158,
0,
4,158,
4,158,
6,
4,158,
10,
4,
4,
4,
83,
83,
4,158,
6,
4,158,
10,
0,
83,
3,
107,
4,
84,
3,
0,
34,
4,
0,
107,
107,
4,
60,
6,
6,
107,
4,
107,
4,
0,
6,
84,
0,
107,
19,
0,
4,
4,
4,
6,
10,
10,
9,
10,
0,
9,
10,
65,
4,
9,
0,144,
9,
84,
6,
6,
10,
11,
65,
0,
9,
10,
11,
65,
10,
0,10,
9,
13,
10,
65,
85,
22,
41,
30,
4,158,
62,
156,
4,
62,
41,
8,
41,
97,
8,
14,
41,
13,
41,
62,
62,
3,
62,
4,158,
4,158,
14,
41,
4,158,
41,
14,
4,
14,97,
87,
165,
0,
4,
5,
87,
8,
5,
8,
4,
87,
5,
6,
8,
0,
181,
0,
87,
4,
4,
8,
87,
65,
165,
8,
97,
97,
8,
87,
14,97,8,
88,
18,
152,
31,
74,
88,
88,
19,
88,
13,
74,
6,38,
74,
74,
88,
4,
74,
88,
74,
74,
74,
6,
74,
20,
97,
74,
13,
31,
6,
13,
5,
4,
4,
4,
4,
4,158,
6,51,
6,
51,
89,
4,
4,
5,
4,
51,
6,
4,158,
51,
35,
9,
5,
4,
95,
4,
4,
6,
65,
10,
14,
90,
14,
10,
4,
10,
14,
10,
4,
9,
9,
14,
10,
65,
10,
65,
65,
9,
12,
4,
4,
14,
10,
0,
10,
14,
65,
6,
65,
31,
38,
19,
9,
41,
136,
91,
18,
13,99,
30,
38,
9,
30,
91,
1,
31,
65,
7,
4,
9,
9,
136,
38,
7,
19,
6,
6,
19,
2,
51,
6,
6,
2,
2,
2,
6,
6,
2,
97,
2,
6,
2,
92,
6,
60,
2,
2,
6,
2,
2,
2,
2,
4,
6,
2,
10,
6,
2,
37,
10,
0,
0,
0,
9,
35,156,
9,
14,
9,
4,
0,
9,
0,9,
0,
94,
94,
16,
1,
4,158,
164,
8,
6,
10,
4,158,
94,
94,
11,
164,
22,
94,
4,
4,18,
4,
94,
165,
94,
31,
94,
38,31,
101,
6,
13,
164,
4,
6,
5,
15,
4,
13,
15,
14,97,
10,
4,
116,
6,
95,
6,
9,
0,
4,
95,
14,97,
4,
4,
0,
4,
6,
13,
95,
10,
0,
4,
4,
4,
96,
6,
9,
9,
96,
96,
6,
6,
14,
6,
14,
21,
11,
65,
6,
9,
10,
96,
96,
65,
31,
31,
0,
96,
96,
6,
9,
9,
13,
9,
10,
6,
4,
4,
13,
4,
6,11,
4,158,
8,
10,165,
6,
13,
13,
4,6,
13,
4,
6,
4,156,
4,
13,
4,
4,158,
13,
9,
0,
4,
0,
0,
22,
38,
38,
38,
38,
10,
4,
4,
9,
38,
38,
65,
6,10,
38,
38,
65,
80,
10,
38,
38,
38,
14,
4,
9,
4,158,165,
14,
99,
94,
4,
31,
30,
107,
108,
108,
60,
107,
108,
123,
14,
14,
30,
31,
108,
108,
107,14,
31,
108,
62,
14,
195,
25,
5,
4,
100,
11,
15,
15,
4,
150,
150,
13,
116,
15,
0,
0,
150,
4,
15,
13,
5,
5,
15,
100,
152,
15,
8,
0,
4,
4,
100,
100,
74,
114,
11,
0,
0,
74,
101,
0,
114,
34,
74,
101,
65,
42,
4,
6,
4,
42,
10,
42,
42,
4,158,
10,
15,
4,158,
15,
4,158,
4,
4,
4,
6,
4,158,
42,
6,
4,
10,
10,
42,
4,158,
4,158,
10,
4,
42,
19,
107,
2,
84,
19,
84,
181,
107,
19,
65,
19,
19,
9,
84,
0,
84,
9,
84,
19,
33,107,19,
6,
19,33,
107,
6,
107,
9,
19,
6,
0,
9,
4,
144,104,
9,
14,97,
6,
18,
10,
9,13,
6,
8,
9,
0,26,
6,
49,
65,
10,
4,
0,
26,
13,
194,
21,
6,
194,
14,97,
0,
14,
26,
8,
6,
156,
14,
41,
10,
13,
60,
65,
14,
11,
10,
38,
62,
10,
13,
60,
10,
14,
19,
36,
11,
13,
13,
6,
13,
156,
6,
152,
6,
13,
4,
19,
156,
21,
156,
13,
13,
13,
19,
19,
156,
13,
13,
13,
13,
76,
9,
13,
4,
13,
181,
84,
13,
13,
6,
30,
107,
127,
22,
107,
11,
107,
107,
107,
84,
84,
14,
177,
9,
107,
6,
20,
107,
4,
156,
12,
14,
6,11,
84,
6,
6,
3,
4,
195,
165,
62,
3,
3,
3,
12,156,
9,107,
14,
4,158,
3,
4,158,
165,
3,
3,
3,
3,
6,
10,
4,158,
4,158,
165,
3,
3,
14,
3,
14,97,
6,
5,
4,
109,
10,
54,
4,158,
109,
54,
10,
5,
34,
4,158,
6,
54,
10,
54,
6,
51,
6,
13,
110,
11,
110,
13,
13,
13,
13,
13,
152,
13,
11,
6,
13,
14,
11,
13,
74,
11,
31,
19,
60,
13,
13,
13,
10,19,
110,
13,
152,
13,
3,
30,
4,
177,
164,
4,
94,
30,
11,
13,
94,
30,
8,
34,
94,
94,
13,
164,
31,
4,158,
94,
18,6,
18,34,
6,
24,
30,
30,
4,
34,
13,
0,
9,
13,
4,
68,
19,
20,
149,
13,
9,
152,
0,
10,
6,
0,
65,
20,
13,
14,
20,
13,
68,
11,
9,
10,
65,
0,
4,
16,
136,
4,158,
4,158,
165,
4,158,
4,158,
2,
4,
16,
6,
4,
11,
4,
4,
6,
6,
4,158,
6,
2,
6,
6,
165,
6,
6,
4,
4,
4,158,
4,
13,
0,
11,
84,
8,
8,
0,
84,
19,
0,
48,
48,
8,
13,
13,
6,11,
5,
4,
97,
8,
4,
4,6,
13,
84,
48,
0,
0,
6,
18,
4,
0,
6,
13,
97,
30,
18,
30,
30,
68,
30,
34,
68,
34,
68,
4,
4,
34,
34,
68,
34,
4,
4,18,
4,
144,
30,
9,
10,
24,
4,158,65,
9,
10,
13,
0,
4,
0,
9,13,
0,
4,
10,
9,
4,10,
0,
4,
0,
0,
0,
8,
0,
10,
13,
4,
13,
4,
4,
14,97,
4,158,
81,
43,95,
43,95,
6,
9,
19,
5,
9,
9,
4,
6,
101,
117,
0,
6,
4,
1,
0,
19,
8,
0,
19,
0,
10,
4,
6,
14,
4,
4,
9,
16,
65,
9,
118,
6,
9,
10,
31,
10,
6,
9,11,
4,
195,
4,
31,
6,
97,
13,
4,158,
4,
10,
97,
10,
10,
35,
30,
9,6,
30,
0,15,
30,
30,
60,
4,
94,
31,
4,
0,
30,
6,
60,
30,
4,
31,
30,
30,
4,158,
3,
10,
30,
30,
165,
65,
120,
9,
97,
9,
120,
74,
120,
20,
8,
9,
9,
42,
120,
0,
10,
120,
120,
69,
4,
13,
120,
120,
65,
65,
69,
13,
120,
120,
0,
4,
2,
62,
97,
14,97,
4,
62,
14,
62,
14,
6,
62,
14,97,
13,
14,
14,
14,
38,
6,
14,
14,
14,
62,
121,
195,
15,
14,97,
14,
195,
0,
14,
14,
195,
14,97,
0,8,
13,
14,97,
97,
14,97,
14,
0,
14,97,
14,97,
14,97,
14,97,
14,
13,
4,
4,
14,97,
97,
4,
14,
14,97,
4,158,
4,158,
11,
10,
8,
8,
10,
6,
11,
0,
4,158,
0,
4,158,
4,158,
30,
4,
4,
4,
4,158,
4,158,
6,
6,
158,
4,
29,
4,
4,158,
4,158,
30,
30,
99,
4,
11,
4,
9,
2,
6,
99,
30,
2,
30,
22,
4,
60,
2,
4,
30,
41,
124,
30,
124,
107,
6,
41,
9,
41,
97,
87,
14,
97,
6,
97,
10,8,
97,
14,97,
9,
97,
4,
8,
97,
4,
14,97,
4,
10,
10,
10,
31,
97,
14,
14,97,
4,
10,14,97,15,
14,
65,
97,
97,
31,
1,
1,
1,
31,
4,
1,41,
31,
1,
6,
34,
31,
31,
31,
6,
1,
7,
31,
41,
30,
7,
31,
1,
31,
126,
38,
41,
38,
6,
31,
14,
14,
127,
127,
6,
8,
127,
127,
107,
4,158,
127,
3,
14,
12,
3,
14,195,
127,
12,
15,
3,
14,
14,
4,
4,
3,
107,
12,
127,
127,
3,
8,
81,
0,
14,97,
118,
118,
8,
6,
97,
97,
8,
2,
8,
15,
128,
8,
118,
14,97,
15,
14,97,
97,
6,
118,
81,
14,97,
14,97,
8,
6,
128,
15,
30,
30,
30,
30,
30,
30,
30,
10,
10,
38,31,
30,
31,
30,
30,
30,
31,
31,
30,
38,
30,
9,
30,
30,
10,
38,
30,
30,
9,
30,
9,38,
107,
14,
15,
195,
107,
31,
4,158,
156,
31,
3,
15,
130,3,
9,
156,
165,
195,
15,
165,
31,
30,
156,
3,130,
156,
8,
31,
156,
130,
97,
6,72,
195,
19,
10,
152,
14,
20,
20,
20,
74,
20,
152,
69,
13,
74,
152,
13,
20,
20,
74,
11,
152,
69,
13,
13,
20,
13,
152,
30,
6,
5,
30,
30,
5,
6,
6,
5,
30,
5,
6,
5,
30,
5,
30,
30,
20,
30,
31,
6,
30,
31,
34,
192,
6,
31,
30,
30,
30,
5,
5,
5,
5,
5,
5,
5,
4,
6,
5,
5,
4,158,
4,158,
5,
4,158,
51,
4,
4,158,
5,
4,158,
14,
6,
6,
5,
5,
5,
133,
10,
51,
51,
9,
9,
20,
20,
4,
8,
9,
9,
18,
0,
18,134,101,
0,
11,
8,
10,
104,
4,
14,
6,
194,
10,
14,
9,
4,
8,
14,97,
14,
14,97,
72,
14,
9,
97,
14,97,
8,
14,
14,
9,
14,
14,
14,
9,
8,
54,
54,
20,
54,
9,
54,
30,
158,
54,
136,
54,
11,
14,97,
14,
136,
54,
23,
4,158,
4,
6,
8,
4,
4,
48,
4,
0,
4,
51,
4,
4,
97,
6,
8,
4,
8,
6,
30,
8,
5,
4,
4,
4,
4,
8,
8,
6,
8,
8,
31,
30,
38,
31,
30,
31,
31,
31,
7,
31,
30,
30,
31,
31,
30,
30,
38,31,
4,
31,
30,
10,
31,
30,
4,158,
31,
31,
30,
31,
30,
35,
136,
139,
6,
35,
139,
65,
0,
35,
136,
0,65,
9,6,
156,
14,
4,
186,
53,
53,
14,8,
15,
120,
0,
136,
53,
53,
20,
107,
2,
20,
53,
14,
4,
42,
83,
4,158,
4,158,
165,
4,158,
4,158,
4,
195,
72,
10,
4,158,
10,
8,
4,158,
53,
4,158,
10,
4,158,
195,
195,
4,158,
4,158,
30,
4,158,
4,158,
3,
10,
31,
164,
10,
4,158,
164,
30,
4,
4,
10,
8,
4,
30,
8,
8,
31,
31,
1,
31,
18,
4,
4,
4,
4,158,
4,158,
4,
141,
34,
31,
12,
4,
41,
19,
31,
31,
60,
9,
60,
19,
11,19,
9,
31,
31,
60,
91,
19,
10,
31,
97,
0,
0,
10,
19,
143,
143,
13,
143,
143,
14,
14,97,
143,
143,
143,
14,
4,
14,97,
143,
143,
14,97,
143,
143,
143,
143,
14,97,
143,
14,97,
143,
4,
4,
143,
143,
4,
143,
4,
42,
4,
14,97,
14,
9,
9,
14,
31,
10,
19,
9,156,
38,
0,
4,
14,
10,
2,
22,
9,
0,
14,
81,
14,97,
6,72,
16,
14,
4,
0,
99,
2,
14,
2,
81,
10,
11,
14,
38,
6,
4,6,
16,
38,
65,
89,
9,
9,
6,
6,
4,
4,51,
6,
80,
11,
6,
31,
0,
11,
80,
6,
4,
6,
9,
16,
4,6,51,
38,
9,
80,
5,
4,
13,
4,
0,6,
3,
13,
97,
4,
4,
3,
4,
4,
107,
107,
4,
4,
18,
4,
4,158,
147,
3,
4,
3,
4,
3,
3,
4,
3,
18,
9,
29,
13,
9,
4,
6,
19,
10,
19,
13,
13,
4,
30,
13,
13,
152,
13,
13,
6,
0,
38,
6,
9,
31,
13,
11,
30,
13,
76,
13,
14,
13,
165,
4,158,
6,
4,
10,
10,
28,
6,
24,
24,
4,
26,
4,
4,
9,
4,
10,
4,10,
4,
24,
24,
4,
24,
4,158,
4,158,
6,
10,
4,
15,
101,
13,
74,
152,
10,
6,11,
19,
13,
18,
13,
150,
13,
150,
9,
11,
8,
150,
13,
4,158,
150,
152,
13,
13,
13,
18,
150,
13,
13,
4,
151,
11,
11,
84,
84,
4,
13,
84,
11,
5,
84,
5,
84,
13,
6,
4,
13,
84,
4,
19,
11,
5,
5,
5,
5,
84,
11,
84,
13,
9,
11,
13,
60,
0,
0,
13,
19,
0,
0,
0,
19,
10,
10,
20,
19,
9,
0,
0,
11,
54,
13,
0,
13,
11,
0,
0,
10,
11,
0,
12,
14,97,
14,
97,
14,
14,97,
14,97,
14,
14,
14,
14,
3,
14,97,
14,
12,
12,
14,
14,
14,
12,
14,
14,
14,
14,
6,
14,97,
97,
12,
14,97,
195,
0,
9,
6,
6,
19,
103,
11,
0,
4,158,
9,
65,
9,
107,
9,
0,
11,
65,
0,
10,
11,
10,
4,
19,
19,
9,
6,
38,
19,
19,
9,
11,
11,
4,158,
13,11,
4,158,
11,
4,158,
101,
11,
4,158,
4,158,
4,158,
11,
4,9,158,
4,158,
8,
11,
8,
4,158,
11,
165,
13,
4,158,
8,
11,
101,
4,158,
8,
13,
18,
156,
53,
6,
156,
3,
4,
3,
4,
3,
6,
3,
165,
3,
53,
4,
156,
3,
3,
6,
53,
14,97,8,
4,
30,
30,
41,
16,
14,97,
30,
4,158,
11,
4,158,
4,
4,
9,
6,
30,
4,
31,
35,
30,
30,
31,
157,
31,
30,
31,
31,
133,
6,
30,
4,158,
177,
82,
4,158,
22,
82,
4,158,
6,
4,158,
4,158,
158,
6,
136,
22,
4,158,
4,158,
82,
158,
83,
11,
30,
13,
10,
34,
34,
6,
18,
13,
30,
22,
34,
6,
65,
74,159,
4,
177,
10,
30,
30,
18,
4,158,
18,
34,
18,
160,
118,160,
14,97,
15,
15,
118,
116,
160,
118,160,
118,160,
4,
118,160,
14,97,
160,
15,
4,
4,
118,160,
15,
118,160,
160,
10,
160,
118,160,
160,
78,
15,
14,
160,
160,
34,
14,
72,
5,
4,
5,
5,
6,
5,
9,
34,
4,158,
8,
8,
51,
8,
5,
34,
5,
8,
51,
5,
9,
4,
5,
5,
5,
15,
6,
5,12,
8,
4,
4,
4,
8,
4,
6,
4,
4,
4,
10,
11,
15,
6,
4,
5,12,
6,
4,158,
5,
5,
11,89,
6,
5,
10,
162,
4,
6,
165,
4,
6,
10,
165,
30,
14,
4,
31,
8,
31,
8,
10,15,
4,
15,
4,
4,
4,158,
4,158,
4,158,
125,
53,
4,158,
15,
165,
6,
6,
75,
6,
4,
164,
101,
91,
43,95,
75,122,
36,
1,
18,
75,
5,
6,
4,
95,30,
91,
1,
4,158,
4,158,
54,
53,
23,
4,158,
165,
6,54,
23,
54,
9,6,
54,
10,
54,
4,
54,
54,
6,
180,
53,
4,158,
54,
54,
6,
54,
54,
30,
9,
38,
31,
30,
30,
30,
31,
6,
20,
9,
11,
30,
30,
9,
30,
31,38,
38,
30,
30,
31,
30,
10,
11,
30,
30,
30,
5,
6,
0,
9,
10,
6,
192,
13,
1,
9,
10,
9,
4,
6,
167,
25,
6,
25,
9,
89,
167,
7,
9,
9,
25,
6,
6,
7,
6,
4,
6,
25,
6,
4,
4,
4,
4,
94,
4,
6,
6,
4,
177,
6,
94,
6,
94,
31,
4,
4,6,51,
3,
30,
107,
165,
3,
94,
3,
13,
41,
14,97,
0,
97,
14,
97,
41,
30,
41,
13,
14,
41,
62,
99,
14,
97,
41,
14,
14,
13,
12,
62,
12,
19,
29,
14,97,
38,
38,
60,
38,
4,
0,
4,
19,
60,
38,
10,
38,
38,
4,
4,
60,
12,
11,
19,51,
10,
10,
38,
6,
44,
10,
0,
22,
10,
6,
10,
171,
4,
5,
4,
5,
10,
97,
14,97,
5,
6,
4,
9,
5,
171,
8,
5,
5,
5,
5,
4,
171,
10,
1,
171,
9,
5,
5,
5,
3,
9,
97,
8,
6,
6,
165,156,
10,
4,156,
4,
6,
0,
4,
0,
8,
6,
60,
4,158,
76,
8,
4,
10,
0,
97,
4,
76,
10,
10,
4,195,
156,
14,
156,
156,
9,
31,
195,
3,130,
41,
8,
31,
41,
156,
97,
8,
24,
3,130,
4,
9,
3,
31,
6,
8,
8,
6,
14,97,
48,
4,158,
12,
9,6,
3,
14,97,
10,
11,
4,
18,
30,
156,
5,
9,
4,158,
6,
14,
15,
4,158,
14,97,
14,
4,
9,
4,
4,
97,
15,
4,158,
4,158,
4,158,
8,
5,
4,
4,158,
4,158,
4,
4,158,
4,
4,158,
4,
4,
4,
4,158,
4,
4,
4,158,
4,
4,
4,158,
11,
10,
20,
107,
2,
81,
176,
6,
22,
81,
6,
53,
3,
6,
6,
6,
6,
9,
177,
3,
6,
2,
20,
2,
53,
53,
165,
6,
53,
22,
53,
55,
30,
31,
31,
30,
30,
30,
22,
38,
6,30,
31,
31,
30,
94,
31,
19,
31,
30,
38,
30,
180,
30,
31,
31,
38,
41,
30,
101,
30,
30,
4,
6,
6,
6,
31,
165,
31,
20,
165,
54,
6,
3,
41,
38,
53,
53,
53,
3,
54,
20,
4,
35,
54,
6,
53,
35,
20,
53,30,
30,
30,
9,
6,
0,6,
13,
9,
31,
65,
13,
9,
38,31,
179,
179,
77,
31,
6,
2,
179,
38,
136,
179,
91,
13,
65,
130,
179,
11,
19,
120,
165,
53,
53,
98,
120,
30,
152,
74,
20,180,
164,
183,
31,
180,
53,
18,
74,
53,
53,
177,
165,
180,
13,
107,
181,
181,
0,
107,
6,
2,
0,13,
6,
14,97,
13,
107,
107,
2,
6,
181,
181,
181,
0,
97,
181,
6,
6,
187,
6,
6,
181,
181,
181,
6,
31,
2,
135,
55,
31,
20,
22,
2,
2,
41,
9,
6,
6,
25,
31,
0,
65,
9,
14,
41,
9,
6,
30,
31,
31,
53,
4,158,
6,
55,
31,183,
6,
41,
36,
9,
62,
53,
183,
30,
60,
31,
2,
6,
6,
9,
30,
31,
22,
55,
6,
30,
0,
128,
2,
128,
0,
97,
14,
0,
2,
0,
75,
0,
97,
6,
128,
128,
14,97,
2,
2,
181,
0,
0,
2,
62,
0,
14,
2,
0,
184,
128,
6,
9,
19,
0,9,
6,
38,
34,
65,
9,
6,
9,
6,
9,
6,
9,
9,
9,
4,158,
30,
0,9,
156,
38,
9,
6,
6,
4,
10,
65,
97,
10,
97,
4,97,
4,
65,
4,
6,
10,
10,
10,
4,156,158,
10,
0,97,
65,
4,
4,158,
4,158,
9,65,
4,158,
65,
10,
10,
31,
6,
3,
30,
6,
31,
53,
31,
6,
53,
156,
9,
156,
6,
6,
156,
4,
30,
30,
6,
31,
165,
156,
6,
16,
97,
0,
19,
6,
0,
6,
6,
6,
9,
4,158,
10,
97,
15,
11,
4,
0,
97,
19,
0,
10,
9,
65,
0,
21,
0,
9,
4,
21,
14,
11,
84,
30,
166,
38,
4,
166,
189,
30,
84,
181,
7,
46,
10,
9,
6,
10,
14,
5,
6,
4,
11,
33,
19,
84,
84,
18,
4,18,158,
10,
14,97,
177,
4,158,
84,
18,
0,
5,
4,
13,
0,
4,158,
189,
107,
0,
18,
34,
5,
30,
4,
4,
107,
2,
107,
22,
11,
4,
11,
11,
13,
11,
11,
11,
9,
11,
89,
6,
9,
9,
6,
6,
11,
11,
149,
6,
6,
11,
0,
21,
10,
14,
13,21,
30,
0,
14,
10,
0,
21,
4,
21,
13,21,
21,
0,
4,
19,
0,
0,
0,
21,
4,158,
4,158,
4,158,
34,
82,
15,
30,
9,
5,
6,
31,
15,
15,
15,
15,
6,
15,
34,
82,
82,
82,
15,
15,
15,
6,
15,150,
82,
34,
15,
15,
126,
31,
4,65,
65,
164,
14,
97,
8,
6,
13,
7,
30,
8,
194,
126,
41,
194,
30,
31,
4,
194,
194,
8,
8,
194,
14,97,
181,
31,
15,
165,
3,
83,
4,158,
3,
83,
156,
4,
4,158,
4,158,
83,
4,10,158,
4,158,
4,
4,158,
83,
4,158,
6,
6,
6,
158,
34,
35,
53,
6,
30,
6,
101,
6,165,
165,
22,
31,
82,
2,
101,
1,6,
22,
53,
18,
101,
0,
53,
165,
53,
165,
18,
3,
26,
9,165,
8,
0,
9,
0,
0,
69,
9,
0,
69,
4,
11,
10,
81,
22,
97,
0,
10,
8,
10,
13,
11,
6,
4,
4,
13,
4,
69,
10,
13,
13,
152,
13,
21,
13,
13,
0,
13,
13,
76,
84,
13,
152,
13,
152,
76,
74,
13,
97,
13,
65,
13,
13,
0,
152,
152,
3,
38,
6,
3,
107,
4,
165,
16,
3,
165,
4,10,
3,
6,
38,
107,
165,
107,
19,
2,
10,
4,158,
3,195,
156,
165,
0,
4,
3,
12,
8,
10,
4,158,
4,
97,
4,
10,
4,
8,
4,
0,
13,
4,
97,
6,
14,97,
10,
4,
13,
4,10,158,
4,
11,
10,
97,195,
65,
9,
6,
10,
4,
4,158,
9,
5,
8,
4,
95,
4,
4,
8,
4,
1,
15,
4,15,
4,
31,
1,
5,
4,158,
4,
4,
1,
4,158,
4,158,
4,
30,
4,
5,
95,
1,
4,158,
4,
4,
2,
11,
6,
9,
6,
11,
0,10,
6,
22,
22,
6,
6,
6,
9,
6,
9,
9,
9,
6,
2,
22,
22,
10,
6,
10,11,
4,
6,
10,
60,6,
22,
4,158,
4,
3,
3,
3,
3,
4,
3,
165,
3,
3,
3,
3,
3,
165,
4,158,
3,
3,
3,
3,
165,
3,
3,
3,
156,
3,
156,
3,
3,
3,
10,
4,158,
4,158,
4,
4,6,158,
4,158,
4,158,
133,
8,
6,
4,
4,
11,
4,
4,158,
165,
165,
4,158,
4,158,
4,158,
8,
4,
4,
158,
165,
4,158,
4,
11,
4,158,
4,158,
5,
5,
5,
6,
4,
5,
34,
6,
6,
5,
5,
10,
5,
10,
5,
5,
6,
4,10,
4,
8,
5,
5,
5,
5,
6,
5,
5,
5,
14,
5,
38,
6,
30,
31,
31,
9,
10,
9,
9,
6,
9,
30,
6,
10,
4,
6,
4,158,
31,
6,
30,
6,
9,
31,
31,
9,
10,
9,
31,
9,
31,
0,
31,
38,
7,
31,
7,
9,
7,
31,38,
7,
7,
31,
31,
7,
1,
31,
9,
9,
7,
7,
30,
7,
38,
1,
9,
9,
31,
7,
38,
31,
0,
8,
13,
9,
8,
8,
8,
13,
8,
8,
8,
8,
8,
10,
8,
13,
4,158,
8,
9,
8,
8,
6,
6,
8,
0,
10,
97,
9,
48,
0,10,
13,
10,
10,65,
65,
9,
0,
65,
13,
0,
10,38,
11,
0,9,
9,
11,
9,
4,
9,
9,
9,
65,
10,
0,
65,
9,
19,
65,
4,
9,
65,
9,
10,
10,
10,
12,
10,
9,
10,
10,
10,
9,
10,
186,
10,
68,
10,
10,
68,
186,
10,
10,
13,
10,
10,
10,
10,
10,
186,
186,
10,68,
186,
4,
13,
11,
0,
31,
4,8,
9,
11,
6,
6,
6,
11,
13,
13,
6,
11,
9,
89,
11,
89,
6,
11,
89,
13,
168,
6,
11,
11,
89,
89,
3,
12,
12,
12,
12,
3,
12,
12,
3,
3,
12,
3,
3,12,
3,
12,
4,
3,
12,
12,
12,
12,
12,
12,
6,
8,
12,
12,
12,
42,
0,
13,
13,
152,
152,
152,
13,
13,
13,
76,
9,
13,
13,
13,
152,
152,
152,
13,
76,
152,
74,
74,
11,
13,
152,
13,
152,
11,
152,
13,
11,
14,97,
97,
14,97,
4,
4,
4,
4,
14,97,
0,
14,97,
10,
13,
13,97,
97,
4,
14,
14,97,
14,97,
14,97,
4,
14,
4,
10,
14,97,
14,
14,97,
6,72,
4,
4,
14,97,
4,158,
10,
41,
15,
10,
4,
4,158,
4,
15,
9,
5,
7,
65,
41,
0,19,
65,
9,
15,
6,
41,
4,
9,
4,158,
9,13,
38,
15,
4,158,
15,
4,
6,
2,
16,
6,
16,
4,
22,
16,
156,
11,
22,
4,158,
22,
16,
5,
16,
6,
18,
55,
9,
6,
6,
38,
16,
10,
3,
31,
4,
4,158,
20,
20,
14,97,
9,
6,
20,
20,
46,
8,
6,
6,
9,
20,
11,
11,
11,
20,
136,
20,
9,
20,
9,
9,
10,
11,
20,
4,
9,
20,
4,
30,
30,34,
34,
30,
18,
18,
4,158,
18,
30,
18,
34,
30,
18,
30,
18,
34,
18,
30,
0,
30,
18,
30,
30,
18,
18,
4,18,158,
18,
18,
34,
111,
0,
84,
0,
0,
0,
19,
0,
4,
0,
0,
0,
152,
19,
0,
97,
0,
19,
19,
0,
11,
13,
0,
0,
0,19,
13,
13,84,
84,
0,
19,
13,
20,
20,
13,
20,
20,
13,
19,
100,
9,
20,
0,
10,
20,
20,
20,
0,
20,
13,
6,
20,
100,
9,
0,
69,
20,
0,
0,
13,
0,
20,
0,
13,21,
21,
0,
9,
0,
21,
97,
165,
4,
30,
6,
6,
65,
21,
0,
21,
4,
4,
21,
0,
21,
21,
65,
21,
97,
95,
13,
21,
0,
22,
164,
22,
122,
9,
22,
164,
164,
164,
94,
177,
22,
36,
6,
7,
30,34,
7,
164,
31,164,
7,
30,
33,
164,
31,
10,
164,
18,22,
9,
177,
36,
10,
4,158,
136,
19,
22,
6,
22,
12,
61,
6,
9,
10,
10,
23,
31,
10,
38,
10,
11,
65,
10,
14,
4,158,
6,
6,
24,
24,
10,
24,
10,
4,
65,
4,24,
4,
24,
4,
14,
24,
24,
24,
24,
12,
24,
24,
24,
10,
24,
65,
24,
24,
24,
10,
24,
24,
11,
4,6,
4,
6,
1,
8,
4,
4,
6,
2,
51,
16,
13,
25,
25,
51,
6,
13,
4,
0,
6,51,
11,
4,
1,
4,6,
6,
22,
11,
6,
1,
8,
14,
6,
26,
8,
26,
0,
15,
14,
51,
26,
8,
37,
0,
14,
14,97,
8,
70,
4,
144,
26,
26,
6,
14,97,
15,
4,
70,
4,
14,
14,
181,
14,97,
14,
8,
14,97,
14,
14,
10,
14,97,
14,
14,
8,
8,
14,
14,
14,
4,
8,
8,
14,97,
6,
14,97,
14,
8,
14,97,
14,97,
14,
97,
14,97,
10,
6,
156,
4,
24,
10,
9,
31,
30,
14,
5,
4,
6,
65,
6,
9,
24,
97,
31,
9,
30,
4,
10,
9,
4,
0,6,
65,
6,
51,
21,
6,
0,
29,
6,
107,
19,
29,
0,
0,
21,
29,
0,
0,
10,
0,
29,
5,
10,
6,
21,
65,
3,
4,
0,
29,
21,
19,
11,
8,
30,
30,
30,
30,
30,
30,
30,
30,
30,
30,
30,
30,
30,
30,
38,
30,
30,
38,
30,
30,
30,
31,
30,
30,
30,
30,
38,
30,
30,
31,
38,
65,
10,
4,
6,
41,
65,
4,
38,
15,
14,
9,
41,
0,
4,158,
4,10,
14,97,
41,
4,
0,
65,
41,
4,
8,
38,
41,
4,
4,
31,
31,
0,
10,
114,
65,
6,11,
4,
4,158,
4,158,
13,84,
6,
19,
0,19,
6,
0,
19,
0,
165,
11,
4,158,
10,
107,
9,
4,158,
19,
4,
6,
6,
9,
38,
9,
30,
30,
19,
30,
11,
6,
31,
30,
30,
11,
31,
11,
31,
11,
9,
19,
11,
11,
11,
30,
11,
6,
9,
6,
166,
14,97,
34,
14,97,
14,97,
14,181,
181,
30,
30,
30,
30,
30,
31,
14,97,
30,
14,181,
161,
31,
14,181,
34,
14,
181,
34,
34,
34,
34,
181,
30,
14,
14,97,
181,
4,34,
4,
38,
10,
30,
35,
30,
14,
30,
4,
30,
9,
4,10,
41,
34,
35,
41,
41,
41,
41,
41,
41,
15,
4,
41,
4,
38,31,
41,
41,
6,
31,
4,6,
55,
55,
4,
38,
9,
6,
2,
22,
121,35,
30,
7,
38,
30,
30,
38,
62,
9,
9,
9,36,
60,
30,
9,
31,
8,
9,
31,
6,
30,
4,
10,
65,
4,
51,
24,
51,
51,
51,
4,
37,
6,
4,
51,
30,
30,
6,
51,
51,
5,
51,
51,
4,
38,
65,
38,
38,
0,10,
38,
145,
10,
0,
2,
10,
38,
38,
4,
9,10,
38,
19,
38,
38,
38,9,
48,
38,
38,
4,
10,
65,
38,
61,
10,
38,
6,11,
11,
6,
19,
10,
6,
11,
6,
10,6,
6,
11,
6,
19,
6,
6,
11,
11,
6,
11,
6,
6,
6,
11,
6,
6,
6,
11,
6,
4,
6,
4,
14,
9,
8,
14,
14,
48,
14,
8,
8,
8,
4,158,
14,
14,
8,
8,
4,97,
9,
10,
14,
8,
4,
120,
15,
8,
4,
8,
8,
8,
14,
14,
181,
41,
3,
41,
30,
14,
14,97,
108,
14,
14,
14,
15,
14,
9,
14,
14,97,
4,
97,
62,
14,
14,97,
195,
14,
30,
14,97,
14,15,
14,
41,
62,
14,97,
42,
9,
42,
9,
9,
97,
0,
9,
19,
120,
0,9,
11,
65,
9,
10,
65,
15,
42,
65,
14,
11,
95,
7,
6,
43,95,
1,
1,
1,
1,
1,
6,
192,
5,
6,
4,
1,
43,
1,
95,
1,
6,
1,
6,
1,
43,95,
6,
7,
43,
95,
1,
1,
6,
0,
97,
11,
4,
9,
9,
6,
5,
9,
156,
10,
165,
11,
11,
80,
11,
6,
158,
11,
11,
9,
0,
9,
11,
65,
11,
9,
11,
13,
7,
4,158,
9,
9,
4,
4,158,
1,
30,
1,
4,
4,
95,
1,
4,158,
1,
4,158,
34,
4,
31,
95,
9,
95,
1,
38,
1,
4,158,
4,
0,
29,
46,
29,
10,
0,
13,
19,
19,
19,
19,
6,
0,
21,
10,
19,
0,
0,
0,
13,
21,
0,
19,
0,
19,
13,
10,
19,
19,
11,
30,
14,
30,
14,
9,
38,
4,
30,
31,
30,
6,
4,
4,
30,
14,
30,
30,
8,
9,
30,
9,97,6,
14,97,
4,
30,
6,
6,
6,
34,
4,
4,
8,
48,
4,
4,
30,
48,
48,
6,
8,
6,
6,
48,
4,
4,
8,
4,
8,
30,
4,
8,
42,
8,
6,
6,
48,
8,
30,
9,
8,
42,
97,
97,
97,
97,
8,
97,
97,
4,
97,
97,
4,158,
4,
10,
4,
97,
14,97,
8,
97,
97,
4,
10,
97,
97,
78,
97,
4,156,158,
97,
10,
97,
97,
4,31,
8,
38,
105,
6,
6,
6,
31,
38,
6,
31,
41,
4,
31,
31,
50,
6,
9,
31,
11,
38,
31,
9,
6,
4,158,
65,
77,
65,
6,
9,
30,31,
9,
4,158,
4,
4,
4,
4,
6,
4,158,
30,
4,158,
10,
4,
4,
9,
165,
4,
4,158,
4,158,
4,158,
4,158,
4,30,
9,
9,
35,
6,
163,30,
4,
31,
31,
6,
4,
6,
31,
31,
6,
31,
31,
5,
6,
6,
31,
31,
5,
6,
31,
31,
30,
31,
31,
31,
4,
9,
31,
31,
6,
31,
31,
195,
53,
53,
14,97,
53,
53,
4,
53,
20,
65,
53,
156,
53,
14,97,
54,
53,
53,
53,
53,
53,
53,
2,
53,
53,
53,
53,
53,
53,
53,
0,
54,
54,
5,
22,
65,
10,
165,
54,
54,
4,
4,158,
9,38,
4,158,
42,12,
97,
54,
54,
54,
4,158,
6,
6,
6,
4,
6,
54,
61,
4,158,
9,
61,
54,
2,
22,
20,74,
2,
2,
6,
2,
20,
13,
20,
2,
10,
0,
62,
6,
11,
2,
55,
20,
2,
0,
2,
20,
20,
2,
2,
2,
6,
2,
20,
65,
0,
65,
9,
9,
0,
9,
0,
0,
9,
7,
0,
9,
9,
9,
0,
0,
0,
4,
9,
156,
9,
65,
0,
0,
4,
9,
9,
9,
9,
165,
156,
4,
4,
4,158,
4,
4,
4,158,
4,158,
4,158,
4,158,
4,
4,
30,
4,158,
4,158,
4,158,
4,
31,
2,156,
3,
4,
4,
30,
4,
165,
4,
4,
4,94,
4,158,
58,
11,
33,
11,
6,
58,
11,
11,
4,
20,
6,
31,
14,
14,
33,
9,
13,
6,
22,
11,
6,
11,
11,
13,14,
14,
11,
13,
11,
58,
11,
5,
97,
4,158,
4,
31,
31,
35,
13,
38,30,
1,
31,
41,
41,
41,
4,
163,
13,
0,
35,
9,
34,
30,
4,158,
35,
4,
38,
31,
35,
35,
31,
22,
9,
60,
36,
31,
60,
36,
6,
9,
36,
7,
9,
19,
36,
60,
60,
0,11,
9,
31,
60,
7,
60,
91,
60,
36,
9,
91,
76,
9,
6,
8,
61,
61,
4,158,
61,
165,
9,
61,
14,97,
61,
14,
4,158,
14,
61,
10,
61,
14,97,
61,
4,158,
80,
4,
61,
61,
4,158,
10,
6,
4,158,
10,
3,12,
12,
12,
12,62,
30,
12,
108,
3,
3,
195,
4,
12,
3,
12,
12,62,
62,
3,
3,
107,
3,
3,
14,97,
12,
38,
12,
14,
4,
10,11,
4,
6,
14,
3,
4,
6,
63,
63,
12,
63,
6,
3,
6,
12,
3,
63,
6,
3,
3,
4,
12,
15,
6,
165,
14,
4,
4,
12,
12,
54,
18,
4,
64,
22,
64,
16,
4,158,
16,
6,
4,158,
6,
158,
22,
18,
4,158,
18,
16,
22,
6,
18,
18,
177,
16,
18,
4,158,
177,
4,158,
18,
54,
0,
0,
120,
9,
10,
6,
13,
11,
65,
65,
9,
120,
110,
13,
0,
0,
120,
0,
4,10,
65,
65,
0,
65,
120,
0,
65,
14,
13,
9,
9,
9,
9,
31,
9,
6,
19,
31,
9,
9,
9,
9,
6,
9,
6,
31,
9,
9,
65,
6,
31,
9,
9,
19,
183,
8,
6,
9,
20,
144,
19,
3,
13,
6,
13,
13,
119,
119,
6,
8,
19,
30,
4,
11,
34,
119,
4,
9,
10,
10,
30,
65,
119,
119,
4,9,
119,
13,
4,158,
4,
144,
4,
68,
4,158,
4,
4,
6,
4,158,
68,
10,
4,
13,
9,
4,
144,
13,
101,
8,
144,
68,
9,
24,
4,158,
104,
68,
4,
68,
0,
68,
9,69,
11,
11,
31,
4,
13,
10,
13,
74,
9,13,
31,
11,
69,
10,
13,
31,
74,
0,10,
8,
9,
31,
80,
69,
38,
30,
6,
20,
6,
38,
0,13,
4,
70,
53,
8,
0,13,
6,
172,
0,
156,
10,
1,
0,
10,
8,
165,
0,
53,
20,
6,
8,
0,
70,
70,
53,
165,65,
195,
70,
0,
70,
70,
0,
38,
2,
30,
60,
30,
30,
38,
30,
30,
31,
38,
2,
38,
30,
30,
30,
60,
30,
30,
30,
121,
30,
9,
30,
30,
30,
4,
9,
6,
6,
8,
9,
9,
4,
30,
6,
51,
6,
4,158,
14,
9,
38,
8,
6,
4,
5,
14,
6,
30,
73,
73,
9,13,
73,
5,
18,
5,
9,
5,
73,
5,
38,
177,
73,
73,
73,
30,
73,
31,
34,
4,51,158,
18,
73,
73,
5,
34,
23,
65,
73,
19,
5,
74,
46,
74,
13,
74,
0,
19,
38,
74,
11,
74,
13,
11,
31,
97,
11,
6,
13,19,
5,
4,
0,
11,
152,
74,
0,
74,
6,
13,
10,
34,
4,
48,
16,
60,
101,
114,
0,
0,
101,
60,
0,
114,
4,
4,158,
36,
18,
101,
13,
8,
0,
75,
122,
10,
22,
30,
16,
14,
4,
136,
170,
10,
0,
0,
10,
0,
0,
60,
76,
0,
91,
10,
13,
91,
13,
36,
10,
76,
0,
6,
0,
10,
10,
0,
0,
19,
10,
136,
0,
13,
65,
97,
13,
65,
11,
11,
11,
58,
62,
107,
11,
14,97,
156,
6,
4,
11,
99,
13,
60,
30,
195,
65,
8,
13,
65,
156,
58,
30,
13,
30,
30,
107,
30,
6,
30,
15,
6,
15,
31,
14,
30,
30,
6,
30,
15,
195,
31,
30,
30,
107,
38,
78,
30,
15,
3,
30,31,
84,
48,
30,
79,
30,
48,
79,
14,
4,
13,
9,
0,
48,
79,
15,
79,
79,
6,
30,
13,
9,
79,
79,
6,
189,
79,
79,
30,
79,
10,
10,
9,
4,10,158,
38,
44,
10,
38,
16,
4,
38,
10,
38,
4,158,
4,
38,
80,
4,156,31,
10,
4,10,
10,
38,
9,
50,
38,
38,
38,
4,
9,
4,
14,
81,
81,
4,
4,
4,
6,
14,97,
11,
4,
81,
10,
6,
14,97,
4,24,
97,
81,
194,
81,
194,
81,
15,
14,97,
6,
81,
4,158,
81,
0,
11,
4,158,
4,18,158,
4,158,
18,
4,158,
14,97,
16,
82,
30,
82,
4,158,
54,
6,
82,
4,158,
82,
6,
6,
30,
4,158,
30,
18,
34,
6,
34,
30,
30,
6,
4,158,
22,
4,158,
4,158,
83,
4,
83,
4,158,
4,
4,158,
10,
10,
83,
24,
5,6,
83,
10,
10,
6,
4,158,
10,
5,6,
6,
83,
4,158,
44,
4,158,
4,158,
10,
83,
4,
6,
0,
4,
4,
6,
84,
2,
6,
4,6,51,
9,
41,
4,
4,
9,
4,
4,
1,
4,
4,
4,
107,
13,
35,
4,
147,
13,
16,
6,
107,
4,
6,
11,
13,
9,
10,
13,
9,
9,
120,
10,
84,
13,
10,
9,
4,
10,65,
85,
65,
4,
9,
4,
0,
13,6,11,
10,
11,
10,
13,
4,
13,
10,
53,
62,
95,
38,
4,
4,
14,97,
8,
41,
3,
62,
15,
4,158,
14,97,
97,
41,
41,
14,
108,
4,
30,
15,34,
41,
62,
14,
11,
4,6,158,
14,
62,
41,
14,
87,
8,
177,
87,
4,
165,
4,
0,
4,
5,
65,
87,
87,
165,
4,
0,10,
177,
0,
4,158,
15,
156,
4,
70,
4,65,
4,
70,
8,
6,
5,
8,
88,
80,
74,
14,97,
74,
9,
38,
74,
13,
6,
74,
38,
2,
74,
13,
74,
74,
13,
6,
74,
74,
30,
74,
74,
88,
20,
13,
74,
74,
5,
4,
38,
4,6,51,158,
4,
4,
6,
6,
4,158,
5,
51,
6,51,
6,
6,51,
4,158,65,
6,
6,
4,158,
4,
4,158,
4,
4,
4,158,
4,
38,
4,
4,
4,158,
51,
48,
0,
14,
41,
10,
65,
10,
10,
14,
0,
10,
10,
65,
14,
4,
65,
65,
4,
9,
14,
20,
4,
0,
10,
14,
9,
9,
9,
3,
9,
7,
91,
9,
7,
31,
31,
9,
11,
38,
30,
15,
9,
31,
41,
31,65,
9,
30,
30,
19,
11,
6,
38,
31,
31,38,
7,
51,
41,
7,
13,
11,
2,
38,
6,
2,
6,
2,
16,
9,
6,
2,
2,
38,
2,
6,
2,
6,
6,30,
6,
9,
13,
60,
2,
4,
2,
53,
92,
30,
9,
2,
70,
53,
11,
14,
0,
6,
0,
18,
53,
15,
9,
14,
9,
97,
9,
9,
14,
4,
4,
38,
6,
94,
164,
31,
94,
94,
164,
4,
2,
31,
94,
31,
4,
4,158,
165,
3,
164,
3,
94,
141,
6,
3,
2,
16,
94,
94,
94,
8,
81,
8,
6,
81,
9,6,
15,
6,
14,
13,
14,
0,
15,
14,
118,
13,
4,
4,
5,
4,
4,
6,
118,
9,6,
95,
8,
14,
116,
156,
6,
97,
96,
6,
9,
65,
9,
6,
12,
9,
9,
0,
96,
6,
9,
6,
6,
4,
6,
10,
10,
6,
12,
0,
31,
6,
6,
6,
6,
25,
6,
9,
6,
9,
13,
13,
6,
146,
5,
13,
6,
6,
0,
0,
89,
11,
5,11,
6,
0,
11,
4,158,
4,158,
9,
6,
10,
6,
4,
1,
31,
2,
10,
38,
11,
14,97,
31,
6,
65,
38,
6,
6,
50,
49,
4,
38,
6,
4,
4,
10,
65,
108,
0,
6,
94,
108,
3,
6,
14,
4,
9,
195,
124,
195,
41,
30,
20,
4,
108,
4,
108,
31,
107,
108,
4,
14,
30,
108,
6,72,
107,
3,
10,
100,
15,
100,
100,
100,
150,
100,
24,
4,
15,
9,
15,
15,
8,
15,
2,
100,
6,
15,
65,
15,
15,
10,
15,
5,
19,
15,
13,
10,
74,
116,
1,
18,
156,
2,22,
0,
75,
78,
16,
4,5,
11,
18,
13,
18,
4,
4,
4,
4,
10,
4,158,
14,
4,
42,
4,
4,
4,158,
9,
10,
4,158,
4,
4,158,
4,158,
4,158,
4,
4,158,
4,158,
4,158,
120,
42,
10,
4,
42,
4,158,
4,
103,
9,
0,
19,
107,
103,
107,
19,
19,
19,
19,
19,
0,
6,
19,
9,
2,19,103,46,
0,
97,
2,
65,
0,
9,
6,
19,
9,
0,
9,
19,
10,
14,97,
10,
13,14,97,
4,
8,
87,
26,
14,
14,
6,
6,
8,
14,
4,
4,
19,
100,
0,
4,
21,
0,9,26,
14,97,
9,
11,
21,
8,
0,9,26,
0,
6,
60,
11,
31,
13,
36,
0,
10,
6,
6,
91,
13,
60,
186,
60,
13,
30,
10,
10,
13,
13,
74,
11,
13,
8,
11,
13,
13,
11,
0,
12,
12,
14,97,
13,76,84,
12,
11,
19,
13,
6,
4,
13,
13,
3,12,
6,
0,
13,
13,
4,
14,
6,
4,
11,
4,
12,
10,
6,
6,
14,
107,
12,
4,158,
84,
51,
6,
107,
8,
60,107,
4,
11,
0,
6,
127,
107,
84,
84,
107,
107,
12,
3,
3,
3,
3,
4,
3,
4,158,
4,
14,
195,
165,
4,
3,
3,
4,
195,
12,
12,
12,
3,
12,
3,
3,
3,
12,
195,
195,
82,
6,
6,
30,
61,
6,
6,
109,
54,
4,
6,
30,
6,
6,
54,
6,
10,
5,
6,
6,
10,
6,
30,
30,
6,
19,
13,
74,
13,
10,
62,
152,
13,
13,
152,
152,
60,
13,
13,
76,
152,
13,
13,
13,
84,
13,
152,
13,
13,
13,
152,
13,
110,
13,
30,
4,
4,
4,158,
31,
94,
94,
18,
94,
30,
4,
34,
4,
4,
4,158,
10,
4,
6,
4,
94,
150,
94,
18,
18,
13,
3,
0,
0,
0,
0,
13,
13,
20,
13,
0,
0,
0,
13,
0,
19,
0,
0,
13,
20,
19,
0,
0,
0,
19,112,
100,
0,
19,
69,
11,
4,
20,
4,
4,158,
6,
4,
6,
4,
16,
6,
16,
53,
6,
6,
4,
4,
2,136,
6,
6,
4,
4,158,
6,
4,
6,
4,
6,
53,
6,
6,
9,97,
11,
4,
0,
48,
4,
107,
4,
13,
4,
6,
48,
114,
5,
4,
8,
0,
0,
13,
48,
48,
0,
14,
0,
13,
48,
4,
8,
14,
0,
4,
177,
6,11,
30,
8,
68,
65,
30,
6,
19,
34,
30,
11,
6,
6,
144,
9,
13,30,
6,
5,
34,
10,
10,
48,
0,
18,
19,144,
68,
34,
13,
18,
13,
0,
8,
97,
13,
13,
97,
31,
13,
97,
4,
10,
11,
0,
10,
0,
13,
10,
31,
0,
0,
31,
6,11,
6,
4,
10,
0,
10,
97,
0,
9,
6,
1,
0,
21,
4,
6,
7,
0,
91,
19,
1,
6,
5,
1,
0,
6,
1,
6,
9,
117,
15,
4,
6,
6,11,
6,
31,
10,
15,
118,
31,
6,
31,
10,
10,
31,
15,
15,
9,
4,
9,
4,
14,
10,
10,
15,
15,
41,
4,
14,
195,
30,
4,158,
35,53,
30,
30,
30,
32,
3,
4,
30,
6,
30,
31,
9,
31,
41,
30,
11,
0,
31,
9,
4,
38,
4,165,
6,
30,
0,
30,
65,
13,
13,
97,
120,
4,
69,
20,
13,
13,
13,
120,
13,
120,
49,
120,
120,
9,
120,
65,
120,
10,
9,
0,
120,
120,
120,
136,
120,
13,
14,
62,
2,
2,
9,
14,97,
8,
14,
2,
8,
10,6,
15,
14,97,
9,
14,
14,
14,
97,
2,
14,
38,
10,
14,
14,
14,
14,
14,97,
97,
14,
4,
4,
14,
14,97,
14,
4,
195,
14,
14,97,
14,
14,
6,72,
14,
4,
6,
195,
14,97,
14,
6,72,
195,
13,
97,
4,
8,
6,
4,
3,
6,
4,158,
4,
165,
4,
38,
4,158,
4,158,
11,
4,158,
4,158,
4,
4,158,
4,
4,158,
0,
4,156,158,
4,158,
12,
11,
11,
4,158,
0,
108,
99,
2,
41,
108,
30,
2,156,
30,
30,
38,
124,
30,
107,
99,
14,
6,
107,
99,
30,
10,
4,
12,
2,
6,
8,
99,
41,
125,
97,
97,
10,
13,
14,97,
13,
4,
11,
10,
97,
4,158,
13,
14,97,
8,
15,
97,
4,
9,
4,
97,
10,
4,158,
11,
4,
87,
97,
14,97,
6,
31,
4,
30,
41,
1,
31,
31,
30,
31,
31,
95,
1,
1,
1,
7,
1,
4,
1,
31,
41,
41,
4,
1,
31,
31,
31,
5,
38,31,
31,
4,
14,
192,
3,
14,
181,
14,
14,
127,
107,
0,
127,
3,
6,
127,
6,
3,
4,
107,
195,
4,
127,
51,
12,
12,
3,
3,
3,
3,
12,
31,
48,
15,
14,
15,
118,
14,97,
14,97,
4,
6,
15,
118,
97,
4,
8,
8,
8,
8,
8,
6,
15,
81,
118,
118,
15,
128,
81,
30,
6,
30,
30,
4,6,
9,
9,
30,
31,
30,
41,
9,
4,
6,
30,
22,
10,
30,
31,
30,
9,
30,
30,
30,
0,
5,30,
9,
30,
31,
38,31,
41,
9,
156,
156,
8,
30,
4,158,
3,130,
195,
4,156,158,
156,
165,
4,158,
3,
195,
156,
41,
156,
31,
6,
3,
156,
10,
3,130,
30,
10,
195,
165,
107,
9,
13,
20,
9,
13,
13,
152,
74,
74,
13,
0,
9,
13,
38,
8,
4,
69,
46,
6,
20,
11,
65,
0,
65,
13,
0,
74,
30,
6,
5,
5,
5,
30,
31,
30,
30,
30,
6,
31,
34,
31,
30,
6,
30,
30,
5,
9,
6,
5,
6,
192,
41,
30,
9,
4,
30,
6,
5,
5,
5,
5,
5,
4,158,
5,
5,
5,
5,
5,
133,
6,
5,
4,158,
5,
5,
5,
4,158,
4,158,
5,
4,
5,
5,
4,
4,
5,
5,
5,
9,
18,
90,
4,
104,
9,
8,
104,
9,
34,
0,
10,
18,
14,
14,
0,
0,
13,
18,
4,
70,
9,
12,
0,
10,
8,
9,
72,
14,
14,
181,
87,
14,
72,
14,97,
14,97,
14,97,
14,97,
8,
120,
4,158,
14,97,
14,
8,
14,97,
0,
14,
54,
54,
54,
5,
54,
54,
23,
54,
195,
82,
10,
54,
0,
9,
4,158,
61,
54,
4,
8,
8,
8,
8,
67,
8,
6,
8,
4,
4,
48,
4,
8,
8,
4,
4,
8,
4,
8,
48,
97,
4,
6,
8,
4,
48,
8,
5,
48,
7,30,
41,
30,
31,
55,30,
31,
30,
5,
30,
31,
30,
30,
38,
30,
164,
30,
31,
30,
31,
41,
38,
30,
31,
38,
31,
34,
30,
7,
30,
10,
30,
120,
165,
156,
156,
4,
20,
9,
20,
20,
15,
156,
10,
156,
120,
20,
136,
9,
9,
156,
156,
53,
93,
4,
6,
30,
14,
14,
136,
53,
83,
10,
6,
158,
4,158,
6,
195,
15,
4,
4,158,
195,
10,
4,195,158,
4,158,
4,158,
15,
4,158,
4,158,
4,158,
4,158,
14,
4,
42,
4,158,
4,158,
4,158,
10,
4,158,
4,
4,158,
8,
1,
31,
97,
31,38,
4,158,
164,
9,
4,158,
1,
4,158,
4,
4,
4,
4,
156,
9,
15,
34,
4,158,
94,
4,
4,
1,
4,
6,
14,97,
164,
31,
116,
31,
91,
4,
9,
6,
91,
60,
60,
96,
31,
60,
60,
7,
9,
0,
19,
31,
31,
10,
31,
46,
19,
143,
97,
14,
143,
143,
143,
4,
14,
97,
143,
97,
143,
143,
143,
3,
143,
143,
14,97,
14,97,
14,
143,
143,
14,
14,97,
0,
143,
14,97,
143,
84,
143,
9,
14,97,
9,
6,
13,
30,
38,
9,
6,
2,
4,
10,
22,
14,
11,
11,
30,
165,
9,
14,97,
4,
50,
2,
4,
6,
22,
6,
14,
22,
22,
14,97,
97,
48,
14,
4,158,
97,
16,
38,
5,
38,
4,6,51,
38,
38,
4,
80,
6,
80,
4,
6,
9,
11,
89,
9,
6,
6,
0,
80,
6,
13,
9,
6,
6,
6,
4,
18,
4,
158,
4,
4,
4,
4,
4,
4,
3,
3,
3,
107,
4,
3,
3,
183,
4,
4,
107,
4,
4,
3,
3,
10,
4,
3,
18,
4,
11,
84,
13,
13,
9,
11,
4,11,
13,
76,
13,
152,
13,
6,
4,51,
4,
13,
11,
13,
74,
13,
13,
11,
11,
6,
11,
11,
6,
10,
24,
4,158,
24,
6,
4,158,
4,158,
4,
4,24,
9,
24,
10,
24,
24,
4,158,
4,
4,158,
4,158,
4,
4,
10,
10,
4,158,
4,24,
10,
4,
13,
13,
9,
10,
150,
13,
13,
10,
150,
101,
8,
150,
101,
6,
13,
18,
15,
150,
150,
13,
10,
4,158,
8,
6,
34,
13,
152,
13,
13,
31,
84,
107,
13,
4,
1,
14,
84,
84,
3,
4,
107,
18,
84,
84,
84,
107,
107,
5,
4,
13,
84,
14,
84,
6,11,
48,
84,
2,
4,13,84,
107,
4,
13,
20,
0,
0,
9,
9,
0,
0,8,
20,
9,
6,
8,
11,
13,
0,
13,
11,
8,
0,
0,9,
19,
65,
0,
9,
65,
20,
21,
0,
69,
14,
14,
195,
12,
12,
12,
14,
14,
14,
12,
14,97,
14,97,
14,
14,
8,
14,
14,
14,
195,
12,
14,
195,
14,
14,
14,97,
14,
12,
3,
97,
14,
10,
9,
4,
19,
6,11,
0,
9,
6,
19,
9,
19,
15,
19,
10,
10,
19,
19,
9,
11,
0,
19,
11,
4,
84,
6,
19,
9,
97,
114,
6,
4,
4,158,
8,
13,
83,
11,
11,
4,158,
11,
11,
4,158,
0,6,
4,158,
11,
13,
4,158,
4,158,
6,
11,
4,158,
4,158,
6,
0,6,
44,
4,158,
4,
4,
4,158,
11,
4,158,
3,
3,
3,
4,
3,
156,
53,
3,
53,
53,
53,
156,
165,
65,
6,
53,
3,
4,
195,
41,
165,
20,
6,
6,
4,158,
156,
53,
156,
9,
6,
30,
16,
6,
30,
156,
38,
14,97,
6,
4,
31,
30,
1,
38,
31,
4,158,
156,
4,158,
38,
4,
11,
4,158,
156,
31,
156,
6,
9,
4,
83,
158,
165,
158,
158,
6,
16,109,
158,
4,158,
83,
30,
4,158,
4,158,
83,
158,
18,
10,
4,158,
4,158,
4,158,
22,
83,
4,158,
165,
30,
18,
30,
6,
0,
6,
4,158,
18,34,
30,
152,
11,
34,
30,
4,
18,
30,
177,
13,
13,
14,
118,160,
15,
4,
160,
118,160,
15,
14,
118,
14,
14,97,
116,
15,
160,
160,
118,
116,
160,
14,97,
160,
118,160,
118,160,
160,
160,
14,97,
116,
118,160,
160,
14,
4,
5,
161,
51,
14,
4,
14,
9,
30,
5,
14,8,
120,
14,
5,
30,
9,
30,
4,
8,
5,
5,
5,
4,
8,
5,
5,
5,
14,161,
14,
8,
6,
4,
4,
10,
6,
8,
54,
5,
5,
4,
5,
8,
12,
5,12,
8,
4,158,
5,
5,
8,
4,
4,
4,
14,61,
4,
4,
4,
8,
4,
4,158,
4,
4,158,
4,158,
4,
15,163,
4,
4,
7,
165,
4,158,
10,
4,
4,158,
4,158,
4,158,
4,158,
41,
163,
4,
10,
163,
4,
6,
101,
75,
6,
4,158,
18,
97,
6,
75,
22,
4,
14,97,
164,
4,
1,
10,
4,
95,
91,
165,
22,
22,
9,
53,
4,158,
22,
54,
165,
14,97,
5,
4,158,
6,
158,
6,
54,
54,
54,
6,
4,158,
158,
4,
165,
6,
4,158,
54,
6,
9,
55,
30,
30,
30,
89,
30,
9,
31,
30,
9,
30,
6,
30,
9,
38,
9,
30,
4,
89,
30,
30,
30,
30,
2,
9,
4,
5,
6,
20,136,
6,
10,
11,
9,
9,
10,
9,
54,
6,
9,
9,
6,
5,
54,
9,
6,
6,
5,
9,
5,
6,
10,
167,
6,
6,
31,
89,
31,
4,
4,
8,
156,
3,
94,
101,
4,
94,
94,
4,9,
94,
4,
94,
4,
3,
2,
22,
94,
94,
30,
164,
4,
94,
38,
94,
4,
8,
10,
41,
62,
14,
41,
41,
41,
0,
12,
41,
152,
14,97,
32,
29,
13,
123,
13,
97,
97,
13,
41,
29,
21,
60,
97,
30,
29,
13,
10,
22,
10,
10,
2,
22,
4,
4,158,
4,
10,
0,10,
38,
22,
60,
4,158,
4,158,
4,158,
10,
25,
11,
4,158,
10,
22,
4,22,
4,158,
10,
4,22,158,
60,
9,
171,
0,
5,
14,
4,
4,
0,
5,
5,
5,
5,
4,
5,
4,
5,
3,
6,
0,
5,
5,
51,
171,
5,
5,
65,
14,
6,
13,
10,
60,
0,
4,158,
76,
4,
4,158,
10,
76,
4,
65,
10,
4,
4,156,158,
4,
10,
0,
97,
10,
11,
4,158,
8,
4,
4,
4,
4,
9,
8,
3,
165,
195,
31,
97,
11,
156,
195,
6,
0,
9,
10,6,
156,
156,
31,
31,
13,
31,
8,
156,
6,
3,
156,
18,
4,
14,
4,158,
6,
9,
6,
4,
6,
9,
156,
48,
79,
12,
4,
14,
11,
42,
6,
11,
6,72,
4,
18,
14,97,
42,
18,22,
9,
14,97,
18,
6,
6,
8,
11,
4,
4,
4,158,
6,
10,
4,158,
4,158,
4,
5,
4,158,
4,158,
18,
11,
6,
6,11,
4,158,
4,158,
42,
4,158,
165,
4,
4,
4,
4,
4,158,
4,158,
3,
2,
6,
11,
53,
2,
2,
176,
6,
2,
10,
53,
9,
6,
2,
22,
53,165,
10,
176,
107,
2,
3,
176,
8,
6,
2,
14,97,
26,
2,
10,
164,
30,
30,
30,
30,
30,
31,
168,
30,
41,
94,
30,
31,
31,
30,
30,
30,
31,
30,
168,
41,
30,
7,
30,
30,
30,
164,
6,
53,
35,
6,
156,
35,
6,
165,
9,
156,
53,
53,
53,
30,
30,
53,
6,
53,
9,
6,
165,
53,
6,
6,
6,
53,
165,
35,
3,
165,
53,
179,
9,
50,
0,
78,
179,
6,
38,
6,
91,
9,
13,
14,
7,
7,
179,
31,
179,
179,
38,
31,
91,
99,
99,
8,
0,
19,
53,
53,
101,
4,158,
30,
30,
30,
30,
0,
165,
165,
74,
10,
101,
74,
18,
53,
107,
181,
107,
25,
107,
6,
22,
181,
189,
107,
6,
0,
2,
181,
195,
2,
78,
6,
0,
11,
13,
181,
14,
181,
181,
6,
6,
14,97,
9,
107,
60,
14,
20,
14,
2,
22,
13,
9,
55,
9,
0,
0,
2,
41,
2,
60,
9,
65,
20,
55,
6,
22,
0,
2,
62,
0,
53,
30,
9,
9,
6,
30,
9,
1,
30,
9,
9,
9,
30,
31,
62,
22,
31,
7,
7,
53,
0,
31,
22,
31,
9,
14,
128,
14,
2,
2,
128,
184,
184,
2,
128,
62,
22,
14,
6,
2,
0,
184,
62,
62,
97,
13,
128,
10,
2,
0,
2,
15,
14,97,
2,
2,
9,
144,
30,
0,
65,
35,
9,
9,
15,
0,10,
9,
31,
14,
9,
4,
65,
6,
9,
9,
38,
38,
9,
8,
10,
9,
9,
10,
4,
65,
65,
65,
65,
65,
14,97,
10,
165,
10,
97,
10,
4,
4,
10,
4,
4,
6,
4,9,
97,
65,
14,97,
65,
4,10,
97,
4,
65,
53,
6,
53,
30,
156,
53,
9,
6,
4,
6,
6,
6,
9,
54,
4,
9,
6,
4,
54,
165,
31,
30,
6,
6,
65,
46,
5,
0,
4,158,
6,
9,
0,9,
97,
0,
0,
0,
97,
97,
0,
65,
0,
9,
0,
0,
0,
9,
11,
0,
11,
11,
16,
0,
30,
0,
84,
30,
11,
107,
0,
168,
13,
166,
0,
6,
4,
30,
11,
30,
11,6,
11,
11,6,
9,
11,
30,
6,
9,
9,
107,
84,
166,
8,
14,97,
84,
84,
84,
6,
84,
181,
13,
84,
18,
6,
0,84,
51,
18,
84,
4,158,
30,
30,
34,
6,
11,
14,97,
14,
84,
18,
4,
14,
8,
8,
6,
11,
6,
89,
6,
4,
11,
9,
13,
9,
68,
6,
9,
9,
11,
13,
89,
0,
97,
4,
4,
29,
97,
14,97,
21,
19,
13,21,
0,
195,
0,
65,
21,
0,
18,
19,
65,
65,
21,
15,
4,158,
0,
4,158,
38,
4,158,
4,
6,
82,
4,158,
15,
15,
6,
15,
4,158,
38,
165,
82,
31,
6,
158,
15,
15,
34,
15,
34,
15,
116,
30,
15,
126,
31,
8,99,
8,30,
14,
194,
126,
14,
8,
164,
194,
14,
14,97,
194,
194,
14,97,
1,
1,
181,
31,
126,
31,
8,
14,
9,
194,
194,
126,
194,
4,158,
4,
3,
4,158,
195,
4,158,
3,
4,158,
3,
14,97,
195,
3,
156,
4,158,
5,6,
4,158,
83,
165,
4,158,
6,
6,
53,
165,
180,
11,
53,
18,
30,
101,
4,158,
22,
4,
22,
30,
180,
4,158,165,
6,
183,
53,
101,
34,
30,
6,
101,
35,
6,
30,
6,
48,
10,
10,
9,
0,
10,
13,
13,
69,
14,97,
4,158,
0,
0,
4,158,
4,
4,
14,97,
4,158,
25,
13,
24,
4,
0,
4,13,158,
10,
6,
4,
74,
0,
4,
13,
13,
13,
74,
13,
152,
152,
9,
13,
13,
30,
152,
152,
4,
19,
0,
13,
14,
84,
13,
8,
65,
13,
67,
13,
199,
3,
4,
6,
3,
4,
3,
6,
165,
6,
3,
3,
4,
3,
3,
165,
22,
156,
10,
107,
3,
3,
3,
22,
165,
3,
3,
165,
