6,
6,
6,
6,
6,
6,
4,
6,
6,
6,
6,
6,
4,
6,
6,
6,
143,
66,
84,
187,
180,
84,
179,
63,362,
66,
179,
179,
236,
181,
4,
66,
66,
6,
6,
6,
6,
6,
6,
6,
4,
6,
6,
6,
4,
6,
6,
6,
6,
356,
143,
187,
17,
39,
8,
43,
84,
8,
356,
143,
8,
356,
356,
356,
181,
8,
8,
8,
43,
8,
181,
9,
8,
39,
143,
63,362,
43,
8,
178,
8,
223,
187,
236,
8,
43,
8,
61,
84,
8,
181,
61,
90,
178,
245,257,
8,
17,
8,
63,362,
17,
8,
20,
20,
77,
13,
9,133,
245,257,
29,
17,
8,
17,
125,
245,257,283,
245,257,
245,257,283,
13,
8,
245,257,283,
14,
20,
8,
236,
245,257,283,
8,
8,
179,
43,
47,
257,
179,
77,
29,
17,
47,
63,362,
8,
8,
17,
13,
17,
245,257,283,
17,
245,257,
17,
17,
8,
8,
17,
8,
8,
13,
47,
8,
13,
245,257,283,
17,
8,
8,
245,257,
13,
13,
9,133,
20,
8,
17,
13,
20,
245,257,
245,257,283,
84,180,
8,
20,
8,
9,133,
179,
356,
245,257,283,
133,
8,
20,
29,
17,
39,
62,
26,236,
178,
63,181,362,
8,
236,
165,80,
8,
257,
13,
8,
181,
245,257,
8,179,
8,
8,
66,
66,438,
39,
66,
47,
187,
181,
84,
47,
66,
43,
66,
84,
39,
8,
8,
236,
8,
223,
8,
181,
43,
8,
39,
8,9,
8,
8,
17,
47,
61,
47,
356,
84,
8,
63,362,
61,
236,178,
8,
178,
9,
8,
43,
8,
61,
125,138,
312,
38,118,135,
125,
121,
125,
125,
116,
132,
8,
125,138,
379,
132,
379,
125,
132,
125,
125,
125,
132,
38,118,
38,118,
125,
125,
38,118,407,
379,
135,
8,
125,
78,
132,
125,
139,
125,
312,
312,
38,118,
125,
125,
125,
125,
125,
125,
116,
116,
125,
356,
43,
78,
43,
8,
356,
43,29,
8,
164,
62,179,356,
236,
356,
84,
223,
187,
164,
8,43,
11,
8,
43,
43,
43,
8,43,
43,
8,43,
133,
43,
43,
143,
8,
43,
8,
187,
43,
47,
78,
43,
8,
43,
43,
78,
133,
39,
8,
236,
8,
8,
245,257,
78,
61,
164,
43,
43,
43,
8,
47,
311,
311,
236,
47,
47,
47,
311,
236,
236,
125,196,
66,438,
187,
63,362,
187,
47,
46,
312,
47,
236,
47,
236,
46,
311,
311,
236,
125,138,
8,
46,
311,
8,46,
47,
46,
46,
47,
47,
46,
8,43,
4,
178,
8,
164,
8,90,
47,
178,
236,
8,
8,
47,
4,
181,
8,
316,
240,438,179,
20,
47,
236,
43,
240,179,
47,
47,
8,
63,362,
47,
181,
236,
223,
66,
223,
8,
63,
223,
4,
63,62,223,362,
61,
4,
8,83,
29,
47,
8,63,
133,257,
133,
223,
223,
62,
63,62,362,
133,
61,
356,
223,
223,
187,
187,
63,362,
47,
8,
29,
179,
438,
62,
39,
187,
84,
66,
181,
223,
72,
245,257,283,
47,
66,
236,
178,
187,
8,
438,
178,
62,358,
47,
47,
63,362,
181,
63,362,
43,
4,
63,362,
236,178,
236,
4,
66,
8,
84,
245,257,
223,
84,
223,
47,236,
8,
438,179,
236,
9,
66,
125,
164,
47,
8,
133,
143,
168,
187,
8,
39,
43,
8,
84,
4,
84,
223,
43,
143,
8,
11,72,178,
9,
66,438,
47,
223,
84,
47,
43,
164,
43,
223,
196,
179,
20,
66,
8,
4,6,
63,165,62,362,
356,
66,
8,
43,
8,
179,
8,
180,
196,
74,
47,
47,
47,
11,178,
223,
47,
8,
8,164,
356,
257,
55,
63,62,55,362,
8,
47,
181,
356,
8,
8,
223,
47,
61,
62,358,
8,
47,
8,257,
438,
11,178,
8,43,
66,
62,
181,
165,
43,
245,257,
181,29,
179,356,
116,
125,
223,
168,
47,
78,
46,
78,
78,
78,
78,
78,
125,
125,
78,
78,
8,236,
78,
125,
311,
47,
236,
8,
8,
8,
8,43,
133,
257,
170,
43,
78,311,
78,
78,
78,
311,
78,
78,
20,
245,257,
47,
8,
236,
257,
8,
438,
62,170,
133,
8,
47,
8,
8,
283,
8,
143,
8,
84,
8,
181,
63,62,362,
90,
187,
133,257,
47,
63,362,
181,
43,
178,
66,
8,
8,
17,
8,257,
187,
164,
62,
236,
84,
8,
8,
8,
178,
39,
84,
55,
8,
125,
245,257,
8,
9,
8,
245,257,
9,133,
84,
63,62,55,362,
8,
178,
356,
8,
63,362,
63,
8,
133,
11,
8,90,
8,
181,
8,
8,
331,
11,
8,
178,
8,
83,
55,
179,356,
66,
8,
8,
125,
179,
179,356,
179,
331,
179,
381,
164,
47,
62,
47,
9,133,
39,
63,62,362,
63,
63,362,
236,
8,
4,
47,
66,
8,
47,
181,
178,
43,
356,
438,
39,
179,
356,
66,
8,
29,
66,
8,
133,
8,
63,362,
43,
8,
8,
179,
84,
4,
356,
43,
66,438,
66,
179,
47,
39,
143,
8,
47,
47,
72,
8,
8,
356,
84,
26,236,
84,
8,43,
283,
236,
181,29,
17,
236,
69,
187,
438,
13,
245,257,283,
179,356,
63,362,
63,362,
55,
179,
8,257,
179,
17,
438,
29,
63,362,
178,
47,
8,
257,
20,
283,
47,
47,
8,
84,
8,
47,
181,
8,
133,
13,
283,
62,
8,
66,
196,
438,
39,
9,
8,181,
8,
39,
84,
240,
39,
39,
356,
43,
8,
143,
47,
143,
61,
63,62,
4,
66,
125,
62,
236,178,
125,
125,
223,
4,
4,
43,
180,
236,
236,
245,257,
47,
356,
143,
62,
181,
356,
8,
8,179,
181,
168,
168,
29,
8,
165,80,
62,
43,
63,362,
8,
116,
236,
179,
8,
356,
223,
116,
125,
125,138,
125,
125,
125,138,
8,
132,
121,
116,
47,
8,
72,
80,
181,
63,362,
125,
62,
181,
257,
39,
67,
63,362,
84,
8,
125,
116,
125,138,
125,
125,116,138,
125,138,
38,118,
125,
38,118,
236,
125,
196,
125,
38,118,135,
8,
84,180,
132,
125,
132,
8,
312,
43,
132,
116,
116,
116,
135,
125,
125,
125,
38,118,
116,
337,
196,
125,
8,
38,118,
125,
116,
38,118,
121,
121,
121,216,
121,
38,118,
216,
139,
121,
125,138,
139,
135,
125,116,138,
125,
135,
379,
121,
8,
84,
8,
125,
356,
8,
196,
187,
8,
135,
125,
135,
125,
125,
8,
139,
8,
8,
116,
236,
236,
356,
125,
38,118,
139,
125,116,138,
116,
125,
125,
116,
116,
125,
125,138,
121,
135,
312,
125,
125,
116,
8,
125,
236,
8,
8,
116,
121,
125,
38,118,
116,
125,
125,138,
125,
132,
125,
132,
116,
132,
125,
121,
125,
116,
78,
125,
125,
121,
116,
116,
181,29,
125,
38,118,
38,118,
125,
312,
47,
125,
8,
313,
125,
8,
125,
125,
181,
143,
63,62,362,
133,
245,257,
8,125,
223,
223,
8,
29,
8,385,
9,133,
116,
132,
312,
379,
311,
125,
132,
132,
135,
125,138,
116,
125,
125,
121,
8,
116,
121,
125,
121,
132,
379,
121,
125,
135,
38,118,407,
8,
236,178,
125,
125,
125,138,
125,
125,
8,
125,138,
196,
116,
125,
139,
8,356,
125,
312,
63,62,362,
187,
385,
43,
8,
29,
438,
236,
66,
84,
72,
8,83,
196,
178,
47,
66,
84,
8,
223,
331,
8,
356,
84,
196,
8,
63,362,
178,
43,
84,
8,179,356,
84,
84,
62,
39,
179,356,
61,
8,
8,83,
8,
38,118,
125,
121,
132,
125,
125,
121,
116,
125,
337,
38,118,
312,
125,
116,
125,138,
125,138,
34,
116,
216,
312,
116,
337,
121,
135,
312,
125,
132,
125,138,
125,
125,
125,138,
125,
379,
135,
125,
34,
38,118,
125,
125,
125,116,138,
132,
312,
121,
116,
125,
132,
121,
125,
216,
125,
125,
121,
132,
125,116,138,
125,
125,
132,
116,
38,118,135,
135,
121,
125,
47,
116,
125,
125,
385,
125,
8,
125,
181,
8,
116,
125,138,
116,
125,
125,116,138,
132,
121,
135,
116,
125,
8,
379,
337,
116,
125,
125,
34,
132,
216,
116,
312,
125,
125,
38,118,
121,
125,
125,
38,118,
38,118,
196,
8,125,
135,
125,
116,
135,
125,
38,118,
312,
139,
121,
38,118,135,
125,
125,
125,
125,
139,
125,
125,
132,
379,
121,
196,
8,
168,
8,
168,
29,
61,
168,
8,
63,165,62,
438,
8,
17,
223,
43,
133,
8,
8,
438,
77,
178,
8,
133,
8,
8,
29,
63,362,
283,
8,
8,
168,
236,
8,
8,
356,
47,
2,438,
168,
63,62,362,
223,
47,
168,
8,
164,
168,
8,
181,
168,
168,
168,
223,
80,
168,
8,
61,
257,
168,
223,
168,
8,
8,
8,
62,
61,170,
257,
179,
8,66,
179,
63,362,
133,
8,
43,
77,
43,
168,
257,
77,
214,
8,
133,
63,362,
8,
66,438,
39,
29,
236,
39,
168,
8,
133,
178,
20,
168,
168,
245,257,
181,
257,
133,
125,
43,
187,
257,
8,
8,
8,43,
84,
223,
356,
356,
179,
29,
8,
196,
47,
223,
47,
43,
47,
179,236,
8,
438,
63,72,62,362,
39,
236,
8,
43,
8,
438,179,
181,
133,
63,62,362,
90,
179,356,164,
438,
8,
43,
356,
8,
180,
8,
180,
39,
47,
8,43,
43,
179,
8,
223,
143,
181,
8,
245,257,
43,
39,
181,236,
84,
181,
84,
78,
178,
187,
8,
187,
8,26,181,236,
55,
66,438,
181,
181,
223,
66,
66,
438,
66,
78,
78,
187,
47,
8,
43,
438,
358,
43,
43,
236,
8,
356,
39,
179,
179,
39,
178,
66,
187,
164,
62,
187,
8,
143,
39,
187,
61,
187,
8,
245,257,
62,358,
84,
8,
223,
84,
38,118,
196,
38,118,
125,
125,
8,
13,
13,
245,257,283,
257,
17,
17,
245,257,283,
47,
8,
245,257,
8,
13,
8,
8,
17,
245,257,
20,
17,
17,
17,
17,
125,
283,
245,257,
245,257,283,
356,
29,
8,
245,257,283,
62,
62,
196,
8,
47,
47,
8,
164,
62,358,
133,
356,
125,
196,
84,
39,
84,
8,
178,
125,
125,
8,
116,
9,
8,
125,
77,
8,
8,
61,
43,
29,
181,
8,
8,125,
63,62,362,
170,
125,
181,
125,
356,
63,62,362,
236,
125,
125,
8,245,257,
181,
9,133,
125,
8,
8,
125,
196,
84,180,
8,
6,
6,
6,
6,
6,
6,
6,
6,
438,
6,
6,
6,
6,
6,
6,
63,362,
245,257,316,
74,
9,
8,
223,
245,257,283,
223,
84,
63,362,
29,
8,
61,
257,
181,
62,
8,43,
63,62,362,
8,
13,
356,
8,43,
181,
66,
181,
66,143,
8,
223,
62,179,
63,362,
8,
245,257,
8,
66,
385,
125,
4,
63,62,362,
438,
245,257,
196,
62,179,
61,
63,62,55,362,
63,362,
84,
8,
356,
187,
11,
295,
84,
236,178,
8,
236,
47,
47,
47,236,
47,
223,
63,362,
61,
245,257,
8,
47,
66,
438,
164,
47,
63,362,
63,362,
62,
223,
223,
223,
61,
29,
8,
61,
61,
223,
8,
62,83,
216,
216,
121,
38,118,
121,
121,
121,
121,216,
38,118,
121,
121,
121,
121,
63,181,362,
438,
84,
8,
196,
178,
43,
43,
8,
62,
8,
8,43,
63,362,
8,
9,
4,
11,
223,
83,
47,
223,
84,
63,362,
223,
8,
223,
62,358,
61,
223,
8,
8,
438,179,
9,
125,
39,
66,
6,
223,
223,
63,362,
223,
223,
223,
62,223,
223,
223,
77,
62,
179,
84,
179,236,
223,
29,
8,
1,230,
6,
6,
6,
6,
6,
6,
231,
6,
4,
6,
6,
6,
6,
6,
6,
168,
438,
8,43,
223,
179,
179,356,
4,
63,
8,43,
63,62,362,
181,
43,
8,
61,
61,
8,
9,
8,
9,
178,
8,
66,
43,187,
8,9,133,
63,236,55,170,362,
178,
4,
356,
29,
39,
43,
236,178,
8,
143,
47,
187,
47,
295,
181,
8,
84,
8,43,
62,
438,
72,
181,
84,
63,362,
438,
63,62,362,
181,
8,
223,
181,
180,
47,
178,
43,
63,362,
316,
8,
47,
438,
9,
47,
39,
179,
356,
66,
164,
257,
9,66,
143,
181,236,
43,
438,
63,362,
8,
62,
63,362,
43,
236,
8,
133,
63,
240,
8,
8,
72,
236,
8,
72,
236,
66,
179,
8,
164,
43,29,
245,257,
66,
245,257,
66,
47,
179,
43,
8,
62,
8,
8,
181,133,
223,
8,
257,
29,
17,
63,62,362,
62,
8,
8,
178,
62,
223,
62,358,
9,
438,
43,187,
47,
236,
43,
43,
43,187,
66,
223,
187,
236,
8,
39,
43,
8,27,
187,
236,
8,
236,
8,
181,
8,
39,
165,
8,
116,
178,
125,
356,
125,
125,
125,
121,
139,
125,
135,
312,
125,
236,
356,
84,
61,
257,
43,
63,362,
125,
63,62,362,
47,
63,362,
47,
77,
29,
63,362,
8,
47,
9,133,
236,
29,
29,
47,
8,
9,
165,
8,
179,
11,
223,
8,
29,
236,
8,
8,
8,
8,62,
66,
9,
8,
47,
223,
164,
8,83,
187,
43,
187,
181,
4,66,
29,
181,
63,362,
61,
356,
62,
8,
61,
8,
8,
63,
179,
66,
8,
236,178,
8,
178,
8,
8,
179,204,
8,
8,133,
8,
47,
356,
43,
8,83,
356,
356,
133,
179,356,
223,
9,133,
8,
17,
8,
63,
43,84,
223,
356,
8,
170,
26,236,
8,
62,358,
187,
8,
29,
179,316,
8,
245,257,283,
257,
8,
8,
47,
223,
236,
245,257,283,
17,13,
74,
133,
17,
47,
8,
236,
8,
8,
8,
181,
43,
164,
8,
13,
17,
20,
356,
133,
47,
438,
8,
8,
61,
43,
63,62,362,
8,
39,
181,
181,
9,
29,
29,
62,
187,
187,
43,
181,
47,
223,
63,181,362,
66,
257,
245,257,
13,
84,
43,
379,
337,
66,438,
38,118,
8,
125,
132,
116,
8,
8,
116,
125,
6,
125,
135,
8,
181,
39,
223,
88,
43,
331,
8,
245,257,283,
74,
8,
125,
356,
13,
17,
8,
8,196,
245,257,
245,257,283,
8,
8,
179,
47,
8,257,
165,80,
125,
20,
13,
8,
245,257,283,
8,
8,
63,362,
84,
236,
245,257,
47,
66,438,
179,
43,
8,
178,
29,
8,
179,356,
331,
8,356,
8,181,
133,
8,
39,
8,
17,13,
84,
180,
39,
135,
125,
125,138,
121,
34,
379,
121,
116,
133,
62,
181,
84,
196,
84,
84,
9,
181,
66,
223,
356,
66,
2,66,438,
8,
438,
84,
84,
8,
356,
39,
8,
143,
9,
62,
39,
43,
8,133,
63,181,362,
39,
8,
84,
62,
62,
47,
240,
17,
133,
118,
47,
8,
62,
58,
26,236,
58,
179,356,
179,
61,
245,257,
84,
8,
164,
84,
8,
9,
181,
187,
257,
8,
39,
8,
8,181,
133,
196,
356,
84,
43,
9,133,
178,
2,66,438,
356,
63,181,362,
84,
438,
236,
66,
181,
257,
8,
257,
47,
8,
179,
125,138,
8,
125,
66,
66,
8,
66,
125,
66,
438,
125,138,
66,
66,
125,
77,
80,257,164,
8,
77,
8,27,
133,
8,181,
8,
55,
62,
62,
438,
179,
63,62,223,
181,
62,
179,
181,
47,
356,
125,
133,
8,179,
223,
438,
8,
438,
223,
8,
29,
29,
311,
236,
116,
47,
125,
125,
311,
311,
8,
8,
132,
47,
311,
236,
125,
311,
312,
125,
312,
47,
312,
6,
312,
312,
4,139,
125,
6,
125,
6,
125,
116,
135,
385,
78,
135,
135,
223,
8,
356,
17,
164,
20,
17,
240,
245,257,
245,257,283,
179,356,
179,356,
331,
331,
331,
181,
116,
116,
125,
121,
38,118,
125,
125,
116,
312,
125,
132,
38,118,135,
8,
151,
135,
379,
116,
125,138,
139,
125,
121,
43,
187,
43,
187,
43,
39,
187,
39,
43,
187,
63,362,
181,
47,
43,
143,
43,
331,
143,
8,
187,
257,
8,
43,
8,
8,
8,
43,
8,
181,
8,
62,358,
84,
66,
8,
116,139,
6,
5,
6,
6,
6,
6,
6,
6,
6,
6,
6,
6,
6,
6,
4,
6,
6,
6,
6,
6,
6,
6,
6,
4,
6,
6,
6,
6,
6,
6,
6,
6,
6,
6,
5,
6,
6,
6,
6,
6,
88,
8,
8,
8,
8,
8,
8,
8,
331,
8,
125,
29,
62,
331,
39,
245,257,283,
20,
39,
8,
236,178,
132,
38,118,
312,
135,
34,
38,118,
125,116,138,
125,
38,118,
125,
139,
116,
125,
8,
311,
312,
132,
125,138,
34,
236,
312,
34,
312,
66,438,
78,
38,118,
38,118,407,
8,
356,
43,
26,236,
356,
8,
356,
125,
63,62,
125,
8,
125,
43,
8,
9,133,
181,
236,
135,
121,
312,
121,
38,118,135,
125,
38,118,
38,118,407,
312,
125,
121,
132,
38,118,
125,
135,
6,
6,
66,
6,
6,
6,
6,
6,
6,
6,
6,
6,
6,
6,
4,
6,
6,
6,
6,
6,
66,
6,
4,
6,
6,
6,
26,236,
58,
58,
8,
58,
133,
58,
29,
62,
66,
8,
61,
125,196,
178,
181,
43,
63,62,223,362,
8,
66,
66,
8,
62,
181,
8,
63,362,
125,
165,178,
29,
164,
63,362,
223,
181,
84,
8,
196,
8,
356,
356,
187,
8,
133,
26,236,
62,
66,181,
356,
179,356,
62,
8,
8,
8,
8,
63,362,
179,356,
29,
8,
245,257,283,
84,
8,
178,
181,
181,
8,
62,
143,
84,
84,
178,
39,
84,
8,
47,
8,
84,
47,
66,
181,
29,
4,
29,
63,362,
133,
8,
179,
8,
29,
8,
187,
165,80,
63,362,
181,
39,
47,
8,164,
181,
66,
66,
8,
66,
39,
62,
8,
8,
178,
39,
8,9,
8,
43,
8,43,
8,
63,
223,
63,
63,362,
8,
236,
17,
6,
6,
4,
1,
6,
415,
6,
6,
164,
29,
63,362,
8,
77,
8,83,
164,
47,
8,
8,
164,
356,
181,
168,
8,
66,438,
58,
58,
58,
58,
58,
58,
8,
125,
116,
125,
8,125,
125,
125,138,
125,
39,
66,
66,
39,
63,362,
240,
8,
356,
26,236,
8,
125,
179,
125,
125,
179,
223,
47,
29,
168,
438,
63,362,
80,
55,
132,
125,
116,
125,138,
116,
132,
132,
38,118,135,
47,
116,
38,118,407,
125,
8,
379,
58,
125,
139,
61,
59,
72,
331,
125,
61,
143,
47,
8,
77,
181,
438,179,
63,59,362,
43,
245,257,
20,
8,
20,
20,
80,257,
66,
125,
181,29,
8,
39,
63,362,
4,
6,
8,
66,
66,
4,
223,
178,
61,
47,
125,
34,
125,
135,
34,
125,
337,
379,
47,
47,
379,
8,
34,
125,
78,
8,
178,
62,179,
179,
47,
29,
8,
63,62,362,
47,
168,
63,362,
8,
179,356,164,
8,
29,
133,
8,
8,
181,29,
43,
143,
8,
43,
47,
43,
66,
245,257,
8,
257,
17,
20,
8,
8,
181,
178,
181,
245,257,283,
164,
61,
29,
8,
125,
78,
132,
125,116,138,
132,
132,
132,
139,
125,
132,
43,
61,
43,
6,
29,
6,
6,
125,
6,
6,
125,
6,
6,
6,
125,138,
116,
6,
6,
6,
1,
6,
6,
6,
4,
6,
6,
6,
6,
6,
132,
125,
6,
125,
6,
125,
6,
125,
116,
116,
125,
125,
8,
125,
121,
116,
135,
139,
121,
379,
38,118,
125,
121,
135,
125,
38,118,
125,
135,
125,
38,118,135,
116,
8,
245,257,283,
66,
4,
8,43,
8,
8,179,
8,90,
181,
165,80,
356,
63,62,362,
236,
133,
43,
8,
63,62,55,362,
66,438,
84,
8,
187,
187,
8,
43,
187,
66,
8,
78,
178,
9,
8,
181,
181,
8,
8,
178,
43,
187,
187,
6,
6,
6,
6,
6,
4,
6,
6,
179,
181,
168,
168,
168,
168,
66,
77,
168,
168,
168,
168,
168,
168,
168,
245,257,
165,
17,
236,
63,362,
29,
20,
63,
245,257,
58,
257,
17,
66,438,
179,
178,
356,
187,
8,
8,
84,
181,
66,
8,
236,
8,
8,
39,
39,
179,
8,
8,
8,
178,
8,
143,
8,
66,
47,
181,
181,
78,
66,
66,
43,
8,
8,
66,438,
39,
39,
62,83,
181,
236,
8,
181,
63,362,
84,
236,
236,178,
8,
187,
66,
8,
43,
84,
29,
66,
84,
245,257,283,
29,
181,
11,
143,
84,
8,
63,66,133,
187,
63,362,
181,
187,
62,
11,178,
78,
43,
43,
46,
78,
78,
43,
78,
356,
181,
84,
8,
8,
125,
8,
116,
8,
66,
257,
8,
8,
4,
164,
356,
39,
63,62,362,
8,
179,356,
356,
8,
181,
187,
66,
26,27,236,
84,
2,438,
8,
236,
196,
236,
8,43,
125,138,
116,
133,
8,
47,
356,
356,
63,362,
84,
245,257,
43,
223,
84,
8,
84,
133,
62,
133,
8,
8,
8,
43,
168,
164,
63,62,362,
356,
356,
63,181,362,
187,
8,
62,
84,
29,
8,
29,
84,
8,
143,
356,
8,
331,
179,356,
179,
66,
8,
9,133,
8,
8,
194,
20,
6,
1,
6,
6,
6,
6,
6,
6,
47,
8,
47,
63,62,
8,
223,
133,
17,
17,
8,
316,
283,
43,84,
8,
62,358,
8,
181,
66,
11,178,
84,
84,
8,
143,
84,
84,
84,
84,
143,
8,43,
84,
84,
8,43,
84,
142,179,
168,
223,
62,
8,
236,
8,
245,257,
62,
356,
8,
168,
178,
39,
84,
8,43,
39,
223,
8,
223,
8,
84,
240,179,
61,
4,
39,
223,
125,
312,
125,
125,
132,
125,
313,
125,
379,
121,
139,
125,
125,
132,
196,
125,
125,138,
38,118,
132,
216,
121,
125,
121,
38,118,
116,38,118,135,
121,
312,
38,118,
125,
125,
132,
38,118,
84,
8,43,
223,
63,362,
8,
61,
43,
8,
245,257,
8,
8,
17,
143,
84,
223,
29,
63,362,
63,62,55,362,
11,178,
356,
39,
8,
46,
47,
236,
125,138,
39,
6,
6,
6,
66,
6,
6,
196,
61,
178,
8,
8,
8,
179,
47,
13,
58,
29,
8,125,
181,236,
187,
43,
181,
47,
62,358,
181,
43,
181,
187,
236,
125,
38,118,
135,
121,
125,138,
125,
125,
78,
125,
47,
78,
116,
8,
47,
9,
8,
11,178,
43,
187,
178,
125,
312,
84,
8,
8,
181,
8,
133,
39,
43,
84,
66,
4,
17,
223,
223,
223,
62,
223,
223,
121,
116,
125,138,
125,138,
121,
116,
38,118,
132,
38,118,135,
6,
116,
125,
125,
38,118,
38,118,135,
257,
168,
133,
178,
29,
316,
63,62,55,362,
8,133,
187,
43,
187,
187,
43,
132,
312,
125,
38,118,
8,
116,
125,
62,179,356,
133,
223,
121,
121,
121,
121,
121,
121,
121,
121,
168,
125,
62,83,
135,
125,138,
47,
116,
125,
132,
38,118,135,
125,
125,
132,
