47,
63,
0,
386,
330,
1,
63,
5,
5,
0,
0,
5,
4,9,63,358,
4,9,63,358,
330,
4,9,63,358,
107,
4,
47,
107,
63,
240,
4,63,
47,
63,
107,
181,59,104,
63,
107,
63,
63,
63,
0,
1,330,
0,
49,
5,
4,9,63,358,
4,9,63,358,
0,
5,
0,
0,
386,
63,
0,
63,
386,
240,
4,
61,
240,
240,59,104,
61,
4,
4,
240,59,104,
4,
4,
61,
4,
4,
4,
240,
4,
240,
391,
240,59,104,
61,
64,351,
240,59,104,
107,
4,
4,
4,
4,
240,
4,
181,59,104,
107,
107,
107,
107,
240,
80,
4,63,
4,
4,
144,
4,
240,
4,
9,358,
4,
240,
240,
47,
82,
4,
4,
51,
82,
47,
71,
4,
51,
71,
4,
71,
71,
82,
71,
240,
4,
71,
240,
4,
4,
71,
181,59,104,
125,
47,
47,
148,
46,
51,
8,
74,
51,
46,
47,
181,59,104,
181,59,104,
46,
82,
240,59,104,
46,
47,
4,
240,
123,391,
71,
8,82,
71,
46,
51,
123,391,
123,391,
82,
82,
240,
8,
240,
240,
181,59,104,
240,
181,59,104,
4,
4,
4,
71,
4,
8,82,
181,59,104,
4,
181,59,104,
142,
71,
123,
240,
82,
4,
240,
4,
181,59,104,
8,82,
8,
4,
82,
4,
8,
181,59,104,
4,
107,
107,
107,
107,
240,59,104,
107,
63,72,
51,
4,63,
107,
107,
4,
4,
107,
353,
107,
107,
107,
47,
107,
107,
240,
107,
107,
107,
107,
240,
181,59,104,
107,
240,
107,
107,
107,
4,
240,59,104,
240,
4,
4,
4,
4,
4,
353,
52,
4,
52,
8,
82,
8,
53,
8,
240,
240,
240,
240,59,104,
4,
4,
4,
72,
135,
353,391,
240,
353,391,
135,
135,
116,
116,
78,
353,
148,
38,254,317,
59,
373,
135,
353,391,
353,391,
373,
123,
148,
116,
148,
116,
119,
373,
373,
116,
164,
116,
38,254,317,
148,
116,
353,391,
116,
132,
59,104,
148,
38,254,317,
116,
82,
148,
116,
135,
135,
59,104,
148,
144,
4,
59,104,
107,
107,
4,
64,
107,
240,59,104,
8,
80,
61,
181,59,104,
82,
181,59,104,
8,
391,
61,
181,59,104,
391,
107,
59,104,
80,
59,104,
4,
107,
240,
181,59,104,
4,
77,
240,
4,
240,59,104,
43,59,104,
107,
43,59,104,391,
107,
107,
240,
59,104,
43,59,104,
240,
4,
107,
181,59,104,
240,
240,59,104,
240,
391,
4,63,
107,
240,
107,
107,
4,63,
391,
43,59,104,
43,59,104,
82,
59,104,
181,59,104,
53,
43,59,104,
65,
181,59,104,
38,317,
107,
82,
82,
4,
46,
43,59,104,
59,104,
51,
82,
107,
53,
47,
380,
373,
373,
71,
59,104,
72,
96,
373,
43,59,104,
65,
59,104,
107,
47,
351,391,
53,
52,53,
8,
82,
53,353,
240,
46,
276,
47,
47,
47,
181,59,104,
107,
107,
107,
53,353,
8,262,
8,
47,
52,
82,
4,63,
47,
47,
4,63,
240,
47,
53,
107,
82,
107,
107,
240,
53,
82,
4,
107,
107,
353,
107,
82,
47,
4,
4,
82,
164,
52,
52,
8,
8,
4,
82,
52,
72,
8,
4,
52,
47,
52,53,
52,
52,
141,
353,
53,
107,
107,
53,
52,53,
353,
181,59,104,
8,
53,
107,
107,
181,59,104,
107,
4,
107,
4,
107,
8,
82,
82,
53,
65,
240,59,104,
53,
181,59,104,
8,
82,
8,
63,
82,
181,59,104,
181,59,104,
4,
53,
53,
47,
107,
47,
107,
63,391,
107,
240,71,
82,
181,59,104,
82,
4,
53,
181,59,104,
353,
240,
107,
82,
4,
240,
4,
107,
82,
82,
351,
240,
4,63,
107,
107,
107,
240,59,104,
240,
52,
8,
8,
82,
82,
82,
52,
353,
53,
72,
52,
82,
315,
8,
47,
4,
82,
82,
8,
8,
82,
72,
8,
53,
47,
8,
80,
47,
52,
80,
53,
52,53,
63,72,
315,
240,
181,59,104,
51,
164,
353,
47,
65,
47,
52,
47,
82,
47,
4,
240,
4,
107,
181,59,104,
53,
4,63,
107,
4,
8,
8,
82,
82,
82,
181,59,104,
8,
82,
164,
59,104,
47,
391,
43,59,104,
351,391,
391,
351,391,
38,254,
59,104,
391,
391,
43,59,104,
391,
391,
391,
52,
82,
4,
52,53,
391,
8,
4,
240,
391,
391,
59,104,
391,
391,
43,59,104,
116,
391,
181,59,104,
72,
47,
8,
46,
82,
46,
82,
63,
82,
240,
47,
8,
51,
164,
4,
4,
4,
240,59,104,
4,
4,
4,
4,
353,
82,
134,
8,
82,
47,
82,
8,
240,
8,
82,
82,
82,
240,
8,
52,
61,
240,
4,
240,
61,
4,
240,
240,59,104,
71,
391,
59,104,
240,
240,
4,
4,
4,
4,
61,
4,
240,
181,59,104,
4,
61,
64,
64,
4,
4,
386,
72,
82,
52,
82,
134,
181,59,104,
4,
65,
8,
8,
4,
9,358,
8,
71,
4,
107,
4,63,
4,
107,
4,
107,
240,
8,
51,
181,59,104,
181,59,104,
8,
4,
181,59,104,
63,
240,
107,
107,
107,
107,
107,
181,59,104,
47,
240,59,104,
72,
4,
4,63,
240,59,104,
240,
107,
107,
9,358,
4,
4,
107,
107,
107,
107,
107,
181,59,104,
53,
107,
4,
4,
240,59,104,
4,63,
53,
240,59,104,
107,
107,
47,
181,59,104,
107,
46,
46,
82,
240,
47,
4,
4,
107,
4,
240,59,104,
240,59,104,
240,
82,
8,
240,
107,
380,
8,
82,
107,
107,
240,
240,
353,
181,59,104,
240,59,104,
240,
107,
82,
82,
240,
353,
353,
181,59,104,
82,
8,
8,82,
82,
8,82,
8,
8,
8,
181,59,104,
8,
107,
240,
240,
8,82,
82,
4,
240,
4,
240,
61,
240,
4,
181,59,104,
107,
53,
4,
107,
107,
53,
240,59,104,
107,
4,
353,
46,
82,
4,
61,
107,
64,
64,
53,
64,
107,
107,
107,
52,
47,
47,
63,
4,9,63,358,
47,
240,
52,
4,
4,
181,59,104,
52,
4,
80,
9,358,
4,
142,
4,
4,
64,
8,
4,
391,
4,
181,59,104,
47,
47,
4,
4,
8,
4,
116,
82,
164,
116,
148,
116,
116,
391,
65,353,
353,391,
8,
240,
65,
64,
4,
181,59,104,
4,
82,
82,
353,
4,
181,59,104,
4,
4,
181,59,104,
353,391,
8,
82,
8,
82,
123,
8,
353,391,
8,
71,
240,71,
240,71,
240,71,
353,
8,
82,
116,
353,391,
312,
82,
43,59,104,
116,
116,
116,
353,
135,
148,
116,
116,
116,
148,
116,
82,
353,
8,
82,
353,
8,
8,
135,
65,353,
353,391,
65,353,
116,
353,391,
65,353,
132,
116,
116,
116,
132,
4,
116,
164,
82,
116,
71,
61,
4,
240,71,
82,
8,
71,
4,
116,
116,
353,
116,
353,391,
134,
116,
116,
181,59,71,104,
71,
71,
47,
116,
181,59,104,
47,
181,59,71,104,
38,254,317,
82,
116,
82,
116,
337,
135,
38,254,317,
156,
82,
38,254,317,
49,
353,391,
8,
116,
240,71,
59,104,
82,
82,
240,71,
130,
65,353,
130,
116,
116,
82,
116,
353,391,
38,254,317,
82,
135,
38,254,317,
123,
38,254,317,
135,
116,
123,
116,
82,
116,
8,
8,52,
353,
82,
116,
116,
123,
116,
59,104,
116,
59,104,
373,
312,
116,
240,
61,
71,
123,
61,
240,
240,
240,71,
59,104,353,
4,
71,
71,
80,
51,
59,104,
240,71,
116,
43,59,104,
116,
116,
123,
116,
116,
116,
240,71,
8,
116,
82,
132,
240,71,
82,
164,
120,
116,
116,
148,
135,
148,
38,254,317,
135,
116,
8,
82,
123,
82,
82,
82,
8,
353,
116,
116,
116,
116,
82,
116,
132,
240,
240,
353,
64,351,
4,
240,
4,
8,
8,
52,53,
52,
8,
53,
141,
0,
82,
4,
240,
240,
181,59,104,
4,
240,59,104,
4,
4,
4,
240,
240,
4,
240,
240,59,104,
240,59,104,
4,
240,
181,59,104,
4,
4,
4,
65,
82,
116,
132,
353,391,
132,
116,
353,
135,
116,
351,
353,391,
132,
132,
116,
353,
116,
148,
135,
135,
116,
116,
38,254,317,
123,
116,
134,
49,
116,
132,
353,391,
116,
130,
116,
38,254,317,
135,
148,
148,
116,
353,391,
135,
116,
82,
132,
353,391,
353,391,
132,
119,
135,
38,254,317,
148,
116,
38,254,317,
116,
116,
116,
38,254,317,
142,
38,254,317,
116,
116,
353,391,
116,
135,
116,
135,
38,254,317,
353,391,
135,
123,
353,391,
135,
391,
64,
38,254,317,
135,
38,254,317,
135,
135,
353,
148,
116,
132,
353,
116,
123,
116,
353,391,
116,
135,
353,391,
116,
132,
116,
116,
59,104,
116,
116,
135,
135,
116,
82,
135,
135,
135,
351,
353,391,
156,
116,
116,
353,391,
116,
353,
353,391,
38,254,317,
38,254,317,
116,
82,
353,391,
116,
130,
123,
353,391,
132,
353,391,
135,
4,
240,
240,
240,
240,
181,59,104,
181,59,104,
181,59,104,
181,59,104,
181,59,104,
181,59,104,
240,
240,59,104,
63,
181,59,104,
142,
181,59,104,
142,
4,
63,
8,
181,59,104,
47,
51,
4,
142,
52,
71,
71,
71,
4,
181,59,104,
240,
107,
107,
107,
61,
107,
4,
240,
181,59,104,
240,
63,
47,
181,59,104,
240,
181,59,104,
64,
8,
4,
4,
63,
72,
181,59,104,
4,
8,82,
8,
240,
164,
353,
82,
8,
82,
4,
52,
52,
8,
52,
8,
4,
53,
240,
77,
77,
181,59,104,
72,
391,
4,
4,
107,
181,59,104,
59,104,
8,
52,53,
181,59,104,
53,
4,
4,
181,59,104,
4,
181,59,104,
8,
240,
4,
82,
53,
107,
181,59,104,
240,
107,
107,
181,59,104,
240,
52,
391,
4,
52,53,
240,
4,
8,262,
82,
52,
353,
52,53,
8,
8,
61,
134,
63,
59,104,
107,
107,
53,
181,59,104,
47,
53,
52,53,
53,
8,
353,
52,53,
107,
240,59,104,
4,
4,
4,
240,
391,
61,
4,
82,
240,
82,
107,
353,
8,
107,
107,
107,
107,
240,
107,
240,
107,
240,59,104,
107,
8,
80,
43,59,104,391,
59,104,
240,
82,
4,
4,
181,59,104,
107,
53,
65,
181,59,104,
107,
47,
107,
240,
59,104,
240,
240,
4,63,
240,59,104,
107,
181,59,104,
43,59,104,
4,
43,59,104,
4,
4,
61,
4,
4,
240,
107,
107,
107,
107,
107,
240,
4,
4,
4,
240,
4,
61,
181,59,104,
4,
107,
107,
181,59,104,
107,
353,
181,59,104,
82,
116,
116,
116,
135,
240,
46,
82,
82,
82,
82,
4,
71,
82,
46,
240,
51,
4,
46,
71,
71,
181,59,104,
181,59,104,
240,
142,
64,
240,59,104,
116,
82,
240,
240,
82,
240,
82,
82,
71,
4,
240,
71,
71,
47,
71,
4,
71,
71,
71,
181,59,104,
181,59,104,
80,
181,59,104,
71,
82,
8,
71,
71,
8,
82,
8,82,
80,
59,104,
181,59,104,
181,59,104,
52,53,
71,
181,59,104,
4,
4,
240,59,104,
71,
71,
240,59,104,
71,
71,
4,
240,
4,
71,
4,
240,
80,
47,
82,
240,
4,
8,
82,
82,
38,254,317,
8,
72,80,
0,
63,
47,
63,
63,72,
0,
386,
4,9,63,358,
63,
63,
0,
63,
63,
4,9,63,358,
8,82,
82,
8,
4,
240,
8,
8,82,
82,
4,
4,
82,
4,
4,
72,
82,
8,
4,
82,
4,
65,
134,
353,
240,
181,59,104,
82,
181,59,104,
353,
181,59,104,
240,
4,
181,59,104,
240,
107,
276,
63,
8,
4,
107,
107,
107,
4,
61,
4,
53,353,
240,
4,
4,
240,
4,
4,
61,
4,
181,59,104,
53,
353,
134,
4,
8,
52,
82,
4,
47,
181,59,104,
181,59,104,
82,
4,
4,
4,
47,
47,
4,
8,
181,59,104,
53,
4,
61,
82,
4,
82,
4,
353,
4,
4,
38,254,317,
353,391,
116,
116,
65,
135,
123,
116,
353,391,
353,391,
135,
353,
116,
4,
181,59,104,
4,
8,
59,104,
4,
59,104,
240,
8,
4,
4,
72,
240,59,104,
240,
4,
53,
181,59,104,
8,
8,
52,
107,
53,
141,
181,59,104,
65,
353,
181,59,104,
107,
65,
4,
181,59,104,
52,53,
353,
353,
141,
4,9,63,358,
63,
52,
59,104,
53,
141,
9,358,
4,
8,
4,63,
8,
4,9,52,63,53,358,
53,
52,
4,
107,
4,
65,
107,
63,
47,
0,
4,63,
0,
0,
63,
4,9,63,358,
4,9,63,358,
0,
0,
3,
63,
5,
0,
0,
107,
53,
53,
82,
8,82,
65,
65,
107,
107,
107,
53,
53,
134,
240,
61,
107,
61,
107,
107,
240,59,104,
107,
82,
107,
65,
82,
181,59,104,
107,
8,
4,
80,
181,59,104,
4,
107,
4,
181,59,104,
107,
59,104,
4,63,
240,
61,
63,
240,
107,
4,
164,
72,
240,
53,
65,
63,72,
52,
8,
65,
240,
240,
107,
107,
107,
240,
181,59,104,
240,59,104,
47,
107,
107,
107,
240,
107,
4,
107,
240,
240,
4,
61,
107,
4,
107,
107,
240,
240,
240,
107,
181,59,104,
240,
240,
181,59,104,
80,
47,
53,
46,
47,
181,59,104,
53,
80,
52,53,
8,
53,
181,59,104,
8,
181,59,104,
64,65,
134,
240,
181,59,104,
240,
181,59,104,
4,
240,
240,
240,
4,
4,
4,
4,
240,59,104,
4,
4,
4,
82,
240,59,104,
8,
240,
82,
181,59,104,
82,
46,
4,
47,
47,
80,
4,
107,
63,
8,
141,
53,
8,
4,
181,59,104,
8,
391,
107,
240,
181,59,104,
47,
181,59,104,
240,
4,
8,
71,
82,
82,
82,
8,
82,
240,
134,
123,
38,254,
64,
116,
132,
38,254,317,
82,
65,
240,59,104,
80,144,
8,
181,59,104,
53,
65,
4,
47,
107,
8,
4,
4,
164,
82,
47,
8,
47,
47,
8,
47,
52,
8,
82,
181,59,104,
353,
47,
134,
47,
181,59,104,
82,
52,
4,
353,
4,
240,
240,
53,
181,59,104,
8,
53,
65,
65,
4,
240,
4,
107,
63,
72,
353,
51,
4,
4,
107,
353,
8,
82,
8,
8,
82,
8,
8,
8,
240,
47,
8,
8,
8,
82,
4,
47,
4,
4,
8,
181,59,104,
4,
240,
4,
8,
82,
4,
82,
8,
240,
82,
82,
8,
82,
47,
82,
181,59,104,
82,
53,
181,59,104,
4,
8,
8,
8,
8,
8,82,
8,
52,
82,
47,
240,
82,
380,
391,
82,
47,
181,59,104,
107,
107,
82,
107,
8,
4,
181,59,104,
82,
63,
181,59,104,
4,
4,
82,
47,
8,
4,
240,
4,63,
107,
4,
240,
4,
61,
240,
240,59,104,
4,
51,
4,
8,
181,59,104,
8,
52,
9,358,
4,
4,
4,
4,
4,
240,59,104,
4,
353,
353,391,
353,391,
353,391,
123,
391,
123,
132,
123,
116,
82,
116,
391,
132,
116,
38,254,317,
116,
71,
4,
8,
240,
59,104,
4,
51,
107,
74,
8,82,
8,
8,82,
116,
8,82,
82,
8,
240,
82,
8,
51,
47,
8,
8,
8,82,
8,
82,
8,82,
82,
240,
82,
8,82,
353,
107,
46,
107,
59,104,
240,
46,
353,
240,
4,63,
240,
107,
4,
240,
181,59,104,
181,59,104,
4,
4,
240,59,104,
4,63,
82,
107,
181,59,104,
107,
116,
116,
135,
116,
135,
116,
135,
116,
240,59,104,
240,
59,104,
61,
61,
4,
4,
63,
181,59,104,
240,59,104,
107,
240,59,104,
107,
107,
240,
181,59,104,
107,
107,
47,
181,59,104,
107,
4,
53,
240,
63,
240,59,104,
80,
4,
4,
181,59,104,
4,
240,59,104,
82,
8,
8,
82,
52,53,
47,
82,
47,
91,
82,
240,
181,59,104,
181,59,104,
181,59,104,
82,
240,
240,59,104,
240,59,104,
4,
53,
240,
4,
240,
4,
61,
4,
4,
4,
4,
4,
240,59,104,
4,
4,
181,59,104,
4,
4,
4,
107,
107,
47,
53,
240,
181,59,104,
107,
47,
8,
4,
8,82,
8,
240,
63,
134,
353,
353,
38,254,317,
4,9,63,358,
130,
4,9,63,358,
116,
59,104,
63,
63,
4,9,63,358,
38,130,254,317,
130,
91,
8,
82,
8,
82,
8,
8,
8,
82,
8,
82,
8,
8,
82,315,
8,
82,
82,
8,
8,
91,
82,
8,
8,
8,
82,
8,
8,
8,
8,
82,
8,82,
351,
59,104,
43,59,104,
38,254,317,
43,59,104,
373,
43,59,104,
373,
59,104,
43,59,104,
78,310,
373,
43,59,104,
373,
43,59,104,
164,
78,310,
373,
312,
181,59,104,
312,
116,
59,104,
78,310,
353,
116,
148,
116,
116,
43,59,104,
123,
135,
38,254,317,
116,
135,
391,
181,59,104,
82,
8,82,
8,82,
8,
8,
391,
82,
82,
82,
82,
82,
4,
240,
52,
8,
71,
116,
116,
116,
353,391,
353,391,
116,
353,
43,59,104,
132,
132,
116,
132,
130,
119,
135,
116,
116,
353,
8,
116,
181,59,104,
107,
59,104,
181,59,104,
43,59,104,
181,59,104,
181,59,104,
181,59,104,
4,
4,
59,104,
181,59,104,
59,104,
107,
181,59,104,
61,
240,
4,
4,
4,
4,
240,59,104,
4,
4,
4,
4,
240,
53,353,
80,
107,
82,
8,262,
8,
4,
8,
5,
4,9,63,358,
4,9,63,358,
4,9,63,358,
5,
47,
1,330,
5,
63,
4,9,63,358,
5,
4,9,63,358,
386,
386,
4,9,63,358,
0,
116,
386,
4,9,63,358,
4,9,63,358,
0,
4,9,63,358,
4,9,63,358,
4,9,63,358,
63,
61,
4,9,63,358,
5,
4,9,63,358,
1,
4,9,63,358,
4,9,63,358,
5,
47,
386,
63,
4,9,63,358,
63,72,
5,
4,9,63,358,
4,
71,
71,
71,
107,
240,
240,
240,
391,
4,
80,
64,
4,
4,
4,
4,
61,
61,
4,
107,
116,
116,
59,104,
132,
373,
135,
353,391,
116,
123,
148,
135,
130,
148,
353,
353,391,
5,
59,104,
148,
353,
38,254,317,
132,
148,
59,104,
353,391,
240,
148,
59,104,
4,
4,
4,
144,
4,
82,
8,
240,
4,
240,
71,
240,71,
240,
240,59,104,
71,
107,
240,
116,
116,
59,104,
135,
116,
148,
135,
132,
116,
353,391,
123,
132,
38,254,317,
82,
116,
0,
0,
4,63,
0,
63,
5,
63,
0,
4,9,63,358,
5,
385,
0,
63,
0,
107,
63,
0,
386,
4,9,63,358,
5,
47,
0,
63,
330,
63,
63,
315,
47,
82,
8,82,
82,
82,
8,
82,
240,
59,104,
240,
61,
240,
61,
53,
107,
240,
4,
181,59,104,
240,
181,59,104,
4,
4,
9,358,
107,
82,
107,
53,
240,
107,
353,
107,
71,
71,
71,
181,59,104,
71,
4,
116,
240,
240,
4,
4,
4,
4,
61,
4,
4,
4,
4,
240,59,104,
4,
4,
240,
4,
4,
4,
4,
61,
240,
240,59,104,
240,
4,
144,
4,
4,
240,59,104,
4,
240,
240,
181,59,104,
4,
4,
47,
107,
82,
141,
8,
4,
52,
82,
52,
8,
181,59,104,
353,
53,
52,
240,
8,
8,
46,
53,
64,
141,
63,
63,
4,
4,
240,
4,
240,59,104,
4,
4,
4,
4,
4,
4,
61,
82,
8,
8,
82,
82,
8,
80,
8,82,
47,
4,9,63,358,
0,
1,330,
0,
47,
0,
0,
240,
51,
181,59,104,
51,
391,
82,
46,
181,59,104,
8,
4,
8,
181,59,104,
181,59,104,
8,262,
8,
240,
181,59,104,
8,
8,
142,
8,82,
8,
240,71,
38,254,317,
38,254,317,
135,
71,
38,254,317,
373,
53,
107,
64,
107,
53,
53,
107,
4,
240,59,104,
141,
8,
82,
8,
82,
8,
353,
8,
47,
8,
353,
82,
8,
181,59,104,
52,
148,
116,
116,
116,
373,
59,104,
38,254,317,
353,391,
38,254,317,
373,
116,
164,
8,
123,
8,
91,
116,
4,63,
82,
80,144,
240,
53,
4,
61,
107,
107,
107,
107,
107,
107,
107,
4,
240,
240,
181,59,104,
134,
8,
0,
52,53,
52,53,
9,358,
53,
52,53,
0,
0,
8,
82,
3,
0,
52,
71,
80,
43,59,104,
38,254,317,
353,391,
373,
373,
135,
148,
353,391,
116,
373,
164,
373,
116,
164,
391,
353,391,
373,
47,
52,53,
46,
47,
52,
52,53,
181,59,104,
46,
4,
4,
4,
4,
107,
240,
240,
240,59,104,
144,
181,59,104,
107,
107,
4,
4,
46,
240,
46,
8,
181,59,104,
181,59,104,
240,
4,
74,
181,59,104,
240,
82,
107,
82,
8,262,
80,
240,
373,
59,104,
43,59,104,
132,312,
116,
132,
132,
135,
116,
116,
8,
80,144,
47,
63,
63,
240,
5,
80,
38,254,317,
107,
5,
59,104,
47,
116,
116,
52,
8,52,
63,
4,9,63,358,
0,
1,330,
63,
0,
63,
0,
4,9,63,358,
80,
63,
63,
116,
148,
63,
116,
391,
4,9,63,358,
240,
63,72,
135,
123,
116,
116,
116,
391,
116,
353,391,
116,
116,
353,391,
116,
353,391,
116,
123,
116,
116,
353,391,
135,
353,391,
116,
116,
116,130,
123,
4,
65,
63,
4,9,63,358,
134,
8,
8,
4,
4,
240,59,104,
240,59,104,
4,
240,
240,59,104,
4,
4,
4,
4,
240,
8,
8,
240,
353,
8,
107,
82,
240,59,104,
38,254,317,
4,
107,
107,
107,
240,
181,59,104,
4,
240,
59,104,
4,
181,59,104,
63,
63,
0,
63,
4,9,63,358,
386,
5,
4,9,63,358,
144,
181,59,104,
4,
4,
4,
164,
63,
4,
4,
134,
4,
82,
4,
63,
63,
240,
4,
4,
46,
169,
240,
181,59,104,
8,
8,82,
82,
52,53,
8,82,
8,
8,
8,82,
240,59,104,
4,
240,59,104,
181,59,104,
240,59,104,
181,59,104,
107,
4,
107,
107,
4,63,
107,
240,
4,
59,104,
107,
4,
240,
61,
107,
107,
4,
107,
240,
107,
59,104,
53,
53,
65,
107,
181,59,104,
107,
107,
240,
4,
4,
107,
4,
240,
8,
107,
181,59,104,
4,
107,
4,
107,
4,
4,
61,
107,
107,
107,
53,353,
240,
82,
53,
107,
80,
353,
240,
4,
240,59,104,
4,
4,
4,
4,
391,
391,
47,
43,59,104,
391,
391,
391,
391,
63,71,80,
71,
80,
123,
8,
4,
82,
71,
181,59,104,
107,
4,
4,
107,
107,
4,
4,
4,
4,
4,
4,
4,
4,
107,
107,
107,
4,
4,
4,
240,
181,59,71,104,
71,
181,59,104,
82,
82,
71,
123,
8,
82,
4,
4,63,
107,
240,
82,
4,
4,
4,
4,
240,59,104,
4,
4,
391,
61,
4,
240,
4,
8,
4,
4,
240,
4,
4,
116,
4,
4,
61,
53,
4,
4,
4,
4,
4,
4,
4,
4,
240,
107,
107,
240,59,104,
82,
181,59,104,
181,59,104,
240,
181,59,104,
63,
63,
386,
4,9,63,358,
4,9,63,358,
4,9,63,358,
3,
63,
47,
8,
8,
82,
181,59,104,
82,
82,
82,
181,59,104,
8,
8,
65,
82,
82,
181,59,104,
240,
240,
4,
181,59,104,
4,
4,
4,
240,
144,
59,104,
240,
4,
4,
61,
4,
240,59,104,
240,
240,
4,
4,
63,
4,
64,
51,
4,
82,
4,
240,
52,
82,
82,
65,
4,
26,262,
240,
65,
107,
53,
240,
4,
4,9,63,358,
52,53,
71,
53,
53,
59,104,
132,
148,
116,
148,
116,
132,
351,
353,391,
135,
353,391,
135,
148,
123,
116,
116,
8,
116,
391,
148,
8,
148,
116,
82,
135,
116,
78,
135,
135,
353,
59,104,
135,
107,
82,
181,59,104,
107,
240,
61,
8,
353,
240,
4,
4,
240,59,104,
240,
107,
72,
240,
4,
61,
240,
65,
240,
240,
71,
59,104,
8,
66,
80,
5,
0,
1,330,
4,9,63,358,
0,
0,
240,
61,
240,59,104,
4,
240,
351,391,
82,
82,
8,
8,
116,
181,59,71,104,
107,
240,
59,104,
181,59,104,
47,
46,
107,
59,104,
107,
107,
107,
135,
116,
353,
116,
353,
116,
116,
47,
391,
351,391,
59,104,
107,59,104,
65,
164,
82,
181,59,104,
4,
8,
4,
80,
116,
116,
61,
107,
240,
107,
53,
240,
240,
53,
53,
53,
53,
4,
53,
240,
53,
181,59,104,
8,
53,
391,
71,
64,
135,
116,
123,
353,
123,
116,
0,
38,254,317,
353,391,
353,391,
123,
353,391,
82,
65,
107,
4,
4,
181,59,104,
181,59,104,
134,
4,
4,
181,59,104,
4,
181,59,104,
38,254,317,
59,104,
82,
116,
135,
116,
64,
8,
8,
72,
353,
119,148,
135,
116,
135,
123,
353,391,
116,
47,
353,
4,
38,254,317,
116,
116,
116,
116,
116,
391,
82,
135,
132,
