0,29,8,
0,1,2,29,80,197,81,177,
0,197,3,5,26,28,177,48,176,9,50,8,174,175,25,142,151,141,129,
0,197,198,28,137,177,133,
0,1,29,199,20,30,
0,1,2,29,198,199,3,4,6,20,5,28,78,177,176,7,145,148,158,149,141,
0,1,2,29,199,176,8,154,149,25,142,146,
0,1,2,29,80,197,198,199,47,154,149,25,136,
0,197,198,199,176,
0,1,4,6,5,28,
0,1,199,26,47,
0,1,2,29,80,198,3,4,6,20,5,26,27,28,30,194,137,177,185,7,9,19,23,145,148,94,8,10,115,149,151,193,
1,4,20,5,145,148,94,8,115,25,146,
0,1,2,197,3,5,137,8,149,142,151,
0,1,2,29,80,197,198,3,6,20,92,170,5,26,28,81,83,48,176,7,9,89,91,94,168,8,159,42,154,115,149,25,113,114,187,52,87,
0,1,29,197,199,6,26,177,185,7,9,8,149,162,151,
0,1,2,29,80,199,3,4,6,20,5,26,28,148,8,115,149,187,
0,1,2,29,197,198,26,28,177,8,47,149,25,
0,1,2,3,5,26,185,48,176,8,154,175,115,25,151,178,
0,1,2,29,197,198,199,3,4,6,20,5,26,28,78,177,7,9,148,8,159,154,104,115,149,162,11,113,114,151,152,
0,1,2,29,199,3,4,6,20,5,176,148,8,149,
1,2,197,199,3,5,177,185,48,176,9,8,42,154,173,174,175,43,
1,2,177,185,176,154,25,60,
0,1,2,29,197,198,3,20,92,5,177,48,176,7,9,8,154,175,25,113,52,
0,1,2,29,197,198,3,92,5,26,177,48,176,9,8,42,154,173,174,175,126,152,179,180,178,70,60,71,
1,2,29,80,170,5,81,83,104,113,114,111,
0,1,2,80,198,199,3,170,5,177,176,171,8,42,154,174,175,25,
1,2,3,5,48,176,9,8,42,154,175,156,152,59,153,155,
0,1,2,29,3,5,177,176,7,102,9,171,42,154,173,174,175,61,181,63,179,180,178,60,62,
0,1,2,29,80,197,198,3,92,170,5,26,77,78,79,81,83,177,176,9,69,154,175,
5,77,82,185,174,175,158,57,155,178,60,
0,29,80,3,5,67,77,78,82,177,185,176,7,9,23,171,154,173,175,158,115,149,25,113,187,57,61,153,178,52,172,
0,1,2,29,198,199,3,4,5,27,28,177,176,7,102,9,8,42,154,173,174,175,104,75,11,25,113,112,110,111,178,108,
2,3,5,26,30,177,176,148,8,154,173,175,149,151,152,181,153,
0,1,2,29,80,198,3,4,20,92,170,5,26,27,28,67,81,82,177,185,176,7,9,50,8,159,42,154,173,174,175,149,11,126,25,113,151,152,58,124,123,57,141,59,61,52,70,178,60,108,86,
0,1,2,29,80,197,198,3,5,177,185,176,7,9,171,159,173,174,149,160,162,151,152,59,155,178,71,172,
3,26,176,171,8,159,154,173,174,175,177,158,149,156,160,161,126,151,155,178,60,
3,82,9,8,154,175,149,113,146,181,178,
0,1,2,80,3,4,6,92,5,78,177,48,176,7,9,94,8,159,175,99,
0,1,197,199,3,6,185,176,7,9,8,173,174,10,104,115,11,126,128,
0,1,2,199,3,4,6,5,177,48,176,7,9,159,42,
1,3,4,6,5,28,7,9,8,159,42,154,115,149,25,
1,197,4,6,5,28,177,176,9,42,154,175,10,104,162,25,
1,3,4,5,77,78,176,9,159,154,158,156,160,161,162,104,151,152,110,153,
0,1,2,29,80,197,198,3,4,6,20,170,5,28,78,83,177,176,7,9,17,19,148,89,94,167,8,159,10,115,149,156,25,151,105,112,84,96,111,87,86,
1,2,3,4,6,5,176,7,102,9,8,159,154,173,25,
0,1,2,197,198,199,3,4,6,5,28,177,176,7,101,9,171,8,159,173,10,149,160,162,126,25,151,
1,3,4,6,176,42,174,175,178,
0,1,2,80,3,5,176,7,9,50,171,8,173,174,175,162,52,178,
0,29,80,197,198,3,26,27,177,176,23,42,154,175,149,25,
0,1,2,29,80,3,5,26,77,78,79,81,83,177,176,7,102,9,8,154,173,175,158,115,149,25,113,114,187,151,112,84,109,111,108,60,85,86,
1,2,3,5,26,177,185,176,148,69,8,42,154,173,175,115,149,160,25,113,114,146,151,181,153,63,178,
0,2,3,5,185,48,176,46,42,52,
29,170,5,28,176,9,171,8,154,25,113,151,53,59,
0,1,2,29,3,4,6,20,5,27,28,78,177,176,7,9,17,148,8,159,154,175,104,149,162,25,113,
0,1,29,80,198,3,4,5,30,77,78,82,176,9,148,171,8,159,154,173,175,158,115,149,156,160,162,11,146,151,152,128,57,59,61,52,53,153,155,132,60,71,86,157,
0,1,2,29,80,198,3,20,5,26,27,28,82,177,23,175,58,24,
0,1,2,80,6,20,170,5,81,176,7,9,23,171,159,154,178,
1,2,3,4,6,170,5,48,176,7,9,94,159,162,128,
0,1,2,80,6,176,7,9,8,10,162,25,
0,1,29,80,198,3,5,26,27,28,30,67,177,176,7,9,8,154,175,10,115,149,126,25,31,113,114,151,112,111,60,172,
1,3,6,20,176,171,8,154,173,174,175,104,25,152,
3,6,26,177,176,7,9,8,154,10,25,
0,1,2,3,4,6,5,48,176,7,9,8,154,25,
1,199,3,4,5,176,9,8,42,154,173,174,175,10,104,162,25,109,
0,1,198,199,4,6,20,5,28,7,9,8,42,10,25,
0,1,2,29,80,197,199,3,4,6,170,5,185,9,42,
0,1,80,198,199,3,4,6,20,170,5,26,28,81,83,177,48,176,7,9,171,8,42,154,173,174,10,104,115,149,162,11,13,126,25,113,187,128,105,106,127,52,53,111,108,86,
0,1,199,3,4,5,28,176,148,159,154,115,149,126,25,113,151,128,
2,198,20,5,28,176,7,9,19,8,154,115,149,25,113,112,109,110,111,108,
1,199,3,6,5,185,7,9,8,154,
0,80,199,28,185,7,9,8,115,25,187,
0,1,80,3,4,6,5,185,7,9,8,126,
0,1,80,199,5,83,177,7,9,8,159,154,175,10,149,113,112,110,129,178,
0,1,3,170,5,26,83,185,176,7,9,8,154,174,175,115,126,25,113,128,59,155,178,184,60,
1,2,199,3,4,6,5,177,185,176,7,8,42,154,174,104,25,
0,1,197,198,4,6,5,177,176,7,9,8,42,154,175,10,162,11,25,151,
0,1,80,197,199,3,6,5,176,7,9,42,
176,8,154,10,126,25,151,152,
0,80,8,115,149,126,113,114,
0,1,197,198,199,3,6,5,26,177,176,175,10,25,178,
0,1,20,5,26,28,177,185,7,9,8,154,115,149,162,11,126,31,151,58,188,
1,3,177,176,9,8,42,154,174,175,11,126,25,187,
0,1,80,3,20,176,9,8,154,173,115,149,11,113,114,146,152,58,109,86,
0,1,80,199,5,185,7,9,8,159,10,104,115,160,162,126,25,113,114,128,
1,2,80,5,9,8,154,175,115,126,113,187,58,59,112,
8,
1,6,5,82,7,8,187,
1,4,6,5,9,8,25,108,
0,1,80,6,170,83,185,176,7,9,
0,1,3,48,176,7,9,154,25,43,
9,13,126,
1,6,7,9,8,154,175,10,
3,176,9,42,154,173,174,175,177,11,
0,1,3,6,170,5,185,7,9,83,8,42,154,149,11,126,25,58,59,
0,1,3,4,83,176,7,9,104,128,
0,1,198,3,7,9,
0,1,197,3,185,176,7,9,
6,5,176,7,9,8,173,175,10,115,162,104,113,
28,9,10,
154,173,175,10,149,126,25,53,111,
175,104,106,107,109,178,40,108,
10,104,106,107,
3,48,176,46,49,42,154,173,174,175,177,10,25,106,43,52,110,111,108,
10,104,106,107,
176,42,175,11,124,
176,177,10,128,
8,10,
0,1,80,6,170,5,26,82,83,177,7,9,8,42,11,13,53,
0,198,3,177,48,176,50,49,42,154,11,52,
3,20,82,185,176,9,148,42,174,175,11,
45,185,176,42,175,11,187,181,179,180,178,184,
3,154,175,11,126,
1,9,10,
0,1,80,4,6,5,176,7,9,8,154,149,162,25,113,114,151,
199,3,77,185,176,9,11,
45,42,11,
26,177,176,42,154,174,175,11,126,58,57,144,
3,185,175,10,126,124,
83,7,9,128,
11,40,
1,6,5,176,7,9,175,10,11,12,
0,1,3,185,176,7,9,42,174,175,10,
0,1,29,5,26,27,28,177,185,176,7,9,8,10,115,149,162,151,111,178,108,
0,3,5,185,176,7,9,154,174,11,12,
0,1,3,5,26,185,176,9,50,42,174,175,177,10,11,124,128,43,52,
0,5,176,7,9,8,154,25,
0,
0,3,5,26,176,7,9,173,175,177,10,104,25,124,106,112,109,111,108,
3,26,77,177,185,176,9,42,154,174,175,149,11,126,146,147,58,56,128,57,59,61,144,143,178,
0,3,26,177,185,176,7,9,42,154,174,175,10,43,178,183,184,60,
197,199,26,185,9,8,42,11,13,126,25,142,14,58,109,
197,26,82,45,177,176,9,8,42,175,149,11,25,142,187,58,123,44,47,109,
176,14,41,
0,1,45,8,42,
0,80,198,137,177,9,42,175,10,126,106,107,110,129,
0,1,80,197,198,199,3,4,6,83,7,9,8,10,115,104,25,113,114,106,107,112,109,111,108,
8,13,126,25,14,16,43,
197,9,13,14,40,
20,199,26,185,176,11,58,41,
3,45,177,48,176,9,42,154,174,175,11,13,14,58,
197,177,13,126,40,
198,177,185,176,42,154,174,11,126,58,57,61,63,178,60,
0,197,3,5,176,7,9,8,42,154,11,146,39,41,57,141,
0,1,80,198,199,3,26,82,45,177,185,176,9,8,42,154,173,174,175,115,149,11,126,113,58,124,106,107,43,109,111,178,
26,7,9,176,154,10,12,25,43,
176,9,8,42,13,187,14,41,40,
42,126,14,
0,1,29,80,20,5,27,28,30,194,185,19,148,8,154,115,25,113,151,
197,198,20,170,26,28,48,17,91,50,47,49,115,149,25,113,114,53,
0,1,29,80,3,4,6,20,26,27,28,30,194,177,5,7,9,8,154,149,25,113,151,109,
1,29,198,20,26,30,185,19,145,148,171,154,173,8,149,25,113,146,147,151,
0,1,29,80,197,199,4,6,20,26,27,28,45,196,185,5,7,9,18,23,148,8,42,10,149,11,12,13,104,114,146,147,14,124,15,16,106,107,41,44,141,43,21,24,109,143,108,
1,20,9,19,175,126,
0,1,29,80,20,81,82,83,17,50,8,11,47,112,109,111,
0,1,199,17,25,
197,45,185,7,9,148,8,10,149,11,25,187,14,43,
1,197,20,30,45,185,48,42,149,106,
0,1,80,198,20,170,194,17,18,19,115,25,113,114,16,109,110,
80,81,19,115,113,
0,1,199,6,82,8,113,106,107,109,111,108,
197,20,185,48,9,149,25,146,109,
19,115,
1,20,30,82,19,149,25,146,112,109,110,111,
0,1,29,20,170,17,18,19,115,25,113,16,193,109,
0,1,80,197,20,8,109,
30,8,42,154,25,151,152,143,108,86,
0,29,197,20,17,18,19,148,16,
0,1,199,3,20,5,30,194,177,176,7,9,19,148,8,42,154,115,149,25,113,187,151,153,188,
1,197,3,5,26,28,45,177,185,176,9,8,42,154,175,149,126,25,113,106,109,
0,1,2,199,3,6,5,82,185,48,176,8,115,11,187,16,106,107,40,108,
1,80,197,4,20,170,26,7,19,8,9,10,104,
0,2,29,80,197,198,199,3,20,5,26,27,28,45,194,196,185,23,148,8,154,149,25,146,
0,1,2,3,6,20,5,7,9,18,23,148,50,171,8,42,154,149,25,146,151,
1,197,20,82,177,185,17,19,8,149,25,106,112,109,111,40,
29,30,194,148,176,173,175,115,149,25,113,151,152,106,107,112,109,111,40,108,
0,194,19,113,112,109,110,
0,1,29,80,4,6,20,170,5,7,9,17,18,19,148,149,
29,20,26,30,19,148,8,149,25,113,146,147,151,112,109,110,111,
0,1,29,20,5,26,28,30,194,137,9,19,8,149,25,113,151,
18,115,149,104,
0,29,20,19,113,146,109,
0,1,29,80,3,20,5,26,27,28,30,67,82,194,177,176,7,171,8,154,173,175,10,115,149,126,25,113,146,151,152,22,112,24,110,111,133,108,
0,29,5,27,30,9,8,146,151,
0,1,29,197,198,199,20,5,28,9,8,115,162,113,151,106,107,109,108,
0,1,29,80,4,20,5,26,27,28,30,194,177,176,19,8,154,113,
1,2,29,80,197,198,20,5,28,30,177,19,148,8,154,173,25,146,147,
1,20,17,19,23,8,149,25,146,
0,1,29,80,30,67,149,25,113,114,146,112,87,190,
1,29,6,20,26,27,28,30,177,185,5,7,9,19,8,176,154,173,115,162,25,113,151,152,112,
1,29,20,26,27,28,177,19,23,25,109,108,
0,29,26,30,19,114,
0,29,80,20,27,28,30,9,19,148,8,115,149,146,109,110,
197,20,9,17,145,8,25,146,106,112,110,111,87,
194,19,113,114,146,
0,29,80,198,4,20,5,26,27,28,30,18,23,148,8,115,149,25,113,111,
29,80,20,27,28,30,194,19,148,8,115,149,25,113,114,146,151,22,
0,1,29,20,26,28,30,148,8,149,25,113,146,147,151,106,107,111,108,
0,1,29,199,20,26,27,30,194,177,23,148,8,154,149,25,113,146,151,106,107,109,110,111,108,
1,20,23,148,25,
1,198,20,5,26,177,176,19,148,8,149,
20,45,25,146,
1,29,20,26,27,28,30,145,148,8,149,25,146,151,109,111,
1,20,26,30,145,148,8,48,149,151,152,
1,30,148,8,42,149,142,
0,29,80,199,20,28,176,145,148,25,142,146,147,143,
0,29,197,198,20,26,27,28,30,194,177,145,148,8,176,42,154,149,11,25,142,113,146,147,109,
0,1,29,20,5,26,27,28,30,82,194,177,9,145,148,8,149,25,187,146,147,151,
0,1,29,20,5,26,27,28,30,23,148,8,154,149,25,113,146,147,151,21,52,22,24,82,
29,20,26,27,28,30,5,176,18,148,8,149,25,146,22,
1,20,26,28,30,82,8,149,25,142,146,151,
0,1,29,80,20,26,27,28,30,82,23,145,148,177,8,149,25,146,147,151,21,24,
1,29,20,26,27,28,177,5,23,148,8,154,173,149,146,147,21,24,
20,26,30,176,148,8,154,149,25,146,
0,1,29,197,198,3,20,26,27,28,30,67,177,176,23,8,42,154,175,115,25,113,146,151,141,24,63,108,
29,26,27,23,149,21,24,
20,26,30,177,148,8,149,113,146,147,151,108,
23,115,25,113,22,112,109,
8,25,146,151,109,
20,27,28,23,148,154,8,115,149,25,113,146,147,151,24,
26,28,30,194,145,8,154,115,149,25,113,146,111,
0,29,28,30,5,7,8,25,113,146,22,
1,29,20,26,27,28,177,5,7,9,23,148,8,154,115,149,25,113,114,151,21,24,111,
0,1,80,4,20,27,28,82,19,145,148,149,25,113,114,146,112,109,111,
1,29,198,5,26,27,28,67,82,177,176,8,154,115,149,104,25,113,151,152,106,107,112,110,111,178,108,
0,29,26,27,28,23,154,149,25,113,146,151,22,24,109,108,
29,26,27,28,30,7,9,23,154,25,113,151,24,
0,1,2,29,198,20,26,30,82,177,176,148,42,154,173,10,149,25,146,147,152,153,178,
1,29,20,26,27,28,30,82,177,176,9,145,148,8,154,149,25,146,151,52,22,111,
0,29,27,28,145,8,115,25,113,146,143,
0,80,82,17,18,23,154,149,113,146,52,112,109,110,53,111,108,
0,1,29,5,26,27,28,19,23,104,115,149,25,142,113,146,22,112,24,109,110,96,
20,27,19,23,8,154,149,25,113,22,24,109,110,111,108,
1,29,20,23,145,25,146,
0,1,29,20,5,27,30,82,177,176,23,148,8,154,175,149,113,146,52,133,108,
23,148,25,113,22,24,
1,29,198,3,20,5,45,137,48,176,7,9,23,148,42,25,44,139,
27,28,23,154,25,113,22,24,
149,
29,20,26,27,28,30,82,176,69,8,154,25,146,52,133,70,72,
26,28,177,145,148,149,25,113,146,22,
29,20,27,28,30,8,154,25,142,146,96,
25,
26,8,115,149,25,113,
27,28,30,67,8,115,149,113,
0,29,80,20,5,26,27,28,30,82,7,9,148,8,149,25,146,147,151,22,112,
154,25,111,108,
1,8,25,113,
20,27,148,8,154,115,149,25,113,146,106,107,112,109,111,
0,28,25,113,111,
0,29,26,27,28,30,23,8,154,115,149,25,113,146,22,24,
28,18,8,10,149,25,146,22,108,
0,1,29,199,28,30,67,177,148,8,149,25,113,
29,26,27,28,30,177,176,23,148,8,154,149,25,24,178,
0,29,26,27,28,177,176,8,154,173,115,149,25,113,146,151,152,153,178,108,
0,1,29,5,26,177,8,149,
29,26,27,28,30,20,148,8,154,115,149,104,151,152,181,153,155,108,
149,
29,26,27,28,30,148,8,149,142,
29,26,27,8,154,149,113,146,147,109,
28,30,7,9,148,8,154,115,149,104,25,113,151,
26,82,148,8,149,113,146,147,151,152,
26,
149,
149,
20,8,149,25,146,151,110,108,
29,26,27,28,30,7,9,23,148,8,154,149,25,142,113,146,151,152,22,24,
0,29,20,26,27,28,30,23,145,148,8,154,158,149,25,142,113,146,151,21,22,24,109,153,
29,20,5,27,30,67,69,154,149,113,70,72,108,
20,29,26,27,28,30,9,23,148,8,154,115,149,104,25,142,113,151,152,22,24,109,
29,27,30,23,148,154,149,25,31,155,156,87,
0,1,29,80,197,198,20,26,27,28,30,67,82,45,177,9,23,145,148,8,176,154,174,175,115,149,11,25,113,146,147,57,141,22,24,129,87,130,108,
29,26,27,28,8,149,25,31,24,
20,29,26,27,28,30,177,23,148,8,149,25,146,147,151,24,181,108,82,
29,26,27,28,30,8,149,25,142,151,152,
0,1,2,4,6,5,19,8,149,113,
29,27,28,30,67,25,133,139,
0,1,29,26,28,30,137,177,9,8,176,154,175,149,25,113,143,53,111,108,86,
29,198,26,27,28,30,177,176,42,154,8,115,25,113,146,152,
20,29,27,28,145,8,25,142,113,146,144,
27,28,9,8,104,115,149,25,113,151,160,
29,26,27,28,30,67,146,
28,30,148,8,149,113,146,147,144,112,109,143,133,
0,197,20,27,28,82,45,194,8,149,25,113,146,
29,26,27,28,82,145,154,115,149,104,25,142,113,187,151,152,58,155,
0,1,29,80,198,26,27,28,30,67,177,69,25,151,
0,29,26,27,28,177,23,148,8,176,175,149,25,147,151,24,
29,26,27,28,30,23,8,154,115,25,113,24,
0,29,198,26,30,82,177,148,8,149,142,113,146,109,
29,149,154,133,72,
0,1,29,80,26,27,28,30,177,8,149,25,142,146,109,110,96,
0,29,5,26,27,28,30,67,177,69,8,154,149,25,146,178,70,134,
0,1,29,20,5,26,27,28,30,177,176,7,148,8,42,154,174,175,149,25,146,151,152,
26,23,148,8,149,151,
29,26,27,28,30,67,175,177,8,149,126,142,113,
29,26,27,28,30,8,154,115,149,25,31,142,113,112,109,111,
29,26,27,28,149,25,113,146,112,109,111,
30,31,149,72,
30,8,31,
26,30,8,176,154,162,25,31,113,151,152,112,109,111,155,129,178,108,
29,20,26,28,30,8,115,25,113,146,151,152,155,
26,28,30,8,149,25,113,148,151,109,108,
20,30,176,7,9,148,8,177,149,146,110,133,
26,28,30,148,8,154,115,149,31,142,151,133,
26,28,30,148,8,115,149,25,146,151,152,82,
29,26,27,28,30,69,8,149,25,31,113,106,181,111,32,70,72,108,
1,29,27,28,30,8,154,25,31,113,112,110,111,108,
26,28,67,154,8,149,25,113,106,107,112,109,110,181,111,178,108,
29,28,30,115,31,151,32,188,
31,151,124,128,106,43,125,185,181,179,180,183,184,188,186,38,182,163,
29,26,27,28,30,82,177,69,8,25,142,106,112,109,110,111,108,
26,8,176,154,149,25,31,151,106,107,188,
26,30,148,8,176,154,149,31,151,150,
0,29,26,28,154,177,8,115,149,31,113,151,104,
26,177,8,176,154,175,151,178,60,
29,26,28,30,177,176,154,173,175,149,152,106,181,153,155,179,180,178,32,35,
26,30,177,154,173,149,25,151,152,150,181,153,155,32,
29,26,27,30,176,23,154,115,25,31,113,146,151,152,104,24,153,155,
27,28,9,8,176,154,173,175,149,10,126,25,151,152,58,106,56,61,181,153,155,178,70,
26,30,180,32,188,
29,26,27,28,177,23,8,154,175,104,115,149,25,142,113,146,106,112,24,109,110,181,111,155,178,72,108,
154,177,149,151,150,153,32,33,34,
29,26,27,28,30,67,82,137,177,176,42,154,173,175,8,115,149,25,113,146,151,152,58,61,155,63,178,70,108,
29,26,27,28,176,8,115,149,25,113,107,112,109,111,133,108,
26,28,30,177,149,104,25,113,146,109,110,111,72,108,
181,35,72,108,60,71,158,
29,26,176,154,173,175,177,149,126,152,106,59,181,155,129,178,32,132,108,
177,129,178,35,51,
26,154,173,177,156,25,151,152,61,153,155,35,171,74,
29,26,27,28,30,177,176,175,115,126,25,151,181,129,133,
154,152,153,155,
69,154,175,152,59,181,153,155,156,180,178,70,35,
26,30,82,185,5,176,8,42,154,177,115,149,156,187,151,152,58,128,106,141,59,110,155,178,71,74,
29,26,27,154,174,175,149,25,31,187,178,32,133,
175,158,57,61,181,155,179,180,178,69,70,35,72,62,71,74,108,
26,176,154,177,25,152,59,181,153,155,35,
9,181,111,155,70,
26,176,42,154,173,174,175,177,126,25,106,59,152,153,155,178,
25,
69,175,155,180,178,35,51,
42,154,173,177,162,25,106,155,
26,176,154,173,175,177,25,152,181,155,129,179,180,178,35,72,
0,1,29,3,26,28,176,42,154,175,177,25,181,155,129,178,32,133,
26,45,177,185,176,42,154,8,149,25,187,151,152,44,141,181,184,
1,3,26,30,185,5,176,7,148,69,8,49,42,154,173,174,175,177,149,25,113,152,61,52,181,153,63,179,180,70,72,106,108,60,
176,154,151,106,178,
176,148,8,42,154,173,174,175,177,149,146,151,152,126,58,61,153,155,129,179,180,178,130,
176,154,175,25,152,106,59,153,155,156,179,180,178,35,51,
175,177,149,52,155,178,72,108,60,82,
176,49,173,174,175,126,178,37,38,
26,30,185,8,176,154,173,174,175,177,149,160,148,152,128,106,59,153,155,178,71,
177,171,176,42,173,174,175,149,162,25,152,126,43,185,52,155,178,133,59,82,
198,26,177,176,154,173,174,175,31,152,106,185,181,129,179,180,178,
176,154,175,156,187,152,181,155,178,
154,173,175,187,181,155,179,180,178,35,
176,154,173,175,177,37,38,40,
148,176,42,154,57,52,
177,185,8,154,173,115,26,151,178,40,
26,185,176,148,8,154,173,175,149,126,58,57,59,61,153,
26,177,175,179,180,185,
176,154,37,38,40,
3,26,48,176,8,42,154,173,174,175,149,126,25,113,128,57,55,61,185,155,129,178,108,60,
177,176,42,154,175,57,60,
176,154,173,175,152,106,153,155,180,178,35,37,38,40,172,171,
177,185,42,154,149,141,181,178,37,38,
67,178,35,
154,173,103,149,156,152,104,105,106,107,109,110,153,155,178,40,108,
177,176,154,173,175,58,59,43,129,179,180,178,38,51,
1,2,3,5,30,78,8,42,173,175,151,57,112,109,110,111,178,108,
1,80,199,3,77,82,177,185,5,48,176,8,42,173,174,175,115,149,187,39,41,57,43,178,60,
26,185,176,42,154,173,175,9,115,149,156,160,162,25,187,152,58,128,126,57,59,61,153,155,179,180,178,33,34,35,60,62,71,
3,26,177,48,176,8,42,154,173,174,175,115,187,151,152,41,43,185,181,178,38,40,
175,179,180,40,
154,106,178,71,
42,38,
5,26,176,8,42,149,25,151,152,57,60,
177,176,42,154,175,146,39,41,
29,30,42,154,173,158,149,151,152,141,61,155,70,82,71,
82,3,5,148,8,154,175,158,9,149,156,160,113,151,109,181,111,153,108,60,
3,26,177,176,8,42,154,173,174,175,158,115,25,113,151,152,57,181,153,155,179,180,178,108,59,60,82,
0,1,20,176,145,148,154,173,175,149,25,146,58,57,61,143,43,
176,154,173,40,
176,8,42,173,174,175,11,82,
0,2,3,5,28,176,9,8,42,154,175,149,162,106,107,38,108,187,
1,48,176,42,154,174,175,39,41,43,40,108,187,
176,42,154,175,187,57,59,185,155,179,180,178,35,37,38,60,
1,2,199,185,176,42,154,173,175,113,187,57,40,60,
137,154,25,146,106,40,
176,42,154,175,106,107,57,185,178,40,
26,9,8,154,156,162,25,146,151,152,106,153,155,178,
3,177,48,8,42,154,149,141,129,
176,173,151,106,41,43,38,40,
177,185,48,176,42,124,41,57,43,
0,1,2,80,197,198,199,137,177,185,48,176,148,49,42,154,173,25,113,106,107,43,52,109,151,153,178,108,
154,126,41,43,
126,41,61,43,178,40,
176,9,8,154,173,174,175,115,25,187,178,108,
82,8,154,149,113,106,41,178,
185,154,149,113,40,
176,42,154,173,175,115,39,41,43,37,38,178,40,51,
173,106,41,57,43,110,155,178,40,
48,49,42,39,41,43,
177,176,42,154,173,175,126,39,41,141,43,40,
199,45,185,48,176,46,42,44,43,178,60,
185,176,42,39,41,44,141,43,
82,177,185,176,42,154,151,57,178,
3,45,177,176,42,175,44,141,
177,176,42,154,173,11,58,39,41,57,43,37,38,40,
177,185,176,175,39,41,141,
177,42,154,173,175,39,41,43,60,
176,42,175,39,41,44,
0,1,197,198,199,3,26,28,137,177,48,176,47,42,173,175,115,75,126,123,63,179,180,178,60,
177,42,11,126,141,
45,176,42,175,11,39,41,44,43,
26,45,176,42,154,173,174,175,11,141,
42,154,58,109,110,
42,11,126,
45,176,42,44,
197,198,199,3,45,48,176,42,11,
0,1,2,29,80,199,3,20,5,26,28,45,177,185,48,176,7,9,23,148,8,42,154,173,174,175,10,149,162,11,126,25,113,146,147,151,152,58,128,56,44,57,59,61,153,63,178,
0,1,2,198,199,3,177,185,176,42,154,173,174,175,126,25,58,57,
176,42,154,173,174,175,41,43,40,
176,43,
177,185,176,42,124,39,41,43,40,
45,176,42,11,41,44,57,
176,173,39,41,141,
177,176,42,175,11,126,58,106,39,41,44,141,43,
198,3,26,137,177,48,176,42,154,173,175,25,152,43,178,108,
137,48,42,106,107,57,178,82,
199,185,42,187,41,44,57,43,
0,1,198,199,3,20,26,82,45,177,185,48,176,148,49,42,154,173,175,149,11,126,39,41,44,57,141,61,43,178,
48,45,42,44,141,60,
176,42,11,39,41,44,57,141,
176,42,44,43,178,
42,
42,
42,
45,185,176,42,11,41,44,57,141,43,
0,1,198,199,20,77,82,45,177,185,176,148,46,42,175,11,126,39,41,44,57,141,43,178,
0,1,199,3,185,171,154,25,
77,82,45,185,148,46,176,42,44,57,
45,185,176,42,43,
197,198,177,42,
0,1,197,3,45,196,48,176,50,49,42,44,
199,45,185,176,175,187,43,
45,48,46,
3,45,174,60,
3,45,48,
80,185,176,42,
3,45,185,174,60,
0,197,198,3,45,177,48,176,46,47,49,42,
45,177,48,176,46,47,49,42,175,44,
0,1,197,199,3,45,196,48,91,50,46,47,42,
77,45,42,44,141,
3,45,48,46,47,42,
45,46,49,109,
199,45,177,48,176,42,44,141,178,60,
199,48,47,
46,47,42,141,
0,1,197,199,45,137,177,176,42,44,
0,1,80,198,199,3,20,45,177,176,9,91,42,175,149,106,44,109,111,108,
48,
3,177,48,50,46,47,49,52,
198,47,176,
185,176,173,174,175,11,126,43,
197,199,177,48,50,49,141,139,
3,45,177,48,176,49,42,129,
3,45,
3,45,48,176,46,42,154,174,11,39,41,44,57,141,43,52,
0,197,198,20,45,177,48,17,18,47,142,146,141,143,139,138,140,
0,1,2,80,197,198,199,3,4,6,170,5,83,137,177,48,176,91,50,169,171,47,42,173,174,175,128,
48,47,
199,3,177,48,176,91,50,8,175,25,187,
1,197,177,176,154,175,59,
1,48,175,
197,45,48,176,42,44,
48,
199,3,48,174,139,
48,47,139,
3,48,42,
0,1,2,80,3,48,176,94,47,50,42,154,173,174,175,177,25,187,152,136,71,
0,26,48,63,72,
1,48,91,50,171,42,25,187,106,112,109,110,155,
48,47,49,50,25,
42,112,109,111,108,
0,1,80,5,27,28,176,91,25,113,
29,3,20,92,67,177,48,176,50,49,42,175,109,53,
0,1,199,170,26,45,8,154,115,25,178,
3,48,176,50,49,25,
48,46,47,128,44,52,139,118,138,
1,48,91,136,
170,48,50,
0,1,80,199,48,
3,48,176,187,
0,1,2,80,3,5,177,48,176,46,49,50,175,128,
0,197,48,25,113,129,
199,48,
1,170,48,50,168,171,49,
3,48,50,47,149,139,
0,1,170,91,50,
176,154,173,175,155,178,51,
176,69,155,178,70,51,72,
48,
26,48,176,69,49,173,174,175,177,187,52,51,
26,7,9,171,42,173,174,175,177,10,162,126,113,106,107,124,57,58,61,43,185,52,112,109,181,111,155,129,178,70,51,72,108,163,172,
52,
5,176,52,63,51,71,172,
0,1,80,69,49,106,52,178,70,51,72,71,
176,49,174,175,185,129,178,
176,173,52,51,
47,
0,29,26,27,28,30,67,82,177,9,176,42,175,11,162,126,142,113,116,58,56,57,141,55,59,61,185,52,53,133,70,60,
0,80,81,82,113,114,128,52,118,
80,81,83,91,47,113,123,127,128,52,178,
0,1,199,3,20,92,170,5,83,185,48,176,50,171,47,128,52,
154,52,
48,50,47,49,52,
52,
80,81,83,176,42,154,173,174,115,149,113,114,152,25,52,112,53,111,108,
52,
3,80,81,82,83,5,7,9,50,113,114,58,56,52,84,53,
29,67,5,69,8,70,60,
197,67,82,42,112,53,118,
0,29,27,28,30,82,5,8,42,154,115,25,113,114,151,107,59,112,109,110,111,108,
113,112,53,
128,
0,80,81,82,48,9,8,50,42,149,11,113,52,110,53,111,108,
199,20,185,47,187,43,
83,149,113,114,112,111,
2,29,80,3,170,5,28,81,83,48,176,69,8,42,154,115,149,104,25,113,114,116,52,53,117,
50,49,175,126,123,55,52,53,178,51,54,
80,67,81,82,8,142,113,58,61,52,133,70,136,134,
176,154,173,174,175,8,9,149,162,126,25,58,128,57,55,59,61,54,60,
82,49,154,149,152,58,56,57,55,59,61,52,51,54,60,71,
3,48,171,42,128,60,
80,81,83,50,49,52,51,
82,176,123,57,52,53,60,
0,82,177,176,171,173,174,175,126,11,58,128,56,127,57,55,59,61,52,53,129,178,54,60,
0,1,2,29,80,3,92,5,27,67,77,48,176,7,9,148,69,50,171,42,149,146,128,141,52,70,72,71,
80,170,83,9,8,52,
175,177,126,124,57,55,61,52,54,60,53,
82,9,8,154,175,149,11,126,146,58,56,55,59,144,52,53,155,
199,185,48,176,46,42,175,11,124,57,43,60,
82,49,175,126,58,56,123,124,127,128,55,61,52,53,178,130,51,54,129,
80,113,112,53,
126,58,128,56,59,61,
83,126,128,56,123,127,58,55,59,53,54,
0,1,29,80,92,67,81,83,69,176,42,154,113,114,53,70,72,
26,8,49,154,173,177,11,152,58,56,59,61,52,153,155,63,51,53,62,
82,171,8,174,57,155,
80,52,
8,56,
26,3,5,176,8,49,154,174,175,11,25,152,58,126,56,57,59,61,52,178,60,
80,81,113,114,128,141,58,61,52,84,53,67,
126,113,56,128,53,118,
28,82,83,7,9,50,8,49,154,175,149,11,126,25,113,58,56,128,57,55,59,61,52,53,178,133,51,86,
52,
115,149,11,113,58,57,56,61,53,
82,8,115,57,58,61,112,
67,82,149,58,126,56,55,59,61,53,72,54,60,52,
82,49,177,149,11,146,58,57,141,52,
29,80,26,67,177,176,42,154,173,174,175,115,149,113,114,187,112,53,111,118,60,
77,57,60,
48,176,49,42,175,58,57,59,51,
57,60,71,
80,199,77,79,82,185,48,49,75,126,57,52,178,60,
77,185,48,50,49,174,175,11,57,141,61,52,178,
177,176,49,42,175,58,126,57,59,129,179,180,178,70,108,60,
77,177,176,42,57,
198,77,177,48,75,57,178,74,
26,149,151,61,112,82,73,
82,126,152,56,58,55,59,61,53,72,
3,137,177,176,173,175,58,128,127,59,61,178,51,
26,28,77,82,8,42,177,115,149,25,58,57,59,61,63,60,62,
27,28,30,82,176,154,149,25,152,58,126,59,52,129,178,133,69,70,51,72,71,
42,11,126,58,
29,26,27,28,30,67,8,176,154,115,149,160,161,162,25,113,152,59,155,178,133,132,134,72,108,
80,26,82,177,8,49,176,175,149,151,58,126,56,127,128,59,61,185,53,155,63,129,178,130,51,60,52,62,
29,80,26,30,67,82,185,5,7,9,69,159,115,149,160,162,126,25,187,151,58,128,57,55,59,61,52,181,154,178,133,70,72,60,71,
82,83,9,8,149,25,113,114,152,58,56,123,128,57,55,59,61,185,52,109,53,178,
82,175,177,146,58,126,128,57,59,61,155,63,129,178,51,52,
176,58,128,56,57,59,61,
77,175,177,146,57,59,60,
82,177,176,8,175,149,126,26,58,56,128,57,59,61,52,63,129,178,51,60,
82,177,176,154,173,174,175,126,25,113,146,128,56,57,59,61,155,178,108,60,
197,82,176,42,175,149,126,58,57,109,110,106,
154,174,175,177,104,25,146,58,128,106,107,56,57,55,59,61,109,155,63,178,108,60,52,62,74,
26,82,176,154,173,174,175,177,8,149,104,25,113,146,152,58,106,56,57,59,61,109,60,
82,42,57,59,61,52,
26,82,176,154,173,175,177,149,146,152,58,56,128,57,59,61,52,181,155,63,129,178,51,60,62,74,
77,61,60,
187,
80,42,60,
187,60,
80,198,82,69,175,75,57,61,53,70,118,178,72,60,71,74,
0,1,2,80,3,5,77,78,79,176,42,175,57,70,
9,128,59,
77,45,185,69,171,42,187,44,52,63,70,72,60,172,
0,197,71,
80,115,113,114,187,56,57,60,
69,175,177,146,126,61,155,63,178,70,72,60,62,
0,1,80,198,92,5,67,79,81,82,8,146,109,110,60,
0,1,29,80,3,170,82,83,176,47,177,52,53,134,
82,8,115,126,113,58,128,56,55,59,61,53,
0,81,82,49,173,174,58,126,128,57,61,43,52,109,178,51,60,
29,77,82,8,154,9,149,162,113,146,58,128,56,57,59,61,25,63,69,70,72,60,62,71,
0,80,197,170,79,81,82,113,57,55,52,53,129,
80,26,30,67,77,78,79,81,82,8,149,146,57,59,61,144,111,69,70,136,60,73,
82,137,177,8,42,154,175,149,126,113,26,58,57,112,
0,29,92,26,27,28,67,77,176,145,69,8,154,177,115,25,113,114,146,59,112,109,110,53,111,133,66,68,70,136,134,72,108,60,71,
82,58,61,53,63,64,118,60,62,
77,42,154,149,59,155,63,178,60,74,
1,29,80,26,67,8,113,61,63,178,60,62,71,
1,197,83,177,176,42,173,174,175,63,129,118,60,
175,187,57,61,111,63,178,72,106,108,60,62,71,
0,1,80,197,198,5,26,77,177,185,69,8,42,146,61,112,109,111,63,70,72,108,62,71,
0,1,197,3,77,82,48,176,42,175,57,141,52,60,71,
174,146,58,126,57,59,61,106,60,71,
69,154,175,177,58,126,57,59,61,155,63,178,70,72,60,62,
0,29,26,27,28,30,8,176,154,174,175,177,149,156,25,187,151,152,153,155,178,
75,77,61,155,63,62,71,74,
81,82,69,58,61,64,66,68,70,60,71,72,
0,1,29,80,92,67,176,175,177,11,126,113,58,128,61,53,63,178,
80,26,177,176,42,154,173,175,126,146,152,61,181,63,179,180,178,62,
1,3,28,177,5,176,9,8,154,173,175,115,149,187,161,59,53,155,63,130,60,
177,176,174,175,
0,29,80,198,5,26,30,67,81,82,83,176,159,154,115,149,126,25,113,114,151,152,58,128,56,127,55,59,61,52,112,53,111,129,178,70,51,72,57,60,85,
0,1,29,80,5,26,30,177,185,9,8,154,115,149,25,113,187,181,155,63,178,70,60,
26,67,154,174,175,177,149,146,58,126,56,57,59,61,25,155,63,129,178,133,132,51,60,52,62,71,74,
80,26,77,78,79,82,185,176,8,175,126,61,112,111,178,70,60,
26,69,177,149,151,59,178,70,72,71,
28,30,69,149,113,53,178,70,72,60,71,
0,80,82,185,8,175,149,11,126,116,58,124,57,61,112,109,53,111,118,108,
29,27,67,69,64,65,66,68,70,136,134,
69,149,75,128,59,155,178,68,70,51,72,71,
0,1,29,80,197,198,3,26,27,28,67,177,185,5,176,23,8,154,175,115,149,25,142,113,141,63,178,
118,60,63,71,
29,3,26,67,176,8,64,60,
0,29,197,26,30,67,82,69,114,61,111,63,133,64,65,66,68,70,72,
67,69,128,64,65,66,68,70,110,
0,29,26,27,28,30,67,69,8,25,111,133,64,65,66,68,70,136,
0,29,26,27,28,67,177,69,115,113,129,133,
69,25,66,68,70,72,71,
29,67,82,177,69,66,68,70,132,72,108,60,71,
0,29,198,26,28,30,67,177,69,176,42,154,175,115,113,151,152,63,178,133,70,72,
29,26,27,28,67,
0,1,29,80,92,27,28,67,77,5,9,8,154,174,115,149,75,25,113,114,155,66,70,73,71,76,
69,115,25,113,133,66,68,70,
0,29,26,67,176,69,154,126,25,113,52,178,133,70,132,51,
29,26,27,67,9,69,113,53,111,133,66,68,70,51,72,108,71,85,
29,30,67,69,63,64,65,66,68,70,72,
29,30,67,69,64,65,66,68,70,118,
29,67,82,69,113,114,64,65,66,68,70,118,60,
0,29,30,67,8,154,25,113,151,160,
29,67,69,112,53,66,68,70,136,
0,1,29,80,198,67,177,69,187,128,66,68,70,88,
29,27,28,67,69,66,68,70,
0,29,92,26,69,
67,149,113,133,
0,29,80,198,3,5,30,67,149,129,133,70,136,130,132,
0,29,67,69,66,68,70,136,134,85,
67,113,136,
0,29,80,30,67,69,25,128,53,133,68,70,118,136,134,86,
29,27,28,67,69,53,133,66,68,70,118,136,134,
0,1,29,80,197,198,27,28,67,177,69,8,25,113,114,53,129,133,130,132,
0,29,26,27,28,67,133,139,134,
29,92,67,48,69,111,66,68,70,
0,1,29,80,5,28,69,89,8,128,133,70,87,88,86,
26,67,69,8,187,128,53,178,66,68,70,132,71,
0,29,27,28,30,67,177,176,69,8,154,25,113,59,133,70,134,178,
0,29,80,67,77,78,79,81,83,69,75,112,110,66,68,70,72,73,71,74,76,108,111,
67,94,128,85,86,110,
26,67,69,111,66,68,70,72,60,71,108,
83,161,162,126,58,128,164,127,59,61,53,178,70,130,85,163,165,
0,29,30,67,69,70,134,
0,29,27,28,67,8,25,
29,3,5,67,137,69,8,154,149,160,113,151,133,70,
80,69,91,187,70,87,72,60,88,71,86,
1,80,92,30,77,81,83,69,94,75,25,149,96,111,66,68,70,134,72,71,85,
0,1,29,80,92,170,67,77,81,83,69,91,94,169,70,134,72,73,71,85,
69,
77,81,69,75,70,134,72,71,74,
92,69,
69,178,70,72,71,
0,80,170,77,81,83,69,168,171,187,111,178,70,72,71,74,
80,92,83,69,91,94,112,110,114,
70,
0,29,80,92,69,187,164,59,178,70,72,71,
80,81,82,160,149,69,70,72,61,71,
80,30,69,128,133,66,68,70,130,72,71,
29,80,26,27,28,67,9,69,8,149,162,126,187,133,64,65,68,70,60,
1,80,28,30,67,5,9,69,8,149,25,111,133,64,68,70,85,86,
67,69,159,149,164,133,68,70,73,72,
0,29,3,5,26,27,28,30,67,77,176,9,8,159,154,173,115,149,160,161,25,113,187,152,59,53,155,63,133,70,60,52,73,71,85,86,
28,154,160,161,126,25,187,58,128,61,178,70,57,71,108,86,
67,82,83,149,160,58,128,57,155,70,130,72,86,
29,67,69,111,68,70,
1,3,170,67,66,70,71,
69,158,70,72,71,
69,175,178,70,72,71,108,
187,178,72,155,71,172,
1,2,5,67,9,8,11,57,61,109,70,71,
80,92,67,77,79,81,83,69,94,112,111,66,68,70,72,71,
1,80,92,170,77,69,91,111,70,72,108,190,
0,1,80,198,92,77,171,75,57,61,71,
0,67,77,82,69,175,128,178,66,68,70,72,60,71,74,
3,173,128,57,61,63,178,60,52,71,172,
175,155,178,72,
1,80,92,170,67,77,83,69,91,94,75,128,52,84,110,53,133,68,70,87,71,72,85,86,
0,80,198,69,25,178,70,72,108,71,
67,176,69,154,173,70,72,108,71,
3,5,77,176,69,8,154,173,177,149,25,113,151,152,111,70,72,108,71,110,
0,77,177,185,69,176,154,158,25,31,113,149,151,59,155,63,178,70,72,60,71,74,108,
92,67,77,78,69,158,75,106,107,110,111,68,70,72,108,71,74,85,
82,69,170,25,59,61,111,70,178,72,108,86,172,
92,107,111,108,71,72,85,84,110,88,
69,70,72,108,71,74,
29,67,82,113,61,52,53,73,72,
80,77,79,81,69,75,178,66,68,70,72,108,73,71,74,76,110,
69,75,178,70,59,60,74,
29,80,77,78,82,69,158,149,75,146,52,110,111,70,72,108,74,
77,57,61,70,74,
1,29,80,198,77,177,69,128,129,178,66,68,70,60,74,
176,69,171,154,174,57,109,110,111,70,178,72,108,
0,80,77,78,79,75,70,71,74,
30,77,70,74,111,
92,67,77,69,111,178,66,68,70,72,108,60,71,74,
70,
80,77,78,69,75,110,178,70,72,108,71,74,111,
0,29,30,67,77,78,69,8,149,128,61,111,70,132,72,108,71,86,
77,81,69,8,149,61,111,70,108,74,
69,154,158,75,70,72,108,71,74,
0,92,67,77,69,149,75,146,52,70,178,73,76,
77,82,69,158,57,59,61,70,72,60,71,74,
80,198,67,77,79,81,83,69,8,115,75,113,114,187,84,110,111,68,70,178,72,108,71,74,85,134,86,87,
67,77,78,69,75,66,68,70,72,108,73,71,74,76,110,111,
29,80,5,67,77,78,79,81,82,83,8,75,110,
1,69,158,75,110,
0,1,80,77,69,158,75,156,110,111,178,70,72,108,71,74,85,86,172,
0,1,2,29,80,67,77,78,177,176,42,175,75,10,25,113,106,112,109,110,111,178,70,108,74,
0,1,2,29,80,198,77,79,81,177,8,149,75,113,114,112,109,110,111,70,108,73,72,
0,80,92,83,69,75,113,114,108,
77,82,69,75,57,61,178,70,72,108,74,
29,92,26,27,28,30,67,77,78,69,75,25,113,114,104,52,112,84,109,110,96,53,111,178,133,68,70,87,132,134,72,108,71,74,85,157,
0,29,197,198,5,77,69,8,154,158,113,114,59,110,129,178,133,70,72,71,74,
29,80,92,67,77,81,83,69,75,112,84,70,87,72,108,73,76,85,86,
1,80,92,170,81,83,69,91,113,112,84,111,133,70,72,108,85,86,
0,29,26,28,67,69,8,25,110,70,72,
3,5,28,77,176,9,69,8,159,42,154,174,175,177,158,115,149,75,156,104,25,113,152,110,96,53,133,68,70,87,130,132,72,108,71,86,
0,29,198,92,67,77,185,69,68,70,178,72,71,85,
0,1,2,29,69,94,
0,1,80,198,92,170,67,77,78,79,81,83,69,75,84,110,70,134,73,76,85,86,
67,81,82,69,110,70,134,72,
0,29,80,198,67,77,78,79,81,83,177,69,89,176,75,25,112,84,181,111,133,68,70,134,76,86,
0,1,29,80,197,198,5,67,78,69,8,113,114,112,110,111,133,68,70,72,
0,29,80,5,26,27,67,77,177,69,154,115,149,113,25,178,68,70,72,71,
0,29,5,26,28,30,67,78,177,175,25,113,111,129,108,110,
77,75,71,74,
0,1,2,29,80,5,77,78,79,81,82,7,9,69,8,42,154,10,158,149,75,162,25,114,151,128,61,110,111,155,70,178,72,108,71,
0,80,197,198,5,26,77,78,137,176,69,154,75,25,146,152,106,141,110,111,178,70,72,108,71,
0,1,2,80,3,6,5,77,78,79,176,9,175,60,
29,26,27,28,67,77,78,177,176,7,9,8,154,175,158,149,25,152,106,107,110,153,155,178,70,108,71,157,
0,1,29,26,27,67,177,23,69,75,149,66,68,70,76,
0,29,77,78,8,149,108,110,
0,1,2,29,80,197,198,3,5,28,83,176,7,9,8,159,42,154,175,115,25,113,114,112,111,70,108,86,
80,30,67,77,78,82,69,75,110,111,178,66,68,70,134,73,74,76,
1,80,198,26,78,137,177,48,176,8,42,154,158,25,146,59,112,110,136,
80,198,3,4,5,26,78,79,81,82,83,177,176,91,94,168,8,159,175,158,149,146,151,152,58,128,61,70,73,86,
80,77,78,79,69,
80,4,170,5,78,79,81,82,83,69,94,88,73,86,
0,29,80,5,28,67,78,82,173,149,146,61,111,178,70,73,85,
29,80,5,28,67,82,177,8,154,115,25,113,114,112,109,53,111,
0,1,29,80,5,28,67,77,78,79,82,9,69,8,115,149,75,146,
0,1,3,4,6,5,26,77,78,81,82,57,53,
1,29,80,5,78,79,82,145,148,8,149,146,128,144,52,143,
0,1,29,80,198,27,30,149,146,
0,29,80,198,5,77,79,81,82,177,146,57,61,144,73,110,
80,67,77,79,81,82,83,137,69,175,75,113,114,57,61,84,146,111,66,68,70,72,71,74,85,
1,29,92,27,30,77,82,177,185,9,154,149,25,146,57,155,71,
29,80,5,79,81,82,176,42,
0,1,29,80,198,92,5,28,67,77,78,82,177,176,69,8,154,175,149,25,113,146,58,61,112,109,111,70,
80,198,26,30,79,82,
29,80,77,78,79,83,75,113,114,146,128,109,110,53,111,108,52,
29,26,27,28,30,67,82,69,8,61,109,70,108,
80,198,177,61,
0,1,29,80,197,198,20,5,27,67,82,137,177,23,69,154,149,25,113,114,146,109,110,133,70,134,60,
0,80,78,82,149,
0,2,80,3,5,77,79,82,177,176,42,126,
0,1,80,170,57,
0,1,29,80,20,5,26,27,28,30,82,194,145,148,8,154,149,25,113,187,146,147,112,
0,29,80,20,5,26,27,28,30,82,177,145,148,149,25,142,146,147,141,110,143,139,140,
80,198,26,113,128,
0,29,80,30,67,82,149,
0,80,5,77,78,79,81,82,83,
1,2,29,80,198,4,6,20,5,27,28,30,78,8,115,149,113,114,187,146,112,110,133,70,87,
0,1,29,80,197,198,67,82,141,109,136,
0,1,29,80,197,3,4,20,92,170,5,27,67,77,78,79,81,83,137,177,176,69,89,91,94,168,8,154,115,149,113,114,187,25,53,70,87,72,88,71,86,
0,80,81,83,115,75,113,114,111,
0,1,80,5,77,78,79,81,82,83,19,115,113,114,146,112,53,
1,80,170,77,78,79,81,82,83,75,52,84,87,85,86,
29,80,79,81,8,115,149,146,112,109,110,108,
0,1,29,80,20,5,30,67,77,78,79,81,82,83,69,94,75,113,114,112,110,134,72,
29,80,30,79,81,82,115,149,25,113,146,58,56,61,112,109,110,133,
0,1,29,80,20,170,5,26,30,78,79,81,82,83,148,149,113,114,146,147,112,111,70,108,
0,80,5,77,78,79,81,82,83,69,146,128,57,61,52,64,65,70,73,
0,1,82,145,154,115,149,113,146,25,143,
0,69,113,52,112,111,133,70,134,73,85,
80,82,94,154,160,25,113,146,151,112,109,155,133,
29,26,27,28,30,82,69,8,154,25,109,70,72,
80,79,81,82,113,114,110,53,111,87,134,85,
0,29,197,26,27,28,30,82,50,8,115,25,113,61,112,109,110,111,139,70,136,108,76,
29,26,28,77,177,176,8,154,149,25,59,52,53,70,
0,1,29,80,20,5,27,28,30,67,177,69,8,115,149,25,113,114,146,112,53,111,133,70,60,
0,1,29,80,198,20,28,137,114,53,133,
0,29,80,77,78,79,81,83,94,75,112,84,109,110,111,70,87,85,86,
80,198,26,27,30,77,79,81,82,83,113,114,
0,1,29,80,197,92,67,78,81,83,19,69,89,75,113,114,146,112,84,109,110,111,70,87,72,108,85,86,
80,
80,92,67,78,81,83,69,91,134,139,84,
0,1,29,80,26,30,81,82,176,8,149,151,112,
0,1,29,92,170,5,30,81,83,69,8,112,111,70,
0,1,29,80,197,92,83,69,171,75,112,84,110,70,72,85,86,
0,1,2,29,80,197,198,77,78,79,81,83,177,149,113,114,128,52,84,111,133,70,87,132,134,85,86,165,
0,1,29,80,197,170,5,30,77,78,79,81,82,83,148,149,113,114,128,112,53,111,70,86,108,
81,19,75,113,114,112,84,109,110,146,111,87,108,85,86,
0,1,29,80,197,198,20,92,170,5,27,28,30,67,79,81,83,7,9,69,8,115,149,75,25,113,114,146,112,84,109,110,53,111,70,85,
0,1,29,80,27,79,81,83,19,94,167,115,75,113,114,146,25,112,84,109,110,93,53,111,87,108,85,86,
0,1,29,80,197,198,3,5,137,69,113,114,112,84,110,87,134,85,86,
0,1,80,78,81,50,52,112,84,110,53,111,
29,80,198,20,92,170,81,82,83,168,171,126,175,112,84,110,111,
0,1,80,170,81,83,89,112,84,111,133,70,136,87,132,134,135,85,86,
0,1,80,199,170,79,81,82,83,89,94,112,84,87,108,
0,1,29,80,197,20,170,5,27,28,30,78,79,83,7,9,18,19,167,8,113,114,112,111,
0,1,29,80,20,92,170,27,79,81,113,114,146,112,111,
80,69,112,84,133,66,68,70,135,85,86,
92,133,87,135,72,85,
0,29,27,30,67,177,69,25,113,129,133,70,136,87,131,132,134,135,
29,80,67,69,128,84,110,68,70,118,134,85,86,
94,128,109,133,136,87,131,132,134,135,108,
0,1,29,80,197,198,27,28,30,67,177,185,69,89,94,128,66,68,70,87,88,86,
0,1,80,30,67,69,89,94,112,84,110,111,133,70,136,87,134,135,85,86,
69,133,68,70,72,85,108,86,
80,170,67,81,83,128,84,70,85,86,
0,80,197,198,30,81,83,137,94,160,128,52,110,133,70,87,130,132,134,135,72,86,
0,1,29,80,92,170,27,28,67,83,137,91,50,53,
0,1,2,29,80,197,198,176,128,113,114,53,129,86,
80,92,170,67,77,81,83,69,91,114,110,133,66,68,70,136,134,190,86,
0,1,80,197,198,92,67,83,69,89,91,84,110,111,87,85,86,
80,81,83,137,19,113,84,110,87,134,86,
83,113,114,84,110,87,85,86,
2,29,80,198,4,5,27,28,89,94,167,114,128,133,88,
0,1,2,80,198,3,170,30,81,83,137,177,176,69,91,94,159,154,175,156,128,112,84,109,110,111,133,70,136,87,130,131,132,134,85,86,
0,29,5,26,27,177,115,149,75,25,113,52,87,108,
0,1,2,80,3,176,89,94,154,
0,29,27,28,30,67,185,69,115,52,70,87,72,71,
0,29,27,28,25,87,
0,136,87,
0,1,29,80,197,198,199,3,4,20,27,28,30,67,177,185,5,69,25,113,70,87,86,
29,30,133,87,135,
0,29,27,30,67,133,139,136,87,134,135,
0,29,26,27,28,67,185,8,49,115,113,151,52,87,
0,1,29,80,30,67,112,111,87,88,86,172,
88,
88,
1,29,3,28,67,69,89,94,167,105,133,70,136,
0,1,80,199,170,8,88,
1,198,194,177,89,91,25,113,114,88,190,86,172,
111,88,86,
0,1,80,170,81,83,89,112,111,133,87,88,86,
1,80,92,170,83,48,89,90,91,168,171,88,190,
0,1,48,89,91,94,88,190,
0,1,29,197,198,3,170,185,48,113,114,187,88,189,190,172,
0,1,2,29,80,198,199,20,137,185,69,94,167,112,87,
0,1,80,92,170,83,89,90,91,94,136,88,
0,1,2,80,198,3,6,5,28,78,7,9,8,159,187,128,110,
0,92,67,83,69,89,91,94,68,70,85,
0,1,29,80,198,199,20,170,83,89,91,167,
0,1,2,80,3,170,5,78,48,176,91,50,42,138,139,140,71,
0,1,2,29,80,197,198,199,3,92,170,5,27,67,81,89,90,91,171,113,86,
1,2,29,198,30,69,89,94,84,133,68,70,87,135,88,85,86,
0,89,94,
0,1,80,92,170,83,69,89,90,91,50,167,168,169,
0,1,29,80,78,7,9,8,107,112,111,70,
0,1,80,197,198,20,92,170,48,69,90,91,154,112,
1,197,3,92,170,5,83,91,
0,1,2,29,80,197,198,199,3,4,6,5,26,27,28,30,78,177,185,176,7,9,94,8,159,154,174,104,115,149,156,25,113,146,151,106,107,84,109,110,96,111,86,
1,3,4,92,170,137,89,91,94,167,105,
1,80,92,170,83,89,90,91,94,169,171,88,
0,1,198,67,94,187,88,
198,92,89,90,91,94,83,84,134,85,86,
1,2,3,4,92,170,5,48,91,94,8,42,
0,1,2,198,3,5,26,48,176,7,91,174,175,187,
91,
1,80,92,81,91,
91,94,154,158,156,25,113,114,93,86,
1,80,4,92,170,81,83,102,89,90,91,94,167,168,100,93,87,88,86,
1,198,3,92,5,137,176,91,94,99,105,97,134,136,140,
0,1,2,29,80,197,198,199,3,4,6,20,92,170,5,30,78,83,48,19,91,50,167,
0,26,185,91,174,
0,1,80,198,3,20,92,48,176,91,94,47,
0,1,170,90,91,168,171,154,174,177,100,25,113,187,88,
0,1,2,29,198,3,92,5,26,78,48,91,174,175,115,187,178,71,
0,1,2,197,198,199,3,5,26,137,177,185,176,7,9,89,94,154,173,174,104,25,187,152,136,190,
0,1,2,29,80,197,198,199,6,20,28,185,9,148,8,115,149,160,187,128,
0,198,92,83,45,48,91,
92,
1,
0,1,198,4,20,92,27,78,176,23,91,94,154,10,25,
0,1,2,29,80,198,3,4,92,5,26,28,78,83,177,176,102,94,159,154,175,99,25,128,96,70,86,
0,1,2,29,80,197,198,199,3,20,92,170,83,91,94,
1,2,3,6,92,170,91,
0,1,2,29,199,92,170,28,
0,1,198,3,5,177,48,176,91,47,129,
0,1,2,80,197,3,92,170,5,28,48,91,94,104,99,139,87,140,
0,1,2,80,198,3,137,177,48,176,50,42,154,173,174,175,59,52,53,178,86,
0,1,2,80,198,137,69,86,
0,29,198,3,5,26,27,137,177,176,9,89,94,42,154,158,156,110,53,153,133,70,136,87,134,135,108,86,
1,92,170,81,83,89,91,94,154,158,156,25,113,114,153,86,
1,29,80,170,27,28,30,83,48,91,94,167,8,115,25,113,114,146,112,109,111,85,86,
0,1,29,80,3,170,30,83,48,176,89,91,94,25,52,133,134,135,88,86,
1,92,89,90,91,94,93,
1,2,3,5,48,176,91,171,
0,1,80,92,19,89,91,94,
0,198,137,94,110,133,136,132,134,135,
0,1,80,69,89,94,128,133,134,135,155,137,
137,94,96,93,95,87,134,
1,30,67,137,69,89,94,84,133,136,87,134,135,85,86,
29,83,176,94,8,154,99,84,96,133,87,134,85,86,
0,1,2,29,80,198,199,20,92,5,28,67,83,69,89,90,91,94,
29,80,137,89,94,154,84,96,133,70,87,134,135,85,86,
1,3,28,67,137,69,89,94,47,113,93,53,133,139,70,136,134,135,88,
1,29,198,3,4,20,92,27,30,67,5,69,89,94,159,99,158,162,25,105,84,110,96,133,70,87,132,85,86,157,
1,2,29,198,3,4,5,26,67,177,176,9,69,94,8,154,25,110,70,87,132,86,
92,91,94,105,106,107,110,96,93,87,135,86,
0,1,29,3,4,92,5,67,137,48,69,89,91,94,83,159,99,105,97,133,70,136,87,134,135,139,88,85,84,86,110,157,
3,5,26,27,28,176,7,9,148,89,94,8,159,42,154,175,104,158,149,156,25,113,151,152,96,153,155,86,157,
0,1,29,80,20,92,67,77,83,137,69,89,91,94,99,25,96,93,133,139,136,87,134,135,72,140,86,
28,91,94,8,104,25,113,105,96,93,134,
1,29,198,4,92,5,28,69,89,94,8,154,158,115,156,25,84,96,70,72,71,85,86,157,
104,25,113,146,87,
1,29,20,8,104,158,115,25,113,146,96,
25,110,96,
2,29,3,5,27,30,94,99,70,85,86,
0,1,3,137,177,48,176,91,94,159,42,154,175,152,155,136,72,86,
1,83,113,87,86,110,
1,20,8,10,104,149,25,146,109,110,
0,1,2,29,3,4,92,170,5,67,137,48,69,89,91,94,83,99,158,96,97,139,70,87,134,72,85,157,
27,28,67,8,115,25,110,53,111,
0,1,29,80,199,3,5,27,28,137,176,89,94,8,154,25,113,112,111,
20,5,28,8,104,115,25,113,96,
159,154,105,106,107,96,87,
1,27,28,30,83,94,8,158,156,25,84,110,96,133,70,87,135,85,86,
1,2,92,30,67,83,149,70,72,85,84,86,165,110,
0,1,29,197,198,92,5,26,27,28,67,177,91,8,149,
1,29,92,5,26,27,28,30,67,7,9,69,89,91,94,8,159,162,25,177,96,178,70,87,72,86,
94,154,25,106,107,133,70,87,131,132,85,110,
1,29,30,67,69,162,129,133,70,130,132,178,72,
0,1,29,198,92,26,27,28,67,177,89,91,94,83,8,154,149,162,25,110,96,133,87,132,72,86,
5,28,8,115,25,113,133,
1,29,28,81,83,89,94,154,104,158,113,114,106,107,112,84,109,110,96,111,87,85,86,
99,25,113,105,110,146,96,97,139,87,134,140,137,
4,99,156,107,110,86,157,
1,29,80,3,4,5,28,78,81,83,94,8,154,99,158,149,156,25,151,152,84,110,96,87,134,72,86,
1,2,29,3,4,92,48,176,102,69,89,91,94,83,154,99,105,110,96,133,87,132,157,
0,29,3,5,26,30,94,8,159,154,104,158,149,156,160,161,162,25,146,151,152,155,133,139,87,132,86,157,
4,5,102,89,94,8,99,96,85,86,
0,1,29,27,28,185,176,50,154,103,104,115,126,25,113,128,106,107,153,155,87,86,
1,2,29,198,20,5,176,7,9,94,8,159,154,175,158,149,156,152,105,110,96,178,70,87,86,
170,5,27,28,137,89,94,83,8,159,154,104,99,25,113,128,105,84,110,96,53,133,70,87,134,88,85,86,81,157,
1,2,29,3,4,5,26,27,28,177,176,7,9,23,94,8,159,42,154,175,104,158,115,149,156,160,162,25,113,146,151,105,24,109,110,96,87,108,157,
1,170,102,89,94,83,8,103,104,158,156,162,25,113,128,105,106,107,112,84,110,96,154,70,87,108,85,86,157,
198,4,5,28,30,177,176,7,102,9,94,8,154,175,99,158,149,156,104,126,25,113,110,96,87,132,108,83,157,
0,1,2,80,3,4,6,5,77,78,176,171,8,159,154,173,10,103,158,149,156,160,162,25,155,87,157,
3,159,42,154,158,156,86,
28,99,25,113,105,97,
80,170,5,28,81,83,137,177,176,7,9,8,159,42,154,173,175,104,158,149,156,126,25,152,128,59,153,155,136,87,86,157,
102,154,10,103,104,25,105,106,107,87,
1,2,29,198,3,4,6,20,92,5,78,83,177,48,176,89,91,94,167,159,42,154,175,25,128,105,110,96,70,
1,80,4,5,77,78,79,81,83,8,159,42,154,158,149,156,160,161,162,25,146,151,128,107,110,153,155,70,71,86,157,
137,177,102,94,154,99,158,75,156,25,110,153,155,108,
198,3,4,170,5,26,27,28,30,83,177,176,23,8,159,104,158,149,156,162,126,25,113,128,127,84,110,96,53,155,129,133,87,130,131,132,85,86,157,
102,94,159,158,160,161,128,111,87,108,83,85,84,86,157,
1,2,3,4,170,5,26,30,176,102,94,8,154,177,104,149,25,84,96,133,70,87,85,86,157,
0,1,92,28,30,137,5,89,94,83,8,99,158,156,25,146,105,106,107,112,84,109,110,113,96,154,111,133,136,87,132,134,135,72,108,88,86,157,
1,92,30,102,8,103,104,158,149,25,105,106,107,110,113,96,108,157,
0,197,5,27,83,102,154,158,115,25,113,105,84,87,108,86,
5,67,102,69,94,8,154,133,70,87,132,
0,1,2,29,3,5,26,27,28,78,176,7,9,148,8,159,154,173,10,158,149,156,160,161,25,146,151,152,110,53,153,155,178,108,86,157,
0,1,67,81,94,171,25,84,110,111,87,
102,171,154,100,104,99,158,25,113,107,110,111,108,157,
0,1,2,199,3,4,6,5,137,177,185,48,176,9,8,159,42,154,174,175,115,11,126,113,187,105,
78,102,159,103,104,156,162,25,113,105,106,107,110,96,87,108,140,
28,10,104,25,113,114,112,109,110,146,96,111,155,87,108,86,
5,28,7,101,9,8,10,104,149,25,113,105,107,
1,80,198,3,4,6,5,83,137,177,176,7,9,8,159,42,154,173,175,10,104,149,126,25,152,128,84,85,86,
1,2,29,80,3,4,5,26,27,28,30,77,83,177,176,7,102,9,23,8,159,42,154,175,10,103,104,158,149,75,156,160,161,162,25,113,146,152,128,105,106,107,24,109,110,96,155,178,70,87,108,157,
1,3,5,78,176,102,94,8,159,154,103,104,158,28,156,25,113,96,87,157,
1,80,4,6,170,5,7,9,8,103,104,128,105,106,107,
1,3,137,176,102,83,104,156,105,112,84,110,155,136,87,108,140,85,86,
0,1,2,29,4,5,26,27,28,176,7,101,9,8,154,10,103,104,156,25,113,105,106,107,
1,80,4,92,83,176,9,154,175,104,158,156,126,25,113,106,107,84,110,96,133,87,108,190,85,86,
4,176,102,9,148,94,154,175,10,104,158,149,151,152,25,155,
48,102,169,159,42,154,173,158,149,156,25,152,70,108,86,
3,4,6,5,176,101,102,159,
1,2,29,80,198,3,4,6,20,92,170,5,78,176,101,102,9,25,
102,103,104,158,75,107,112,110,111,70,72,108,
3,78,102,159,154,173,158,149,156,160,161,151,111,108,86,157,
1,3,4,176,102,159,42,154,173,158,156,160,161,162,151,153,155,178,108,157,
92,5,77,8,154,175,177,149,160,161,151,112,84,108,85,
0,1,2,29,80,198,199,4,92,5,26,30,78,83,177,176,7,9,8,175,115,149,113,114,128,108,86,
30,137,69,103,105,106,107,110,133,70,87,134,157,
1,28,171,8,154,175,103,104,25,105,106,107,136,137,
67,69,99,25,105,106,107,110,96,133,70,136,87,131,132,134,135,86,157,
0,80,3,4,5,28,30,176,102,9,8,159,42,154,173,177,103,104,158,149,156,160,25,113,152,110,96,153,70,87,108,157,
1,20,30,101,102,148,171,8,104,149,160,162,126,25,146,151,152,106,107,112,109,110,154,111,87,108,
80,81,82,83,103,149,104,113,30,105,106,107,112,84,109,110,96,87,108,
5,154,103,104,158,156,162,106,107,153,155,87,
80,159,154,160,86,
80,77,78,79,69,103,99,106,107,110,87,
1,3,170,5,28,30,83,7,9,8,159,158,149,156,160,104,113,109,110,70,87,108,157,
29,27,28,30,8,154,158,115,25,113,146,104,109,110,96,94,156,87,134,135,
0,29,80,4,20,27,28,30,78,145,148,154,158,160,25,113,151,112,84,109,110,111,87,134,85,86,
27,30,158,149,107,112,84,110,111,133,87,108,85,86,
158,160,25,151,106,107,109,110,154,153,108,
26,27,28,67,83,5,9,8,104,115,149,25,113,114,146,112,84,109,110,96,154,53,111,87,108,85,86,
104,105,106,109,87,108,
0,1,29,199,4,6,20,5,26,27,67,9,19,8,177,10,115,149,25,113,114,106,109,108,
19,69,94,104,25,113,112,84,110,96,111,87,134,
29,28,5,7,9,8,115,149,104,25,113,106,107,112,53,111,108,
145,148,8,115,149,25,113,114,146,106,107,112,84,109,110,111,87,85,
30,94,105,107,110,134,
3,30,69,89,94,8,103,158,115,149,25,105,106,107,112,109,110,111,133,70,87,134,135,
0,29,30,67,167,8,25,146,106,107,84,110,53,133,87,
80,137,128,105,136,
1,92,170,81,83,69,94,167,105,84,110,87,86,
80,103,104,99,25,105,106,107,112,84,110,87,134,
1,170,80,81,83,102,69,94,167,103,75,104,105,106,107,112,84,109,110,96,111,70,87,134,108,72,85,86,
28,30,69,94,99,105,106,107,110,96,97,70,85,
78,8,158,115,149,156,25,113,152,106,107,52,112,109,110,154,111,133,87,135,72,108,
1,30,67,94,104,158,160,113,146,105,106,107,112,109,110,96,111,70,134,72,108,157,
1,92,27,28,7,9,154,158,149,25,113,114,146,106,107,112,111,70,87,72,108,86,
110,134,
92,69,89,94,83,158,75,156,105,106,107,112,84,109,110,111,87,108,85,86,81,
5,28,69,8,154,158,149,75,25,106,107,111,70,87,72,108,71,85,86,110,
78,81,83,5,158,156,25,113,114,105,106,107,112,84,109,110,111,133,87,108,88,85,86,
158,113,106,107,112,110,111,108,
81,105,106,107,110,111,87,108,
80,30,83,89,106,107,112,84,109,110,96,155,133,70,136,87,131,132,134,135,108,85,86,
80,92,67,81,83,69,75,113,105,106,107,112,84,109,110,111,87,108,85,86,
81,171,173,158,113,106,107,112,84,109,110,111,87,72,108,88,85,86,172,
81,69,8,103,158,149,160,25,113,114,152,106,107,112,84,109,110,154,111,70,178,72,108,157,
0,1,2,29,80,198,92,5,27,28,30,67,77,78,69,94,154,175,149,75,25,113,114,146,112,84,109,110,111,66,68,70,87,72,108,85,
29,170,27,28,81,23,115,75,25,113,114,106,107,112,84,109,110,111,108,
94,107,112,110,96,111,134,
158,75,105,106,107,112,110,96,111,134,72,108,
92,27,28,30,148,69,89,8,158,149,160,25,31,113,146,151,106,107,112,109,110,154,111,133,70,87,72,108,86,
1,80,4,67,5,69,8,115,113,146,105,112,84,109,110,111,133,70,87,135,85,
27,28,7,103,104,25,113,105,106,107,109,110,96,87,108,
29,170,27,30,81,83,69,89,94,156,113,84,110,111,133,136,87,131,132,134,135,108,88,72,85,86,
1,80,5,78,81,83,102,69,115,75,113,114,106,107,112,84,109,110,111,108,72,85,
81,89,94,8,113,25,112,84,109,110,111,87,108,190,86,173,
78,69,159,158,156,160,128,25,110,111,72,108,85,86,172,173,
154,158,149,160,25,106,107,110,111,153,72,108,
69,154,111,87,72,108,86,
83,84,110,108,85,86,
83,158,110,111,87,108,85,86,
171,8,154,158,115,149,25,113,112,111,108,
102,173,160,111,70,108,
158,75,25,106,107,110,53,111,70,72,108,52,85,
0,1,80,170,77,78,81,83,102,69,171,158,160,110,70,72,108,165,
8,149,113,106,109,
1,3,20,176,102,69,8,154,173,158,28,115,149,156,25,113,187,26,30,146,151,152,106,107,112,109,110,96,111,153,155,178,70,87,72,108,71,
80,78,82,25,113,114,106,107,112,84,109,110,111,87,
148,8,149,146,151,143,109,
0,78,8,149,113,114,146,106,107,109,110,111,
82,19,149,25,146,109,
8,25,146,106,107,110,53,87,
80,78,82,8,115,113,114,146,109,111,
148,149,146,109,110,143,111,
0,1,2,4,5,19,8,115,25,113,114,106,112,110,111,
1,80,30,137,69,89,94,113,105,106,107,112,84,110,111,133,136,87,134,135,85,86,
81,83,69,75,113,106,107,112,84,109,110,111,133,87,108,190,85,86,
0,29,80,92,67,77,78,5,69,89,94,158,115,156,25,113,106,107,84,110,53,133,68,70,136,87,135,72,88,71,85,86,172,
0,1,80,198,4,92,83,9,69,8,115,149,75,113,105,112,84,109,110,111,134,108,85,86,
0,1,29,80,27,28,177,25,113,112,84,110,96,111,133,70,134,108,
29,92,26,27,28,30,67,177,69,154,113,146,110,96,53,111,70,134,72,108,
0,29,198,69,8,158,25,113,106,107,110,53,111,70,134,72,108,52,
0,1,29,80,92,26,27,28,67,48,176,69,89,94,154,158,156,25,106,107,84,110,146,111,178,133,70,87,132,134,135,72,108,88,85,86,
30,158,156,25,31,113,105,106,107,112,84,109,110,154,111,133,87,135,72,108,88,85,86,
0,80,198,67,81,83,69,158,75,25,112,84,110,111,178,70,87,134,72,108,85,
0,1,80,20,170,81,82,83,5,75,113,114,106,107,112,84,109,110,111,87,108,86,
111,
0,1,29,28,81,104,25,113,112,84,109,110,111,108,
113,114,112,111,108,
80,81,19,69,113,114,146,112,111,108,
30,8,115,149,25,113,114,116,112,53,111,108,117,
0,1,29,80,198,92,5,82,185,115,113,114,112,111,
25,113,114,112,109,110,53,111,87,108,190,
7,9,69,25,113,114,106,107,112,109,111,108,
0,1,29,80,3,4,92,170,5,67,77,78,79,81,82,83,159,75,106,107,112,84,110,53,111,70,108,134,
0,29,197,198,92,27,28,81,194,113,114,112,111,
80,194,114,
112,109,110,
1,29,20,170,27,81,19,145,113,146,112,110,
0,1,197,67,77,113,114,112,111,
0,194,19,113,114,112,84,
0,80,197,198,83,185,113,114,112,
0,29,80,26,27,28,30,78,81,83,7,9,148,8,115,149,25,113,114,146,151,22,112,84,109,110,53,111,108,
0,80,92,5,26,30,48,7,9,8,115,149,146,110,70,
1,29,4,20,170,30,17,19,145,148,112,
113,114,
82,177,8,115,149,25,113,114,116,187,61,185,53,60,
113,114,112,111,108,
82,113,53,
29,80,27,28,30,67,81,9,148,8,115,149,25,113,114,116,146,112,109,110,111,108,
82,194,115,25,113,114,116,112,53,111,
115,113,114,116,
1,3,20,27,28,194,5,19,148,154,115,149,25,113,114,146,151,152,22,109,53,153,
29,170,67,82,83,177,171,176,173,175,25,113,114,57,61,112,53,111,117,172,
0,1,29,80,197,198,20,27,28,77,194,177,69,8,113,114,
0,1,2,80,199,5,82,115,113,114,116,106,112,110,111,
0,80,92,194,113,114,116,112,53,117,
0,29,80,197,5,81,25,113,114,118,
0,80,115,113,114,187,189,190,
0,194,113,114,112,111,
0,1,2,80,197,3,20,5,27,28,82,185,176,8,154,10,149,11,126,25,113,114,58,141,
80,81,194,114,149,146,
0,80,113,114,
80,20,194,115,114,
29,27,115,113,114,
0,170,82,115,113,114,116,
1,2,198,199,5,8,115,126,113,114,116,
115,113,114,109,111,
115,
0,1,2,29,80,197,198,5,27,28,82,194,185,7,9,8,154,10,115,149,113,114,116,151,112,53,111,
115,
45,185,173,115,113,114,187,112,111,108,
0,1,2,80,3,4,6,5,28,67,77,79,82,7,9,23,8,42,154,115,126,25,113,114,187,56,57,59,61,43,53,60,
0,1,197,185,25,115,113,114,112,111,186,
5,115,149,113,114,116,190,
0,177,115,113,114,116,53,111,118,117,
0,1,2,80,198,199,5,194,176,154,115,149,25,113,114,106,112,53,111,
194,185,7,8,115,113,114,116,187,106,108,190,
0,1,80,3,6,185,9,8,115,113,114,116,187,128,112,111,189,190,86,
1,80,199,67,81,194,115,113,114,116,187,43,52,109,53,118,108,117,
26,185,176,8,115,113,114,116,187,186,
26,45,9,8,42,115,149,113,187,151,106,57,61,60,
0,2,197,198,3,5,28,177,176,7,9,8,42,154,174,175,115,25,113,114,187,56,53,118,
0,1,29,80,6,28,5,9,8,115,114,187,
0,80,197,6,5,27,28,81,194,7,9,8,115,25,113,114,116,112,53,111,117,
0,1,197,8,115,113,114,116,187,118,
114,
0,114,53,
0,198,28,177,185,8,115,113,114,43,53,118,120,
1,29,80,199,20,67,81,194,113,114,25,109,53,118,
0,1,3,170,5,26,27,28,176,7,9,23,8,154,115,149,25,113,114,187,151,24,53,
0,80,197,194,115,149,114,
80,170,185,171,113,114,126,40,
67,118,
82,114,58,56,
80,198,82,177,176,42,173,174,175,149,11,126,26,58,124,106,107,123,127,59,112,110,111,108,60,
80,170,26,81,82,83,177,176,169,171,8,154,173,175,10,115,149,11,126,25,113,114,151,152,58,56,57,59,61,53,63,60,
0,1,80,81,82,177,5,9,8,115,126,25,113,114,187,58,106,61,109,52,
9,149,59,
53,111,
29,82,177,176,42,154,149,151,57,52,25,53,129,60,
82,9,8,42,162,11,126,58,57,55,59,61,52,53,70,
0,26,82,177,112,53,111,
194,115,113,114,116,
198,177,185,8,61,121,120,
9,126,124,129,
176,
82,115,113,114,
194,115,25,113,114,116,
0,80,197,198,199,185,46,42,
176,9,171,11,58,124,
115,
80,42,25,57,112,111,
0,7,9,8,112,110,111,129,
0,80,197,198,3,5,26,45,137,177,48,176,9,8,42,175,11,126,58,124,141,61,52,112,109,110,63,129,108,60,
1,198,3,45,185,48,176,9,49,42,154,173,174,25,43,
0,185,124,
47,177,126,58,43,185,
177,9,10,11,126,124,
124,123,43,121,185,
0,80,197,198,199,67,82,45,194,177,185,176,42,175,58,124,141,61,43,109,
3,48,176,50,171,49,42,154,173,174,175,177,10,126,25,124,106,107,56,57,52,111,108,172,
49,175,126,113,124,56,123,125,53,129,178,
43,
5,8,115,113,114,129,118,
177,
199,185,42,
185,126,58,56,123,
0,1,2,199,3,6,5,185,7,8,47,126,107,43,111,108,
177,9,176,42,154,175,10,11,126,58,124,56,43,
126,113,187,
42,124,44,
177,185,176,8,42,175,149,11,126,58,124,61,52,111,129,188,60,
175,
198,176,154,174,175,10,104,25,187,106,107,123,43,121,122,185,151,153,179,180,178,184,186,38,108,120,
171,176,154,173,43,52,111,129,178,108,172,
1,199,177,185,7,9,48,46,47,49,176,174,175,10,103,115,160,161,12,104,126,113,187,124,106,107,123,125,43,121,122,151,129,178,183,184,188,186,38,40,51,108,182,52,120,169,118,171,119,
126,124,123,57,
185,10,124,
197,185,9,11,12,126,124,128,123,125,121,122,184,
10,126,124,128,123,125,108,
199,3,185,48,176,46,47,177,
0,1,2,80,198,199,3,45,177,176,47,49,42,175,52,129,
3,176,47,49,175,52,
126,
9,175,123,
185,124,43,
185,10,124,
176,9,42,11,58,124,108,
185,9,175,126,58,43,
0,199,3,185,42,
9,176,42,175,11,126,124,43,185,
3,177,185,176,9,8,154,11,25,43,
199,185,42,175,11,126,187,124,44,43,178,60,
9,176,175,126,187,124,123,43,185,
185,176,174,175,126,124,123,43,
173,126,43,178,
185,42,173,126,124,43,108,
47,175,126,58,124,56,123,
175,10,126,124,123,125,108,
177,185,176,8,175,9,115,26,151,56,61,181,63,129,178,186,60,
177,175,10,126,124,123,125,128,129,178,
176,185,
176,42,175,162,126,
0,1,198,199,177,185,176,8,49,175,126,107,52,129,178,108,172,
176,154,175,8,115,126,113,25,125,178,172,
177,176,175,162,126,58,127,
126,
126,
26,175,177,8,115,149,126,113,152,106,178,108,
9,10,126,
128,
3,5,176,8,159,154,173,175,10,149,162,126,26,152,106,178,
0,1,199,3,5,26,177,185,176,8,154,173,175,149,160,126,113,187,151,152,125,181,111,178,184,
154,173,174,175,177,10,126,
0,1,29,197,199,185,176,69,171,159,149,128,178,70,
126,129,178,
171,175,126,
26,5,48,176,50,8,47,42,154,173,175,177,149,11,25,152,110,108,
176,8,154,149,126,113,108,
173,175,126,128,123,125,127,129,178,
177,126,178,
185,171,126,187,178,172,
0,29,198,27,177,8,115,126,113,111,129,108,
175,126,128,127,
26,83,177,176,50,8,175,10,115,126,25,113,187,124,128,127,52,129,178,184,
0,175,177,126,25,127,129,178,70,130,
0,1,137,175,126,129,130,
176,126,128,106,108,
0,1,104,126,128,
80,154,128,155,129,133,130,86,
175,10,126,128,123,125,127,
26,177,173,174,175,10,126,151,106,129,178,130,
3,137,176,173,174,126,128,129,178,
128,127,129,
0,1,2,29,80,197,198,137,177,185,176,94,113,114,53,
175,104,128,
67,176,154,173,174,175,104,126,25,113,187,128,160,123,52,178,133,70,132,108,
26,67,177,175,25,106,107,52,109,110,129,178,130,132,51,72,108,
3,177,126,58,128,57,129,51,
30,198,149,126,127,156,129,51,
42,177,129,51,
177,48,154,175,126,123,129,70,108,
67,129,133,130,178,51,
175,177,59,129,178,51,
177,175,126,128,123,127,129,178,70,130,72,
177,176,49,52,129,178,130,
177,175,126,127,128,129,178,130,
177,175,126,128,127,129,178,130,
199,185,176,174,175,177,126,187,106,123,129,
26,28,30,176,175,177,8,115,126,113,133,
26,82,177,151,178,133,130,132,
27,28,69,25,133,70,72,
128,129,130,
5,27,28,149,126,25,113,52,
0,1,199,26,69,49,25,113,66,70,132,72,108,
29,26,27,28,30,67,177,176,175,113,181,178,133,132,108,
154,25,129,130,
29,28,177,176,69,8,154,115,156,25,113,155,133,87,130,132,
67,25,133,136,87,131,132,134,135,108,
26,30,67,177,23,175,126,142,24,129,133,139,130,132,134,
29,28,69,149,133,70,
1,30,176,154,151,155,156,133,
30,94,133,136,87,130,131,132,134,135,110,
26,69,154,59,113,155,133,70,136,87,130,131,132,134,135,108,
29,27,28,177,69,158,8,25,133,70,72,
67,82,69,113,133,70,136,132,134,51,72,
29,30,69,133,131,132,134,135,
26,129,133,130,131,132,134,135,72,
29,26,27,28,67,176,69,154,174,175,25,113,187,149,151,110,23,24,181,178,133,70,87,132,134,135,72,71,
198,177,176,154,175,126,129,132,
26,30,82,137,8,149,126,25,152,52,53,133,131,132,171,
198,26,67,137,177,69,158,110,111,133,66,68,70,131,132,134,85,
198,67,176,69,133,70,132,
133,132,
26,69,154,133,70,132,134,72,86,
30,129,133,130,132,
29,3,30,67,48,176,69,49,154,173,175,177,149,104,126,25,152,106,52,109,155,178,133,139,70,132,72,108,
0,29,5,26,27,30,67,177,176,8,154,173,175,126,25,152,155,133,130,178,
30,175,177,126,133,136,87,130,131,132,134,135,72,108,
0,29,26,27,28,30,67,8,25,133,139,136,134,135,
29,28,30,67,69,31,133,139,66,68,70,
30,67,133,
29,26,27,30,176,69,154,25,133,70,132,134,135,
29,26,27,28,67,178,133,134,
29,30,67,177,69,133,70,136,132,
29,26,30,137,69,175,178,133,139,70,136,132,134,135,72,108,
0,29,27,28,30,67,177,176,8,42,25,31,143,96,133,139,130,
0,29,27,30,67,177,69,8,158,25,133,70,134,72,71,
30,133,130,132,134,72,108,
0,29,30,67,177,176,69,155,133,70,136,87,131,132,134,135,72,
1,80,170,81,83,69,89,91,94,128,84,110,133,70,136,87,134,135,72,88,85,86,
29,26,177,154,104,149,25,70,134,135,72,108,
27,67,89,91,94,8,104,25,106,107,110,87,134,
67,134,
133,87,134,
81,75,106,107,110,111,134,108,85,
0,80,198,67,137,69,94,25,110,133,139,68,70,136,87,134,135,
0,29,28,30,67,25,133,136,134,135,
0,67,134,
0,1,29,80,198,27,30,67,137,177,69,89,84,110,111,133,70,136,134,135,85,86,
29,198,26,137,177,129,139,134,135,
0,1,80,198,67,137,94,25,110,96,139,87,134,135,140,86,
0,1,29,198,3,27,28,30,67,137,177,5,69,94,8,25,114,110,133,139,70,131,132,134,135,
0,1,28,67,69,94,25,113,133,139,70,136,134,135,85,
0,29,67,69,47,133,139,136,134,135,138,
67,69,25,146,139,70,87,134,135,72,
27,28,67,69,89,8,25,110,133,70,135,88,
0,29,27,67,137,69,133,70,136,71,
146,133,
30,69,25,133,70,131,132,134,135,72,
25,113,106,109,133,136,140,
0,29,27,28,30,67,129,133,139,136,134,135,
0,28,67,133,136,87,134,135,
29,67,142,146,133,139,136,132,134,135,
0,29,27,67,133,136,87,131,132,134,
26,25,142,152,136,
29,67,69,25,84,133,136,134,85,
0,1,29,80,3,4,6,20,92,5,27,30,94,159,104,158,149,162,25,146,110,143,96,133,139,138,86,157,
198,26,177,175,25,178,
1,29,198,5,26,27,28,30,67,177,7,9,8,154,104,115,149,161,162,25,31,113,164,59,96,155,133,139,70,138,86,
0,1,2,80,198,3,5,27,137,69,89,94,128,53,139,136,
29,198,5,27,28,30,67,137,94,154,99,25,110,96,97,133,139,132,134,
0,1,80,67,137,69,94,133,136,132,134,140,
0,29,198,3,26,27,28,177,48,8,47,50,42,149,25,142,128,133,130,
3,137,48,7,9,91,142,
137,105,
170,50,47,128,136,137,
28,8,142,146,144,
48,42,149,142,113,26,146,112,109,110,143,
29,27,28,30,67,69,158,8,149,25,142,113,146,112,109,110,53,133,70,136,132,134,51,72,155,108,
145,42,25,146,141,144,143,139,140,
1,152,128,144,109,139,
0,197,198,137,47,142,141,139,136,138,140,
47,139,
0,198,42,105,141,143,139,136,140,
8,104,149,126,139,
1,3,67,137,5,176,94,143,133,139,136,140,
26,177,176,42,154,149,25,142,113,152,139,
177,176,42,142,139,136,138,140,
0,1,197,3,5,27,28,45,48,42,25,141,139,134,140,
47,
1,4,92,8,25,113,
45,176,42,175,44,141,
80,27,28,137,8,104,25,114,106,107,53,133,136,132,134,135,
0,1,29,92,26,27,28,30,25,142,113,139,
198,28,137,177,154,175,25,139,140,
20,28,30,145,148,8,149,146,106,107,109,110,
1,20,5,27,28,145,148,8,149,25,142,113,146,152,109,143,96,140,
0,1,80,78,82,148,8,146,147,57,141,143,139,
0,1,29,198,199,20,26,27,28,30,177,185,8,176,42,104,115,149,25,142,113,187,151,106,109,139,136,134,
0,1,198,20,77,78,177,7,9,145,148,48,176,42,154,175,149,142,146,106,112,109,110,143,139,
177,176,175,
177,176,42,154,173,175,149,187,
28,
3,48,142,129,139,
42,142,141,144,139,140,
1,80,198,27,28,78,82,177,7,9,145,148,8,176,42,154,149,162,25,113,146,147,151,152,58,106,57,141,59,61,144,112,109,143,111,155,139,108,
26,8,42,177,25,113,106,112,109,60,
3,5,28,77,78,82,177,176,8,42,154,173,174,175,149,11,25,146,58,44,144,
0,1,67,48,7,9,8,42,115,151,106,44,139,
28,8,115,149,25,142,113,139,
1,29,27,28,30,177,145,148,8,25,146,144,
26,28,145,8,154,25,142,113,151,152,
28,142,143,
145,142,141,144,143,139,140,
29,27,143,139,136,140,82,
29,20,27,28,30,9,145,148,8,42,154,177,104,25,142,113,146,147,44,144,143,133,139,
82,145,148,8,146,147,109,143,
0,30,82,185,176,154,25,155,133,139,
5,7,9,145,8,47,42,10,149,11,142,106,143,
142,141,144,143,139,140,
197,30,177,145,42,154,146,141,144,142,143,140,
1,20,5,28,30,45,7,9,19,8,176,42,154,115,113,151,105,106,109,40,108,
77,137,139,140,
176,42,11,144,143,139,
92,91,25,142,141,113,143,139,
29,5,26,27,28,30,82,177,8,9,115,149,25,142,113,146,144,154,155,133,
0,80,198,137,177,149,59,
145,141,144,143,139,140,
145,148,149,25,146,147,
29,27,28,30,8,149,25,142,113,154,
146,
0,80,197,198,28,30,67,8,115,141,53,
146,
82,148,149,146,147,109,
199,82,8,176,177,115,11,113,146,58,128,144,155,60,
82,149,25,113,146,58,144,
29,20,28,30,177,145,148,8,142,146,143,139,87,140,
28,113,146,82,
0,29,80,20,30,77,78,79,81,82,102,145,148,75,25,149,146,147,106,107,56,127,128,61,144,52,112,109,110,143,111,133,139,141,140,73,163,
29,20,27,28,30,145,148,154,149,142,113,146,147,151,152,
0,29,20,5,7,9,145,148,8,149,25,146,151,154,
0,1,29,197,198,199,5,26,30,185,148,8,154,149,25,113,146,151,152,109,153,
148,
0,1,29,199,20,27,28,82,177,185,176,7,145,148,8,154,175,158,149,25,142,113,146,147,151,152,59,109,110,139,108,
20,145,148,8,149,142,146,147,109,
145,151,143,
29,28,30,82,145,148,8,142,146,144,143,
145,42,142,146,144,143,
26,145,143,
20,5,145,148,8,149,25,146,147,151,154,
29,80,27,28,30,77,78,82,145,148,8,149,156,11,25,142,113,146,147,58,57,109,154,155,
29,80,5,28,30,77,82,8,149,11,113,146,58,141,144,112,109,110,111,139,70,136,
29,198,20,28,30,67,177,148,8,149,25,146,133,139,
27,28,67,82,5,7,9,69,8,176,154,115,149,104,25,113,151,152,106,107,59,112,109,110,111,178,70,72,108,71,
29,80,27,28,67,77,78,79,81,82,5,69,154,173,158,149,113,114,146,152,58,57,59,61,109,110,70,136,134,72,108,71,
27,154,149,113,146,109,
67,137,149,146,175,141,58,61,52,136,178,82,
80,82,149,25,113,146,144,112,109,
26,27,28,30,82,8,154,149,25,113,146,109,108,
177,8,154,151,178,
28,8,176,149,25,142,146,147,148,145,
1,29,20,26,28,30,5,7,145,148,8,42,154,177,9,149,146,147,151,150,153,178,
30,145,148,8,149,146,147,151,150,
29,5,26,27,28,82,176,23,148,8,154,174,175,149,156,25,113,146,147,151,152,58,61,24,153,155,
26,30,9,148,8,176,154,149,162,11,25,113,146,147,151,152,59,144,82,
0,1,80,199,3,20,5,26,82,177,185,176,145,148,171,42,154,173,175,104,149,113,146,147,57,109,178,
0,29,199,26,82,148,8,115,149,25,113,146,147,151,152,61,52,
29,27,77,82,176,9,8,42,154,173,174,175,177,10,149,162,11,126,146,151,58,128,57,59,61,129,178,
149,
0,1,2,29,3,20,5,26,27,28,30,185,7,9,23,148,8,42,154,177,115,149,25,113,146,151,112,109,111,153,188,
148,149,151,150,
29,20,26,27,28,23,148,8,154,149,104,25,113,146,147,151,24,150,
80,26,27,28,30,5,176,148,8,154,149,25,113,146,147,151,152,58,128,59,61,112,109,110,
0,29,20,26,27,28,30,177,145,148,8,154,149,151,
5,82,148,8,154,149,156,160,113,146,109,110,153,108,
26,28,30,5,7,9,148,8,149,156,113,146,147,151,152,109,111,155,
0,1,2,29,199,3,20,5,26,27,28,30,82,185,145,148,8,177,149,142,187,146,147,151,52,
29,20,26,30,148,8,149,151,
0,1,29,20,26,28,30,9,145,148,8,154,149,12,142,113,151,109,188,
0,29,80,5,26,27,30,77,82,185,9,8,154,174,175,10,115,149,126,25,113,146,58,128,106,107,56,57,59,61,109,110,155,133,
149,
1,29,20,5,26,27,28,30,148,8,154,149,142,113,146,151,152,24,109,110,153,155,
149,
2,80,3,5,26,28,30,185,176,7,9,148,8,159,154,174,175,115,149,104,25,151,57,108,
80,199,77,82,5,7,9,8,115,149,113,146,109,108,60,
149,
0,29,26,27,28,30,145,148,8,149,25,151,152,144,155,
149,
149,
26,82,8,146,147,151,152,150,155,
148,154,149,160,151,150,153,155,188,
5,28,176,9,148,8,78,42,154,173,174,175,177,149,156,25,146,151,152,58,106,57,61,153,155,82,
1,2,3,20,5,26,27,28,78,176,7,9,145,148,8,154,175,10,149,156,11,104,126,25,146,147,151,152,106,110,153,155,
154,149,151,150,153,155,
148,154,149,113,150,
176,148,8,154,149,156,146,147,151,152,150,153,155,32,
151,
145,148,154,149,160,26,30,146,147,151,152,150,153,
176,8,154,173,174,175,156,25,151,152,59,153,155,178,108,172,
176,151,188,
3,176,9,159,154,10,115,160,162,25,151,
3,176,154,160,151,153,155,
176,159,154,173,175,149,160,187,152,126,190,
27,185,23,148,8,154,115,149,113,146,147,151,152,109,24,181,
26,177,185,9,176,154,175,10,149,25,106,111,108,59,110,
176,154,151,
0,185,176,173,175,115,160,151,181,179,180,178,188,
199,26,8,154,115,25,113,187,151,59,181,178,188,72,108,52,
176,154,173,177,152,153,155,178,
5,27,28,176,9,8,154,173,175,149,160,126,25,113,152,58,61,153,155,178,69,70,62,
176,173,174,175,152,155,178,
26,82,176,154,173,175,177,149,156,160,126,146,148,152,128,25,61,153,155,178,52,
26,3,5,8,149,151,152,61,155,
5,26,28,177,176,148,8,159,154,115,149,156,25,113,151,152,58,59,110,153,155,133,86,
82,176,154,149,25,152,153,155,
5,26,30,176,148,8,154,175,115,149,25,113,187,146,151,152,153,108,
26,177,9,171,8,176,154,173,175,149,156,25,113,151,152,59,52,153,155,178,
29,5,26,30,177,8,154,173,149,156,25,146,151,152,181,153,155,
28,148,8,154,149,160,151,152,150,181,153,188,
26,30,8,176,154,158,115,156,25,151,152,153,155,
26,27,176,171,8,159,154,158,149,156,25,113,152,153,155,
176,154,158,156,25,151,152,153,155,
1,5,148,154,175,149,160,113,151,153,155,129,178,72,71,
29,177,176,154,156,160,162,152,128,153,155,178,
30,8,176,154,149,156,160,25,146,147,148,152,145,153,155,178,72,
148,176,42,154,173,174,177,149,156,146,152,58,61,153,155,185,186,158,
155,
148,154,173,149,25,151,150,153,
0,29,80,20,185,148,154,115,156,187,153,155,
159,176,154,10,158,156,160,161,104,25,151,152,106,107,59,110,111,153,155,178,72,108,
176,159,154,158,149,156,160,161,152,59,153,155,178,
80,28,8,154,149,25,113,146,59,61,181,155,57,
155,
29,198,26,177,176,9,8,159,154,173,175,10,115,160,161,162,104,25,31,113,152,128,106,107,181,155,178,70,72,
176,154,113,149,151,152,57,59,153,178,51,
26,8,154,115,149,113,106,109,108,
154,173,158,149,160,148,153,108,
176,154,158,25,113,146,
1,2,29,3,5,28,82,176,7,9,8,154,173,175,149,156,160,126,25,187,146,151,152,61,185,181,153,155,179,180,178,51,60,
154,155,
176,154,173,175,177,152,56,57,59,61,155,178,188,62,
148,8,159,154,149,156,161,162,151,152,58,59,181,153,155,178,70,108,
175,158,156,155,178,35,72,82,163,172,
29,26,177,8,176,173,175,149,77,187,146,152,57,58,59,61,181,155,179,180,178,32,69,70,35,72,60,82,62,71,74,158,172,
82,177,176,154,173,175,158,156,160,161,162,113,26,30,146,152,56,59,181,153,155,178,
171,176,154,173,175,156,152,58,128,56,57,59,61,52,153,155,179,180,178,62,172,
5,26,30,176,9,69,8,159,154,173,175,177,158,149,160,161,162,25,187,152,57,59,61,185,181,153,155,179,180,178,70,72,62,108,
176,8,154,173,126,187,151,152,25,106,57,59,61,155,178,82,172,
27,28,78,82,5,8,176,42,154,175,177,9,149,162,11,25,113,146,148,151,152,58,126,56,57,59,61,155,60,62,
8,154,158,149,156,25,151,152,153,155,108,
0,1,29,80,77,176,171,159,154,156,25,152,157,
78,69,154,158,149,75,156,72,86,
1,80,30,148,69,159,176,154,158,149,156,160,25,151,152,155,133,70,72,108,157,
171,154,158,156,160,128,25,155,70,132,51,72,86,157,
29,26,27,30,177,176,171,8,154,175,149,25,151,152,52,153,155,129,178,133,72,172,
176,154,158,156,160,25,151,152,153,155,178,157,
0,28,30,69,8,154,158,156,160,25,151,53,133,70,87,72,71,157,
29,197,198,3,177,176,154,173,158,149,156,152,72,172,157,
30,78,156,111,
0,29,198,3,67,77,78,177,176,69,159,42,154,175,158,156,133,70,131,132,72,108,85,86,
0,1,2,29,198,199,3,4,28,67,94,159,158,156,133,70,87,132,135,88,86,157,
1,2,29,4,20,5,28,8,25,110,
0,1,29,3,4,20,92,170,5,27,67,137,176,69,89,90,91,94,83,154,104,99,25,105,84,110,96,153,133,139,136,87,134,140,85,86,
0,1,29,198,3,20,5,26,28,77,78,177,176,69,154,149,
5,77,78,8,159,154,158,149,156,128,153,155,70,86,157,
0,1,29,80,26,27,30,77,5,176,7,9,69,8,154,173,175,158,149,160,126,152,25,52,153,72,108,171,71,172,
83,89,158,156,160,161,84,87,134,88,85,86,157,
5,176,9,154,175,158,156,160,187,152,59,153,155,178,70,108,
176,8,154,173,175,158,149,156,160,114,152,25,153,133,108,86,
69,158,149,160,161,25,70,72,108,71,85,157,
176,102,9,8,159,173,10,158,115,160,161,162,25,151,107,109,110,155,178,70,72,108,52,171,71,111,157,
176,8,154,173,175,158,156,25,151,152,178,108,
171,8,154,173,158,149,160,151,152,25,106,110,153,134,72,71,172,
29,4,28,67,154,104,25,113,70,87,190,
4,5,7,102,9,94,154,173,158,149,156,160,126,25,152,110,96,153,108,85,86,
0,8,159,158,160,162,151,157,
1,2,198,3,92,5,30,137,177,185,48,176,7,9,148,171,159,154,173,174,175,158,149,156,160,162,187,151,152,128,106,153,178,70,130,108,60,172,157,
0,1,80,199,3,4,5,176,9,154,175,158,115,156,25,113,114,187,151,112,111,153,86,
102,159,154,156,153,155,72,86,
94,159,158,149,156,160,155,108,86,157,
159,158,149,156,160,161,30,152,157,
176,171,159,162,
0,1,80,20,170,5,77,79,185,176,7,9,148,171,159,158,149,156,160,162,151,152,111,155,133,70,157,
0,1,80,199,3,26,9,8,154,175,177,160,162,151,152,128,59,129,178,133,130,132,
3,78,176,102,159,154,173,158,156,25,128,153,86,157,
0,1,29,198,3,20,26,28,177,176,8,159,154,175,10,160,162,25,59,151,153,155,133,71,85,86,
3,5,176,7,9,8,159,154,175,160,162,113,178,
1,78,48,176,102,159,154,173,177,158,149,156,160,161,25,152,106,107,153,155,178,70,108,163,157,
160,128,155,108,
158,156,160,157,
199,177,185,176,7,9,50,173,175,126,128,129,178,130,
3,5,26,28,177,176,7,171,42,154,173,174,175,149,160,161,104,126,153,155,180,178,72,60,172,
154,160,162,151,153,155,163,
176,154,173,175,160,162,151,153,178,
154,173,149,160,30,153,108,
159,158,160,161,128,164,127,155,178,
158,160,161,155,178,157,
83,9,175,177,161,162,126,164,59,178,
29,92,83,69,149,128,164,133,70,72,85,
9,8,149,160,161,126,152,124,106,107,155,178,70,166,165,173,
3,176,171,8,159,154,173,174,175,10,149,161,126,151,152,59,178,108,172,
83,8,158,149,161,162,128,53,111,155,108,85,86,165,172,
9,159,160,161,162,30,163,
2,5,159,149,160,161,162,128,105,59,155,178,
160,161,128,155,178,165,
1,3,176,9,42,162,86,
176,9,159,154,173,160,161,162,126,25,151,152,155,178,163,
177,159,154,175,158,156,160,161,162,155,178,163,157,
7,9,8,162,151,
1,176,9,42,175,162,128,106,59,
0,198,3,5,26,177,176,7,9,8,159,42,154,173,174,175,149,162,126,25,152,178,
0,1,3,81,83,177,176,9,171,8,159,154,173,174,175,10,115,149,160,126,25,113,114,151,128,112,109,110,111,108,86,172,
0,1,199,3,5,176,7,9,8,42,154,173,174,175,177,10,149,25,152,106,107,59,112,
83,171,154,173,175,10,160,161,126,58,128,106,127,59,155,178,163,172,
199,3,5,7,9,8,159,10,149,162,126,25,151,128,163,
9,10,161,162,128,106,107,178,86,
83,175,162,128,178,163,
154,104,161,30,109,108,
0,1,4,83,162,126,128,163,
9,159,160,161,162,128,127,155,130,178,163,173,
160,162,128,127,59,155,178,130,163,
9,175,10,126,128,127,129,
160,162,163,
83,176,173,175,162,126,128,127,178,51,52,163,
0,1,29,80,3,4,170,5,26,27,28,30,67,77,78,79,81,83,176,69,8,159,42,154,173,177,158,115,149,156,160,161,162,25,113,187,151,152,128,164,127,59,53,111,153,155,129,133,70,130,132,51,72,52,71,108,86,165,157,
149,128,164,130,108,
1,80,92,170,77,81,83,69,149,161,114,112,84,70,87,134,72,108,71,85,86,
1,29,80,170,5,27,28,67,83,8,162,128,164,70,71,
77,69,149,164,64,68,70,72,155,108,73,71,
164,70,
69,161,164,70,178,72,108,71,73,85,86,
0,26,159,154,177,160,161,162,104,126,128,164,127,59,155,63,129,130,178,85,86,163,
29,80,30,67,81,83,8,159,149,160,161,162,128,164,133,70,130,73,71,85,163,
0,1,185,8,159,149,162,126,146,
0,1,80,197,198,4,170,5,78,79,81,83,102,9,89,94,171,8,159,149,160,128,70,
83,162,164,178,72,166,163,165,
0,1,92,27,83,177,9,126,128,25,129,178,133,70,51,85,165,
80,6,79,81,83,7,9,169,115,162,25,113,114,146,128,52,84,53,85,86,165,
80,170,77,79,81,82,149,58,164,127,61,52,178,70,51,71,85,163,
80,81,83,69,128,84,70,133,166,85,86,165,
0,1,170,83,128,165,
80,170,81,83,9,167,168,169,128,84,111,70,85,86,165,
0,1,2,198,92,83,177,175,128,70,165,
82,94,158,156,128,86,165,
78,83,162,128,164,166,85,84,86,163,165,
30,67,176,9,177,160,162,151,128,59,129,178,70,51,71,163,
1,80,92,170,81,83,185,176,69,89,90,91,94,169,128,87,72,71,86,
92,170,177,185,176,161,162,128,164,155,129,178,70,130,166,163,165,
83,159,154,160,161,162,128,164,127,59,153,155,70,166,86,163,165,
170,67,83,48,89,91,168,169,72,85,84,86,
161,162,128,164,127,178,59,166,163,165,
176,171,173,175,85,172,
1,170,9,159,176,154,10,162,126,113,114,187,128,164,127,59,155,178,88,166,190,86,163,165,
1,2,3,4,92,170,83,177,48,176,50,175,161,162,128,164,178,130,166,190,163,165,
80,170,81,83,69,168,52,111,70,71,72,86,165,
0,1,2,29,80,198,199,3,4,5,69,89,167,133,70,87,86,
80,89,167,128,84,70,87,134,88,85,86,
0,1,80,69,89,167,133,70,
0,1,80,4,6,170,78,81,83,89,167,128,84,70,85,86,
0,29,67,133,87,
1,2,80,198,3,170,5,83,177,69,89,91,94,168,133,134,135,
1,69,128,133,70,155,190,
0,1,2,29,80,197,198,20,185,89,94,167,47,154,156,160,128,86,
83,89,167,133,87,88,85,84,86,
1,80,170,83,86,
83,5,162,164,59,111,166,163,165,
0,1,199,83,169,160,161,126,113,128,25,106,107,84,110,96,53,70,87,85,86,165,
83,177,176,175,126,128,127,
128,166,165,
9,176,175,162,128,164,127,155,178,166,163,165,
2,5,89,167,8,149,128,133,135,88,
83,168,169,162,128,166,85,84,86,165,
80,198,170,5,83,177,114,
0,1,80,197,199,4,92,170,5,81,83,177,185,7,9,91,50,169,171,8,47,49,176,154,173,175,104,149,126,113,152,25,106,123,52,112,109,53,111,51,86,
1,80,170,81,83,169,113,146,128,52,112,53,70,
48,176,83,154,160,161,126,113,128,25,127,52,155,
83,
170,169,52,
83,177,171,175,108,190,86,
0,1,80,199,170,81,83,169,126,127,129,134,165,
170,169,159,128,
3,48,176,9,175,177,161,162,128,164,129,178,70,60,166,163,165,
83,58,126,59,61,72,108,
80,170,83,50,169,
0,1,29,80,199,170,5,28,30,83,7,9,89,167,168,8,149,
0,1,29,80,92,67,77,82,137,185,69,176,42,173,174,104,113,114,146,106,107,53,133,87,72,85,86,
0,1,170,
0,1,2,29,197,199,3,4,6,92,83,91,174,187,128,
0,1,29,80,198,3,4,20,92,170,26,27,28,81,83,137,177,5,69,89,91,94,50,171,8,115,187,128,52,53,133,70,132,134,
89,94,167,154,128,84,134,135,85,86,
0,1,199,170,81,113,
0,1,2,80,199,92,170,83,48,69,91,94,167,168,
0,1,2,29,80,198,170,27,83,177,50,47,42,104,52,114,53,
0,1,2,29,80,197,198,199,3,4,6,92,170,5,27,28,81,83,177,185,48,176,7,9,17,89,91,94,50,168,171,8,159,115,149,160,25,113,114,151,128,52,111,139,86,
171,158,111,172,
80,170,81,83,7,9,162,128,59,144,85,86,
0,198,78,83,177,3,176,171,173,113,114,26,151,25,172,
170,83,50,169,160,151,128,52,
0,1,80,170,83,185,48,89,168,169,171,187,128,178,72,88,
0,1,115,88,190,
1,2,80,170,77,10,162,105,87,
170,83,48,91,169,128,84,133,85,86,165,
1,29,80,170,67,81,82,83,168,128,84,85,86,
176,175,187,
0,1,199,3,115,113,114,187,88,190,
173,174,187,190,
26,177,185,176,42,154,173,174,175,149,58,57,63,60,
0,80,198,199,9,174,162,187,
115,190,
185,187,186,
0,1,80,199,20,170,27,176,94,169,171,173,174,115,25,113,
26,30,177,8,154,149,160,126,25,113,151,152,127,181,111,178,72,60,71,
1,80,92,170,81,83,89,91,168,169,171,187,112,111,87,190,86,
177,176,154,173,149,25,113,152,61,62,
177,185,176,42,173,175,162,126,187,129,
176,42,173,174,175,177,58,59,178,
177,176,171,173,175,52,178,172,
198,26,177,185,171,173,174,
3,176,173,174,175,158,155,
171,176,173,175,152,72,
173,174,175,126,72,106,172,
177,176,173,174,175,126,58,57,59,61,178,
176,154,173,175,177,187,146,178,
1,3,185,176,8,173,174,115,126,113,53,
154,173,174,160,171,172,
0,1,197,198,185,176,171,154,174,126,52,155,60,
0,1,29,197,199,3,5,82,177,185,176,7,9,8,42,154,173,174,175,149,11,126,113,152,59,49,52,178,60,
169,176,174,126,60,
171,173,174,178,160,
185,176,
185,176,50,171,154,174,126,187,128,52,
1,174,
174,108,60,
177,3,176,8,42,173,174,175,126,151,152,127,59,178,
176,175,126,178,60,
2,3,5,176,7,173,174,175,10,178,
174,175,187,59,52,155,178,72,
26,185,176,69,8,154,173,175,115,149,160,25,113,187,152,61,109,181,153,155,178,70,51,60,82,
176,42,175,126,58,128,59,
176,174,158,106,155,178,108,
176,175,177,126,187,155,179,180,181,178,72,60,
3,176,154,173,174,175,59,52,
26,171,8,176,154,173,175,115,149,126,25,113,151,152,178,59,172,160,
176,171,8,154,173,174,175,158,149,160,161,152,59,181,153,155,179,180,178,108,172,157,
176,174,175,160,187,59,
176,174,175,185,60,
3,5,176,171,8,42,154,173,174,175,177,9,115,149,126,187,58,106,57,59,155,178,
1,197,199,3,5,82,177,185,176,9,42,154,173,175,149,11,58,
29,3,5,185,176,9,69,154,158,160,151,152,59,153,155,178,188,70,72,71,172,
1,199,20,26,171,176,175,149,126,151,152,178,72,172,160,
26,177,176,175,149,152,63,179,180,178,
177,176,42,173,174,175,129,60,
176,171,175,123,59,52,178,
198,177,176,42,175,63,129,179,180,178,
29,197,198,177,176,9,69,171,8,42,173,175,149,162,152,58,128,126,56,57,59,61,111,155,129,178,70,72,106,108,60,71,172,
67,177,176,154,173,175,149,146,147,148,178,70,72,108,74,
0,2,29,80,3,5,26,27,28,79,82,177,176,7,9,8,47,42,154,175,149,11,25,146,58,59,61,181,63,178,70,108,60,
185,176,42,173,175,115,126,178,
1,29,26,27,28,185,8,154,173,177,9,115,149,151,181,178,188,
177,149,152,178,82,
92,27,185,23,154,175,177,149,25,178,
177,176,42,154,175,126,58,123,59,151,178,
0,1,29,67,77,185,69,63,178,64,66,70,72,71,
29,69,149,25,61,181,155,178,70,72,
80,77,69,59,155,178,72,108,
1,29,77,148,69,158,149,156,160,161,162,25,113,146,151,152,112,110,111,63,178,70,72,108,71,74,172,157,
175,155,178,
29,28,67,82,175,177,126,58,124,128,56,123,59,178,139,
29,26,175,160,187,181,179,180,178,51,72,60,
158,160,155,178,70,72,108,
178,
82,49,175,126,52,178,51,171,
176,173,175,177,10,126,58,128,181,63,129,180,178,130,132,51,
67,69,181,187,
176,175,126,56,123,125,59,185,178,
177,176,42,154,173,174,175,126,185,181,179,180,178,183,51,60,
177,176,42,57,
69,176,173,175,126,106,107,58,59,61,178,70,72,108,62,71,172,
3,185,176,8,154,173,175,149,156,146,151,152,25,57,59,61,181,153,155,179,180,178,51,
176,175,177,126,179,180,181,178,
176,175,61,181,178,51,72,62,71,
20,26,148,8,176,154,173,175,177,149,25,151,152,181,
80,199,3,5,82,185,176,69,8,154,173,175,126,123,124,57,55,43,52,153,155,63,178,70,72,108,60,71,74,
26,185,176,154,173,175,115,160,113,187,152,153,155,178,184,70,186,60,
0,198,26,177,176,42,174,175,63,179,180,
26,177,185,176,173,175,152,58,124,126,59,61,155,63,179,180,178,60,62,
26,30,177,176,154,175,8,149,151,152,181,179,180,178,
177,176,42,173,175,126,127,43,181,129,178,184,118,49,
1,26,177,185,176,173,175,8,187,151,106,181,178,60,
29,3,5,177,48,176,9,171,159,47,42,154,173,174,175,158,149,156,160,161,162,152,52,153,155,178,70,71,172,157,
178,
26,177,185,176,154,175,151,152,61,181,155,63,179,180,178,184,160,
26,177,175,181,179,180,178,72,
26,177,176,175,181,63,179,180,178,
1,2,5,26,30,177,185,8,154,175,149,25,146,61,181,63,178,60,82,108,
26,176,154,173,174,175,126,181,153,179,180,183,184,182,
29,26,177,8,176,42,154,173,174,175,115,25,113,124,126,57,185,181,63,129,178,184,70,186,60,
173,115,187,185,
0,199,5,26,185,7,9,8,174,126,187,178,
177,185,154,9,126,26,58,59,178,
198,199,26,177,185,175,178,60,
177,176,173,174,175,126,124,125,185,178,183,
185,42,173,175,124,43,181,178,60,
185,176,154,174,9,115,126,113,187,106,59,
29,80,28,185,5,176,9,8,154,174,187,106,107,57,61,52,178,108,60,71,172,
176,154,173,174,175,25,113,187,59,178,60,
0,29,199,177,185,175,187,193,181,183,184,72,182,71,
185,176,42,175,126,178,183,184,60,
0,80,198,5,26,30,177,176,42,154,173,175,149,126,152,25,106,107,181,178,108,60,110,172,
176,171,42,173,174,175,160,126,178,184,72,108,59,60,172,
8,176,154,173,175,126,152,58,59,61,178,72,60,62,71,
0,198,3,26,177,185,176,174,175,187,124,183,184,
185,176,174,175,126,43,178,
3,26,185,176,8,42,154,173,174,175,115,149,126,25,113,187,151,152,58,124,43,181,178,184,188,52,
49,176,42,173,174,175,57,59,52,184,
0,177,185,176,42,126,106,172,
41,57,185,184,60,
173,115,149,185,178,186,60,
187,
176,175,126,125,178,188,
184,
187,
174,55,61,184,72,52,
185,173,115,155,178,186,72,60,71,172,
9,126,
174,58,126,55,59,61,185,53,184,72,60,
177,176,175,126,129,
2,199,185,48,8,46,42,175,43,
198,3,5,185,176,8,175,124,43,
198,199,177,185,171,176,42,173,174,187,124,43,183,184,182,172,
26,177,176,42,154,173,174,175,126,61,63,60,62,
0,1,199,3,20,185,176,178,60,
0,1,2,199,177,185,176,7,9,8,42,175,10,11,126,25,124,188,
0,1,2,197,198,199,3,20,5,45,196,177,185,176,7,9,171,42,174,175,11,124,123,57,43,
8,42,173,174,175,177,11,113,187,152,58,41,59,43,185,60,
0,1,197,199,3,177,185,176,154,175,
185,48,176,42,174,175,126,187,106,44,178,184,72,
197,185,50,171,187,124,52,112,111,
2,29,3,5,26,27,28,8,154,175,115,25,113,187,58,56,57,59,61,181,71,
187,
176,154,174,9,115,187,185,184,189,190,
176,9,8,42,174,11,58,124,56,123,125,55,59,61,185,184,60,
26,185,176,154,174,187,184,60,
176,9,42,115,126,114,187,57,108,172,
115,187,
187,
176,154,174,115,113,187,185,153,184,186,189,190,
0,29,185,5,176,115,113,187,70,71,
126,187,
185,126,187,184,
113,187,
0,1,6,5,26,9,8,42,154,174,187,70,118,108,
174,187,178,60,52,
5,185,9,174,115,187,57,184,
0,1,2,80,199,5,81,82,185,7,9,113,187,124,112,110,111,60,
115,187,
1,3,176,8,154,174,175,115,25,113,187,190,
0,1,198,199,26,177,185,176,154,174,175,25,187,124,181,63,129,179,180,178,183,184,188,186,182,
176,154,9,162,126,185,188,
199,26,28,177,185,7,8,154,11,25,187,151,43,183,188,
177,185,176,8,42,175,115,11,25,26,151,124,44,57,43,63,188,
29,197,198,20,26,28,67,45,137,177,185,69,176,154,115,25,113,187,141,43,193,63,60,190,
3,26,177,185,176,42,154,173,175,115,149,25,113,151,152,178,
5,176,9,8,42,154,173,175,177,28,149,25,58,124,106,188,108,
176,154,175,160,113,181,153,178,188,61,62,
0,1,197,199,3,177,185,176,7,9,171,42,154,173,174,175,149,187,43,
7,176,154,25,59,
187,
0,1,197,82,53,
0,29,7,46,187,190,
187,
0,197,185,115,187,189,190,
199,114,192,193,191,189,190,
185,174,115,187,192,193,184,186,191,60,189,190,
115,187,
0,1,80,199,177,185,176,42,173,175,113,107,112,111,108,
29,8,176,115,162,113,187,111,108,190,
185,48,42,44,
0,82,194,185,154,113,187,192,193,191,
25,187,52,151,
0,1,2,29,197,198,199,3,20,5,177,185,48,176,7,9,171,173,175,115,149,25,113,187,152,106,107,110,111,108,
199,28,82,177,185,8,176,42,115,149,25,113,187,186,189,190,
185,187,190,
0,29,185,115,114,187,
0,199,5,185,8,115,187,188,
0,1,80,198,199,5,177,185,176,9,154,174,115,187,128,25,60,189,190,86,172,
197,198,199,45,194,185,187,57,60,
185,115,31,151,188,186,191,
185,176,154,8,115,25,113,187,191,
3,5,185,176,8,154,149,25,43,188,191,
199,185,193,
29,199,26,194,185,176,23,154,192,193,191,
28,8,154,115,25,
0,29,80,198,5,26,27,28,30,176,8,42,154,115,149,25,113,151,44,141,
26,177,185,176,154,25,151,184,188,191,
26,30,177,185,8,115,149,25,113,187,111,175,
1,199,185,9,115,151,181,188,186,191,
1,3,5,194,185,174,193,
0,1,29,197,199,3,5,82,45,196,177,185,176,42,154,173,174,175,187,57,
199,26,177,176,8,42,174,175,
185,176,154,115,187,192,193,151,188,191,
198,
198,26,45,177,185,176,154,175,115,25,113,187,152,126,112,111,108,190,
0,199,45,185,176,42,
20,185,148,146,
0,80,3,82,45,177,185,48,176,49,42,173,174,187,52,60,
0,2,29,197,198,3,26,67,194,177,185,176,171,42,175,115,187,193,188,190,
199,185,176,8,115,187,192,193,188,191,
199,26,45,185,176,154,187,60,
113,187,193,191,
0,199,3,5,82,45,185,176,8,154,113,152,193,153,
0,45,194,185,174,192,193,191,
0,199,3,5,26,45,194,185,176,8,154,174,25,192,193,191,
0,28,194,185,176,8,42,154,115,113,187,193,191,
0,1,197,198,199,3,137,177,185,48,176,7,9,50,171,174,52,
0,1,197,198,199,26,45,196,177,185,176,154,174,175,63,60,
0,1,2,29,197,199,3,5,185,176,8,154,149,
0,1,197,5,28,194,185,42,115,25,113,53,
0,197,28,82,194,195,187,58,61,63,60,
0,1,29,80,3,5,194,176,7,9,8,42,
0,82,194,114,118,
0,80,197,194,
0,1,197,194,114,192,193,191,190,
0,194,154,
0,1,29,80,197,198,28,30,194,195,196,177,145,
0,29,197,198,20,27,176,23,8,149,
0,80,197,198,28,45,194,177,42,
197,198,20,26,28,194,176,23,148,8,146,
0,1,2,29,198,199,3,20,5,26,28,82,194,177,185,176,148,8,154,149,25,113,151,
0,80,197,3,5,82,196,177,185,42,115,187,146,52,60,
0,1,80,197,20,194,19,25,113,114,112,111,
0,1,80,197,28,194,195,148,42,154,25,113,187,193,151,
0,29,80,197,198,199,26,27,83,45,177,185,171,154,173,175,25,113,114,57,111,178,108,
0,197,5,26,28,30,194,177,185,7,8,42,115,113,
1,197,199,3,20,30,45,177,185,48,176,145,148,8,47,42,154,149,25,142,151,141,87,
0,1,197,198,199,3,20,5,26,28,30,45,194,177,185,48,148,8,42,115,149,25,113,
0,1,197,198,199,26,194,8,
45,185,48,176,42,43,
0,1,197,199,196,185,176,
0,1,197,3,20,170,45,196,137,177,185,48,176,50,47,42,154,175,44,141,63,
0,1,197,198,199,5,26,45,185,149,141,60,
1,197,3,177,
0,1,197,199,3,196,177,185,176,42,174,175,11,126,
0,1,197,199,20,45,177,48,176,42,154,175,
0,1,80,197,198,199,20,28,45,196,177,148,42,149,141,
0,1,80,197,198,3,170,5,45,194,196,137,177,176,7,9,91,8,47,115,151,141,
0,1,197,198,3,6,5,26,45,185,48,176,9,17,50,8,47,49,42,12,25,142,187,44,
0,1,197,198,3,6,20,28,194,196,177,185,176,8,154,115,25,113,
0,1,80,197,198,199,3,5,45,137,177,185,48,176,91,50,47,42,175,25,187,44,52,112,129,
0,1,197,198,199,3,45,137,177,48,176,9,8,42,154,175,44,63,
0,1,197,198,28,42,115,25,113,141,
0,26,77,177,154,25,113,112,
0,1,197,198,199,45,194,196,177,42,44,
0,1,2,29,197,198,199,3,27,194,195,177,185,46,47,42,25,107,44,110,108,
0,197,198,199,45,176,42,
0,197,198,27,45,48,
197,198,3,45,177,185,176,171,49,42,174,187,
1,198,3,177,176,42,141,63,
1,2,198,199,26,177,8,42,25,151,141,
0,1,29,80,198,199,26,27,28,194,137,177,185,25,178,
0,1,2,29,80,198,199,3,5,28,176,9,23,8,149,25,151,181,
1,29,198,92,27,137,94,99,149,139,
0,1,2,29,80,197,198,199,170,5,26,30,83,137,177,185,176,171,42,149,
0,1,2,29,80,197,198,199,3,6,5,26,28,137,177,48,8,149,187,146,141,133,140,
0,1,199,8,
0,199,194,177,176,
0,1,197,199,141,
0,1,199,3,45,185,176,42,187,188,
0,1,80,197,199,3,177,185,154,
0,1,197,199,177,185,48,9,154,188,
0,1,2,199,3,6,20,5,185,148,149,
1,199,185,8,115,187,
0,1,2,80,198,199,3,5,137,177,176,42,113,114,
0,1,197,199,20,45,196,185,9,187,
