199,
6,
80,
44,
91,
199,
199,
149,
199,
94,
199,
159,
199,
199,
91,
149,
199,
199,
187,
112,
6,
8,
199,
91,
149,
6,
6,
6,
72,
2,
149,
199,
105,
152,
81,
160,
6,
152,
91,
102,
6,
6,
94,
4,
91,
102,
6,
4,6,
4,
48,
149,
187,
6,
8,
6,
159,
80,
4,
6,
199,
134,
6,
6,
149,
6,
8,
6,
6,
4,
105,
8,
8,
6,
99,
102,
6,
6,
6,
149,
8,
43,
26,149,
187,
4,
199,
113,
8,
158,
9,
6,
8,
6,
6,
148,149,
199,
105,
6,
40,
10,
149,
174,
147,
131,
48,
6,
174,
115,
8,
6,
3,
42,146,
43,
150,
6,
6,
8,
42,
149,
6,
6,
6,
6,
6,
8,
187,
8,
7,
187,
6,
187,
8,187,
149,
8,
6,
114,
114,
6,
26,
114,
43,
43,
124,
56,
149,
149,
149,
8,
187,
149,
113,
149,
149,
112,
199,
199,
115,
149,
114,
113,
131,
113,
26,
8,
83,
81,
149,
133,
81,104,
149,
8,
43,
199,
114,
199,
114,
152,
113,
199,
149,
149,
30,
81,
81,
83,
149,
83,
94,114,
149,
133,
149,
81,
110,
112,
114,
113,
149,
81,
149,
149,
199,
8,
20,
94,
6,
149,
20,
80,
26,
26,
114,
149,
149,
199,
26,
0,8,
149,
26,
25,
146,
26,
4,
27,
26,
112,
8,
112,
8,
199,
26,
149,
81,
6,
105,
199,
149,
20,
199,
20,
26,
114,
113,
136,
28,
30,
26,
8,
30,
149,
133,
94,
26,
105,
149,
30,
159,
30,
133,
149,
149,
149,
81,149,
152,
131,
30,
149,
133,
134,
112,
149,
26,
133,
133,
133,
26,
149,
26,
136,
133,
8,
145,
133,
75,
30,
149,
149,
67,
149,
133,
149,
30,
133,
80,
27,8,
131,
149,
26,
146,
133,
136,
27,
133,
149,
83,
149,
149,
30,
133,
135,
133,
151,
149,131,
149,
26,
149,
149,
26,
26,
26,
149,
30,
149,
152,
187,
25,
81,
133,
148,149,
149,
81,
149,
72,
154,
43,
133,
155,
149,
149,
57,
149,
149,
167,
147,
132,
26,
150,
151,
149,
39,
158,
43,
40,
167,
30,
26,149,
149,
42,
44,
149,
148,149,
43,
148,
43,
26,
149,
147,
30,
30,
40,
3,
43,
26,
102,
124,40,
43,
145,
30,
43,
72,
149,
149,
199,
152,
152,
149,
40,
150,
43,
81,
43,
149,
43,
149,
151,
43,
43,
42,
106,
149,
30,
40,
40,
57,
44,43,
43,
43,
42,
80,
40,
43,
40,
40,
80,
26,43,
43,
42,
187,
43,
6,
43,
8,
43,
185,
43,
199,174,
57,
43,
43,
43,
43,
187,
199,
42,
44,
91,
42,
40,43,
148,
44,
44,
94,
42,
43,
48,
91,
199,
43,
91,
48,
187,
187,
192,193,
43,
48,
45,
43,
43,
42,44,
57,
48,
6,
80,
94,
50,
126,
187,
199,
115,
43,
43,
48,
94,
6,
48,
80,
91,
44,
48,
48,
91,
48,
81,
57,
48,
48,
81,
91,
60,
187,
48,
91,
91,
91,
91,
6,
80,
48,
199,
94,
91,
90,
44,
46,
43,
72,
146,
124,
44,
72,
42,
91,
48,46,
8,
187,
57,
94,
75,
42,
81,
81,
57,
83,
70,
57,
149,
8,
187,
174,
187,
113,
81,
56,
81,
60,
56,
74,
57,
174,
60,
199,
57,
58,
149,
44,
58,
48,
58,
128,
81,
56,
81,
57,
146,
149,
81,
152,
149,
70,
58,
149,
80,
60,
187,
42,
42,
57,
42,
187,
43,
57,
57,
149,
152,
48,
149,
133,
124,
131,
149,
149,
81,
155,
149,
42,
149,
150,
43,
149,
149,
149,
149,
42,
57,
56,
180,
187,
60,
149,
80,91,
187,
187,
42,
81,
58,
8,
80,43,
149,
91,
80,
149,
43,
57,
149,
72,
72,
72,
149,
59,
80,
154,
81,
42,
60,
42,
149,
136,
176,
152,
80,
26,
42,
152,
42,
187,
72,
72,
149,
60,
69,
81,
136,
75,
133,
67,
72,
136,
70,71,
72,
136,
130,
81,
60,
133,
135,
70,
91,
81,
57,
199,
60,
81,
67,
136,
132,
67,75,
136,
130,
67,
70,
97,
192,
72,
136,
72,
102,
91,
67,
77,
72,
72,
48,
70,71,
72,
91,
72,
72,
81,
72,
72,
70,
72,
149,
81,
67,
80,
72,
57,
67,
72,
57,
72,
72,
43,
72,
94,
83,
72,
57,72,
155,
83,
134,
134,
152,
136,
72,
81,83,
72,
159,156,
81,
72,
72,
109,
57,
72,
83,
81,
72,
155,
77,
72,
72,
72,
72,
80,
72,
81,
74,
72,
94,
72,
72,
111,
187,
49,
72,
25,
81,
72,
135,
72,
72,
94,
83,
81,
81,
81,
57,60,
81,
57,
105,
72,
60,
94,
70,
149,
102,
72,74,
134,
102,
114,
91,
159,156,
149,
81,
42,
81,
81,
81,
81,
83,
81,
80,
80,
81,
81,
94,
81,
81,
83,
60,
80,
80,
83,
80,
160,
83,
80,
81,
81,
81,114,
105,
81,
83,
81,
8,113,
58,59,
144,
91,
81,
81,
8,
81,
42,
81,83,
80,83,
81,
83,
81,
83,
94,
83,
81,
81,
81,
81,
81,
81,
50,
112,
81,
174,
131,
25,
81,
114,
72,
134,
94,
81,
81,
81,83,
94,
91,
110,
134,
81,83,
80,
72,
94,
86,
86,
94,
91,
81,
96,
167,
80,199,
48,
167,
167,
170,
132,
105,
113,
60,
94,
8,
91,
167,
167,
86,
91,
48,
94,
50,
88,
80,
94,
94,
94,
88,
90,
92,
91,
199,
91,
134,
90,93,
91,
94,
94,
91,
167,
92,
91,
48,
89,167,
91,
92,
91,
88,
199,
88,
91,
6,
90,
102,
199,
91,
91,
89,
199,
94,
48,
94,
91,
48,
91,
48,
92,
93,
94,
90,91,
94,
94,
91,
91,
94,
97,
88,
94,
93,
94,
94,
90,93,
96,
94,
91,
94,
96,
94,
91,
94,
94,
48,
99,
134,
92,
114,112,
94,
25,
99,
136,
94,
96,
94,
94,
97,136,
97,
25,
113,
94,
94,
94,
94,
96,
48,
99,97,
110,
94,
94,
96,
96,
137,
99,
139,
94,
101,
96,
96,
97,
96,
99,
94,
94,
105,
99,
94,
96,
91,
99,
6,
94,
28,
104,
8,
97,
96,
6,
94,
6,
94,
158,
94,
102,
199,
99,
159,
96,
4,
94,
136,
94,
94,
134,
105,
83,
102,
105,
137,
96,97,
110,
81,
105,
159,
133,
8,
25,130,
104,
81,
81,
94,
105,
88,
91,
136,
105,
105,
83,
81,
94,
81,149,
28,
105,
99,
111,
106,
72,
94,
110,134,
106,
81,
81,
81,
134,
97,
105,
105,
102,
134,
109,
108,
158,
26,
158,
83,
105,
99,
159,156,
159,156,
108,
112,
137,135,
81,
134,
111,
112,
97,
110,
159,
112,
105,
75,
81,
105,
133,
135,
136,
94,
105,
134,
81,
83,
81,
8,
81,
133,
114,
70,71,
8,
111,
114,
113,
112,
1,111,
113,
112,
174,
111,
114,
81,
81,
8,
70,
115,
81,
187,
8,
80,
114,
81,
187,
113,
113,
114,
114,
149,
114,
187,
149,
113,
187,
58,
8,
115,
149,
187,
8,
8,
114,
3,
114,
187,
187,
187,
187,
8,
187,
8,
115,
149,
187,
187,
113,
187,
81,
149,
8,
187,
60,
187,
8,
149,
115,
149,
53,
149,
8,
81,
8,
58,
187,
149,
115,
8,
8,
8,
8,
81,
60,
149,
187,
187,
188,
40,
83,
81,
114,
8,
83,
83,
83,
8,
187,
97,
10,
114,
124,
8,
174,
115,
174,
124,
174,
114,
187,
127,
187,
8,
8,
115,
114,
124,
187,
187,
149,
8,
6,
4,
174,
43,
174,
57,
8,
57,
163,
149,
163,
133,
3,176,
187,
163,
174,
161,
163,
163,
10,
126,
43,
149,
163,
72,
149,
126,
6,
149,
171,
176,
149,162,
113,
166,
8,
127,
163,
159,
167,
26,
10,
128,
50,
127,
94,
126,
48,163,
128,
113,
152,
131,
163,
158,
170,
126,
170,
163,
127,
163,
131,
129,
134,
127,
199,
132,
128,
135,
167,
110,
133,
136,
48,
94,
136,
94,
94,
136,
134,
72,
132,
129,132,
131,132,
131,
127,128,
134,
130,
133,
136,135,
135,
134,
94,
135,
131,
136,
133,
132,
136,
136,
94,
110,
136,
110,
94,
94,
81,
111,
130,
94,135,
135,
134,
80,
94,
48,
50,136,
48,
94,
97,
91,72,
26,
136,
135,
81,
136,
135,
136,
91,
136,
94,
198,
135,
92,
94,
48,
91,
199,
91,
104,
94,
20,
136,
136,
137,
80,
91,
90,
133,
91,
149,
48,
48,
126,
135,
147,
136,
133,
137,10,
28,
8,149,
149,
48,
114,
187,
43,
147,
199,
97,
149,
20,
149,
43,
27,
25,
149,
135,
142,
136,
133,
145,
149,
149,
149,
133,
114,
81,
146,
91,
26,149,
130,
67,
145,
149,
146,
133,
20,
113,
149,
146,
136,
149,
20,
149,
26,
27,
146,147,
156,
149,
26,
20,
20,
20,
146,
83,
81,
136,
30,
81,
149,
133,
149,
147,
149,
28,
199,
149,
133,
149,
81,
26,
149,
149,
133,
149,
26,
149,
94,
149,
26,
80,
149,
149,
133,
30,133,
133,
149,
149,
149,
30,
26,
26,
149,
152,
149,
149,
26,
149,
148,147,
149,
26,
149,
152,
149,
102,
159,156,
160,
149,
149,
26,
149,
149,
6,
3,
176,
152,
26,
131,
152,
149,
152,
152,
147,
25,
159,156,
149,
159,
159,156,
152,
152,
155,
149,
149,
149,
102,
155,
72,
149,
152,
149,
105,
114,
148,
147,152,
149,
149,
149,
152,
26,
155,
152,
8,
152,
135,
149,
72,
159,
158,
133,
149,
135,
94,
81,
94,
97,
134,
94,
94,
97,
94,
105,
158,
158,
158,
159,156,
99,
159,
159,156,
94,159,156,
94,
92,
105,
160,
25,
159,156,
162,
159,
159,
159,
159,
149,
159,156,
159,158,156,
159,156,
149,
159,
151,
160,
159,158,156,
163,
159,156,
161,
136,
152,
136,
158,
158,
6,
159,156,
159,
97,
155,
9,
4,
149,
8,
48,
163,
131,
158,
163,
102,
161,
161,
163,
4,
159,
178,
134,
133,
94,
70,
72,
161,
72,
161,163,
163,
149,
99,
163,
163,
102,
72,
170,
161,
170,
159,156,
160,
170,
158,
72,
159,
163,
170,
162,
129,
159,156,
6,
91,
114,
110,
167,
86,
97,
48,
94,
90,
163,
94,
170,
159,156,
158,
159,
160,
167,
94,
8,
4,
91,
162,
158,
96,
81,
91,
170,
158,
60,
170,
92,
48,
89,
94,
90,
134,
110,
167,
94,
6,
99,
94,
81,
170,
48,
6,
91,
158,
83,
171,
114,
102,
44,
174,
115,
152,
114,
3,
86,
152,
149,
156,
187,
199,
99,
158,
174,
199,
176,
149,
97,
174,
199,
170,
174,
43,
174,
6,83,
174,
91,
159,
4,
3,
43,
43,
187,
51,
174,
158,
152,
176,
176,
146,
149,
3,
133,
176,
187,
48,
174,
174,72,
80,
149,
152,
149,
152,
152,
137,
187,
155,
158,
149,
51,
133,
43,
133,
155,
52,
128,
158,
124,
155,
43,
163,
40,
43,
60,
149,
3,
128,
80,
43,
26,
187,
149,
158,
42,
149,
72,
176,
152,
149,
149,187,
173,
199,
149,
187,
176,
26,
42,
187,
152,
188,
188,
110,
174,
8,149,
152,188,
124,
8,
180,
174,
187,
152,
187,
174,
187,
187,
149,
152,
114,
187,
3,
199,
6,
6,43,
187,
149,
133,
6,
149,
48,
8,
187,
26,
174,
149,
174,
187,
187,
187,
187,
174,
72,
115,
8,
3,176,
8,
187,
8,
8,
187,
114,
149,
43,
149,
150,
187,
26,
149,
152,
8,
149,
187,
187,
133,
174,
193,
114,
190,
193,
81,
174,
174,
149,
191,
187,
149,
174,
199,
187,
6,
187,193,
149,
91,
149,
186,189,
193,
187,
192,
26,
8,
149,
193,
3,
8,
174,
194,114,
174,
114,
110,
187,
44,
8,
187,
191,
8,
91,
44,
193,
174,
193,
199,
187,
194,114,
193,
114,
114,
193,
191,
114,
191,
193,
26,
149,
80,
113,
115,
113,
8,
114,
112,
199,
57,
199,
42,
199,8,187,
42,
199,
91,
193,
192,
26,114,
114,
48,
91,
114,
43,
192,
114,
192,
90,
187,
44,
97,
137,133,
26,
91,
187,
94,
149,
114,
115,
187,
3,
149,136,
199,
193,
199,
199,
