61,
50,
29,
139,
29,50,
154,
25,
29,
0,
28,
29,
111,
109,
0,
0,
25,
0,
29,
177,
28,
28,
176,154,
26,
29,
154,
80,
13,
104,
154,
29,
108,
29,
171,
151,155,
176,
171,
175,
53,
0,
154,
198,
0,
13,
109,
113,
155,
154,
155,
13,
25,
154,
108,
13,
176,
151,110,155,
171,
61,
176,
0,
113,
29,
52,
176,
0,
108,
176,25,
29,
171,
176,
113,
144,
25,
0,
154,
25,
0,
176,
3,
154,
80,
113,
151,
154,
154,
28,
146,
106,
108,
111,
83,
154,
80,
25,
176,
171,
13,
3,176,
176,
113,
112,
154,
108,
175,
154,
125,
181,
155,
151,
20,
44,
47,
181,
44,
176,
106,
109,
178,
13,
154,
83,
38,40,
13,
128,
108,
175,
176,
176,
42,149,
176,
113,
25,
151,
128,
176,
144,
176,
106,
151,
83,
154,
13,
176,
146,
30,
154,
13,
144,
13,
25,
109,
29,
171,
13,
111,
13,
20,
144,
154,
15,
109,
0,
151,
109,
172,
151,
154,
144,
108,
154,
109,
176,
146,
177,
151,
109,
171,
112,
146,
30,151,
151,
109,
28,
154,
146,
106,
144,
154,
3,
0,
112,
141,
29,
109,
144,
113,
109,
113,
29,
0,
25,
109,
176,
146,
151,
146,
104,
109,
29,
25,
25,
28,
30,
151,
151,
61,
25,
61,
154,
144,
25,
109,
113,
13,
171,
108,
25,
25,
109,
109,
29,
154,
113,
109,
151,
154,
25,
151,
113,
30,
29,
25,
113,
151,
144,
25,
154,109,
128,
138,
138,
112,
151,
109,
151,
29,
154,
24,
25,
151,
53,
154,
28,
146,
151,
30,
104,
151,
109,
28,
69,
146,144,53,
109,
30,
142,
146,
30,
29,
61,
30,
55,
151,
25,
144,
109,
146,
113,
29,
144,
108,
55,
67,
29,
30,
29,
113,
61,
151,
113,
109,
25,
112,
53,
110,
109,
151,
113,
30,
108,
109,
30,
108,
28,
154,
151,
151,
144,
25,
151,
29,
25,
181,
25,
26,
154,
112,
108,
30,
154,
181,
25,
154,
108,
155,
61,
25,
158,
154,
108,
154,
108,
108,
13,
181,
154,
154,
176,
176,
154,
176,
44,
176,
25,
154,
154,25,
176,
26,
171,
148,
155,
176,
154,25,
171,
52,
26,178,
155,
26,
176,
172,
151,
176,
25,
154,
176,
155,
171,
154,25,
176,
155,
61,
25,
176,
176,
176,
176,
176,
176,
108,
154,
176,
154,
154,
50,
176,
44,
154,
108,
154,
154,
173,
112,
176,
176,
176,
154,
108,
172,
154,
176,50,
176,
176,
171,
176,
44,
11,
42,
24,
108,
47,
176,
47,
154,
29,
171,
43,
176,
144,
176,
108,
108,
44,
184,
176,
108,
176,
29,
50,
176,
13,
47,
176,
176,
48,146,
44,
47,44,
0,
3,
144,
140,
176,
151,
44,
176,
171,
176,
39,
176,
176,
44,
176,
44,
30,42,
171,
177,
175,
177,
50,
47,
13,
44,
47,
138,
0,
50,
113,
175,
177,55,
176,154,52,
86,
171,
138,
47,
154,
30,
138,
112,
112,
82,
29,
0,
25,
47,
176,113,13,
154,
0,
52,
0,
52,
3,
52,
50,
30,
154,
176,
176,
176,
61,
44,
92,61,
176,
43,
154,
50,
30,
13,
0,
176,
118,
61,
13,
154,
50,
171,
69,
0,
61,
82,
50,
52,
84,85,
47,
171,
39,
109,
176,
154,
154,
52,
61,
55,
29,
52,
82,
13,
146,
52,178,
0,
175,
55,
29,
52,
5,
13,
108,
25,
47,
124,
125,
144,
61,
125,
117,
13,
154,
52,
13,
80,82,125,
50,
108,
26,181,
47,
109,
147,
82,
160,
61,
61,
44,
154,
29,
25,
126,
83,
55,
13,
155,
171,
146,
108,
61,
61,
55,
61,
69,
29,
176,
69,
176,
52,
29,
117,
72,
29,
108,
83,
55,
154,
67,
47,
108,
146,
112,
61,
61,
171,
55,
108,
44,
44,
109,
128,
154,
61,
61,
29,
63,
61,
55,
69,65,
29,
61,
108,
69,
69,
44,
30,
69,
61,
122,
25,
112,
61,
29,
25,
67,
29,
154,
29,
154,
92,
113,
113,
67,
30,
67,
29,
61,
29,
29,
29,
67,
29,
30,
29,
110,
69,
47,
139,
67,
29,
181,
113,
29,
67,
176,
86,
29,
29,
112,
50,
61,
47,
29,
61,
29,
29,
82,
0,
29,
154,
61,
67,
172,
61,
69,
61,
29,
176,
28,
81,
108,
29,
181,
47,
29,
29,
86,
29,
176,
55,
61,
67,113,
29,
29,
29,
70,
61,
67,
70,
29,
0,
108,
171,
108,
29,
108,
61,
67,
72,108,
69,
29,
29,
29,
176,
29,
29,
86,
108,
72,
0,
86,
29,
0,
0,
108,
61,
113,
67,
86,
113,
176,
29,
29,
0,
52,
29,
29,
30,
0,
29,
154,
112,
176,
154,
108,
29,
29,
109,
154,
86,
69,
29,61,
151,
25,
29,
29,
8,
108,
30,
29,
173,
0,
29,
30,
83,
61,
29,
154,
82,
47,
198,
29,
146,
50,
29,
52,
144,
109,
29,
112,172,
146,
83,
29,
29,
144,
147,
0,
30,
29,
109,
30,
109,
61,
151,
30,
47,
52,
29,
80,
29,
30,
29,
151,
29,
0,
52,
69,
0,
25,
0,
85,
0,
133,
50,
13,
0,
69,65,
61,
69,
30,
162,
29,
110,
29,
29,
86,
52,
5,154,
29,
0,
25,
86,
47,
29,
113,
30,
68,
0,50,
29,
50,
30,
69,
29,
29,
0,
0,
172,
0,
176,
86,
0,
0,
29,
198,
154,
50,
29,
29,
1,
176,
0,
29,
3,
1,
0,
0,
154,
172,
86,
97,
154,
29,177,
176,
176,
86,
80,
113,
83,
171,
1,
52,
137,
171,
29,
154,
0,
0,
29,
148,
29,154,
29,
0,
0,
29,
49,
172,
50,
30,
63,
0,
86,
52,
86,
0,1,
134,
113,
92,
113,
110,
83,
138,
30,
50,
25,
29,
86,
86,
154,
109,
111,
29,
113,
113,
112,
29,
176,
80,
172,
108,
112,111,
0,
139,
172,
89,
29,
29,
29,
108,
29,
109,
47,
154,
108,
86,
113,108,
108,
29,
86,
154,
176,
171,
154,
171,
113,
108,
176,
113,
154,
106,
83,109,
154,
176,
50,
86,
155,
109,173,
108,
109,
113,
25,
29,
154,
0,
109,
81,
113,
176,
154,
109,
108,
171,
104,
154,
154,
173,172,
171,
0,
172,
154,
171,100,
111,
176,
172,
176,
84,85,
176,
172,
109,
155,
112,
108,
176,
25,
25,
28,
190,
113,
113,
109,
113,
53,
109,
84,110,85,
83,
84,111,85,
0,
83,
109,
83,
172,
52,
84,85,
190,
154,
86,
187,
86,
113,
172,
86,
85,
172,
172,
29,
52,
113,
110,
113,
29,
113,
113,135,
171,
187,
86,
184,
113,
86,
181,
181,
172,
108,
86,
108,
25,
109,
151,
144,
28,
86,
144,
108,
172,
92,
113,
29,
109,
0,
176,
0,
176,
172,
84,85,
83,
109,111,
111,
0,
67,
8,
108,
172,
85,
82,
0,
0,
109,
29,144,
0,
113,
198,
112,
113,
109,
83,
113,
109,
52,
8,
13,
82,
113,
29,
172,
108,
113,
29,
0,
190,
29,
26,
0,
29,
113,
0,
186,
146,
28,
28,
25,
151,171,
113,
69,
146,
177,
29,
171,
108,
125,
125,
25,
113,
0,
104,142,
83,
111,
113,
13,
113,
25,
125,
83,
67,
11,55,
154,
172,
144,
125,117,
125,
177,
83,
29,
50,
177,
43,
52,
82,
106,
44,
81,
55,
113,
44,
44,
47,
45,177,
49,
177,
43,
44,
171,
44,
79,
108,
44,
30,44,
125,
13,
171,
154,
44,
108,
125,
108,
108,
125,
44,
126,
125,
128,
176,
176,
44,
43,
50,52,
125,
67,
13,
108,
176,
16,
50,
44,
175,
175,
171,
176,
125,
52,
181,
125,
52,
13,
176,
181,
181,
49,
125,
154,
171,
104,
108,
154,
176,
29,
52,
175,
171,
154,
181,
10,
178,
113,
51,
113,
154,
29,
108,
125,
25,
125,
176,
25,
178,
154,
25,
25,
61,
178,
55,
181,
154,
50,
154,
177,
51,
52,
177,175,
25,
29,
26,
30,
181,178,
13,
181,
178,
108,
28,
67,
140,
142,181,
154,
29,
69,181,
25,
110,
110,
67,
113,
181,
126,
109,
61,
25,
108,
51,
154,
29,
176,
29,
67,
69,
154,
69,
29,
69,
61,
67,
86,
135,
85,
29,
107,
112,
113,
69,
113,
29,
140,
67,
29,
92,
144,
47,
112,
67,
67,
69,
50,
69,
108,
67,
29,
30,
67,
154,
84,85,
25,
176,
61,
112,
109,
108,
52,
0,
47,
50,
138,
144,
109,
109,
61,
140,
141,
154,
47,
29,
154,
154,
138,
138,
138,
13,
109,
30,
176,
144,
25,
151,
44,
29,
151,
86,
30,
139,
144,
144,
154,
154,
144,
29,
108,
55,
28,
147,
30,
109,
109,
44,
13,
55,
149,
154,
82,
176,
30,
30,
30,
146,
151,
151,
30,
144,
55,
144,
55,
146,
29,
108,
172,
151,144,
151,
28,
82,
109,
82,
151,
144,
144,
146,
151,
146,
13,
67,
28,
171,
86,
138,
113,
109,
154,
155,
26,
146,
25,
151,
25,108,
50,
175,
146,
30,
151,
144,
154,
8,
154,
146,
29,
146,
28,
176,50,
8,
109,
30,
112,
173,
146,
28,
146,
29,
169,146,
155,
154,
25,
155,
58,
155,
8,
154,
154,
177,
154,
155,
154,
151,
176,
154,
154,
25,
176,
154,
55,
25,
151,
25,
154,25,
25,
113,
25,
151,
109,
113,
155,
61,
29,
151,
155,
9,
154,
29,86,
154,
155,
113,
154,
176,
53,
25,
171,
154,
154,
26,61,
61,
155,
154,
61,
154,
52,
154,
176,
61,
25,
0,
86,
25,
25,
29,
155,
50,
29,
112,
154,
29,
28,
109,
52,
154,
176,
86,
176,
151,
5,
108,171,
111,
154,
172,
154,
30,
172,
154,
171,
157,
154,
0,
0,
29,
155,
154,
113,
154,
176,
171,
171,
29,
151,
9,
178,
72,108,
151,
175,
29,
172,
108,
52,
128,
108,
176,
160,
151,
151,
176,
128,
30,
171,
176,
169,
0,
49,
0,
187,
0,
50,
125,
55,
128,
52,
61,
86,
29,
81,
61,
67,
108,
29,
30,
125,
0,177,
52,
29,
106,108,
29,
83,
83,
83,
198,
109,
86,
55,
50,
175,
55,
69,
59,
151,
190,
83,
83,
29,
0,
30,
29,
29,
0,
29,
50,
86,
83,
5,
61,
154,
155,
154,
30,
52,
67,
52,
141,
86,
29,
86,
84,85,
83,
128,
55,
125,
29,
4,30,13,
69,
0,
28,
171,
112,
0,
190,
13,
13,
0,
108,
176,
50,
1,
128,
83,
0,
29,
125,
187,
4,
176,
13,
125,
185,186,
25,
25,
85,
55,
176,175,172,
55,
154,
171,
175,
181,
171,
10,
175,
181,
50,
52,
29,
52,
100,
181,
29,
50,171,
154,
49,
29,
49,52,
178,
25,
108,
100,
154,
55,
154,
155,
154,
61,
113,
181,
154,
29,
178,
175,
171,
61,
176,
29,
30,
176,
13,
113,
173,
184,
69,65,
29,
72,
29,
72,
154,
29,
70,
157,
52,
154,
154,
125,44,
177,
176,
108,
154,
184,
29,
177,
47,44,
25,
63,
111,
61,
49,
181,
176,
181,
151,
61,
181,
61,
181,
69,
26,
125,
128,
30,
25,
176,
176,
176,
176,
29,
184,
154,
176,
154,
52,
43,
52,
176,
176,
108,
176,
67,
178,
115,
25,
125,
176,
171,
108,
175,
176,
177,
171,
154,
1,
25,
0,
176,
154,
44,
83,
61,
47,
184,
125,
151,83,
171,
122,
72,
113,
29,
126,
125,
122,108,
28,
175,
12,
108,
181,
55,
154,
155,
151,
181,
113,
154,25,
154,
154,
175,
155,
113,
69,
46,43,
52,
187,
187,
185,
187,
0,
154,
171,47,
176,
146,
29,
43,
185,
12,
187,
181,
176,
186,
30,
174,
185,186,
181,
44,
29,
154,
181,
23,
177,181,
154,
63,
175,
176,
154,
0,
108,
146,
25,63,
176,
25,
155,
151,
0,
176,
176,
25,
29,
176,
44,
61,
198,
24,
177,
181,
25,
139,
0,
177,
154,
148,146,
24,181,
109,
52,
13,
44,
47,
29,
144,
47,
176,
176,
47,146,
0,29,
29,
176,
47,
80,
154,
154,
13,
154,
141,
25,
52,
154,
176,
52,
52,
154,
177,
26,
1,
30,
0,
144,
5,
25,
30,
113,111,
25,
25,
30,
25,
25,
29,
