26
149
69
149
72
26
197
69
149
193
69
86
20
197
148
69
146
67
20
70
69
155
80
5
72
77
80
80
67
4
69
67
26
149
59
178
160
178
63
26
160
75
5
17
20
108
178
4
17
158
20
72
75
80
80
70
72
77
69
72
20
80
20
83
20
83
70
9
148
20
146
8
104
149
4
124
20
124
4
77
146
124
187
124
80
126
187
146
20
149
20
13
124
83
11
9
146
124
43
11
124
72
124
178
124
178
124
124
25
181
17
146
124
17
148
124
14
42
42
44
124
195
124
17
124
13
20
43
17
185
17
20
17
14
149
20
20
124
20
20
20
26
15
17
148
16
20
20
20
17
20
149
20
148
20
20
20
20
17
149
146
146
149
149
19
20
20
148
148
148
20
20
20
20
20
20
148
20
20
20
20
20
20
20
20
146
148
20
149
148
20
149
20
20
20
20
148
17
148
148
148
148
148
148
148
148
148
146
149
148
148
26
148
149
149
149
148
149
149
149
149
20
67
20
149
149
149
149
148
148
148
149
149
146
148
148
20
149
149
149
149
148
25
149
149
149
149
148
25
149
149
146
149
146
75
25
146
146
146
146
149
149
26
149
149
149
149
26
26
26
149
149
149
149
149
149
149
149
67
149
149
149
67
146
146
25
149
146
149
146
26
67
149
67
149
69
26
67
149
67
149
26
149
149
149
181
149
149
149
67
149
149
149
38
149
26
149
149
178
185
149
35
149
149
149
35
26
38
67
149
72
185
149
69
149
67
72
178
35
35
69
69
149
149
38
149
38
185
149
149
178
178
178
67
149
67
72
72
149
69
38
178
149
38
38
149
72
67
38
38
178
149
38
69
67
38
72
38
72
149
149
149
149
185
149
38
149
38
38
149
38
69
39
38
39
38
149
38
185
38
149
38
185
40
146
38
146
38
38
87
39
38
185
38
69
38
40
38
146
42
69
148
146
177
42
69
42
42
150
42
43
185
42
178
43
43
38
43
43
39
69
42
41
69
42
42
57
42
42
42
45
185
45
44
45
42
63
185
45
45
42
42
42
44
44
185
69
42
146
64
42
124
124
83
83
124
124
43
42
47
48
45
123
91
48
45
45
124
48
86
124
70
43
67
80
197
47
15
50
69
86
15
0
48
17
69
69
47
43
80
77
69
69
69
67
69
72
69
38
177
67
67
69
69
69
69
69
146
69
69
69
69
69
61
67
69
61
69
67
69
69
61
75
67
67
69
67
69
61
69
61
69
67
61
69
82
67
69
69
67
67
69
69
69
67
69
67
69
69
67
69
69
69
69
69
69
69
69
69
69
67
67
67
67
69
67
67
67
126
69
69
69
67
69
69
69
69
69
69
67
69
69
69
69
69
69
69
69
67
69
67
67
69
69
69
69
69
69
67
69
67
67
67
69
69
69
69
69
69
69
67
69
67
69
67
67
69
69
69
69
69
67
67
69
69
69
67
69
69
67
69
69
69
69
69
69
67
67
67
67
69
69
69
69
69
69
69
69
69
69
67
69
69
69
69
67
69
69
67
69
69
69
69
69
69
69
69
69
69
69
69
69
69
69
69
69
69
69
69
69
69
69
69
69
69
69
69
69
70
69
69
69
69
69
69
69
69
69
69
69
69
69
69
69
69
69
69
69
69
69
69
69
69
69
69
69
69
69
69
69
69
69
69
69
69
69
69
69
69
69
69
69
69
69
69
69
69
69
69
69
69
69
69
69
69
69
69
69
69
69
69
69
69
69
69
69
69
69
69
69
69
69
69
69
69
69
69
72
69
75
77
69
69
69
69
69
69
69
146
75
77
80
69
69
69
69
69
69
69
69
77
69
70
69
75
80
69
75
83
69
69
69
69
77
69
69
69
82
69
69
83
83
80
70
83
83
83
83
83
70
83
83
83
83
75
70
83
83
70
70
69
69
69
69
87
86
69
69
69
69
70
87
69
70
83
87
83
69
86
70
133
87
70
86
69
87
69
69
69
87
86
86
70
86
88
86
86
86
86
86
69
69
87
86
86
146
69
69
69
69
86
86
91
86
88
86
92
86
87
88
94
70
87
94
87
86
92
87
91
91
69
190
83
94
91
83
86
69
69
91
86
69
87
87
69
86
87
86
91
87
134
69
86
69
25
87
86
94
69
86
94
87
25
69
134
94
91
25
134
69
25
134
25
25
149
134
94
25
25
94
134
25
94
134
25
137
67
70
70
146
137
134
87
99
134
25
25
87
87
97
69
25
87
104
86
87
70
96
25
87
25
86
134
94
87
104
94
94
67
87
104
25
25
83
25
72
25
87
104
25
160
158
86
160
160
149
160
151
87
94
86
72
104
83
110
86
87
87
75
70
146
146
146
70
70
72
149
110
75
110
105
75
87
87
110
87
87
87
87
134
75
70
110
110
108
146
84
75
110
70
70
146
72
70
75
25
75
134
75
72
70
75
72
72
72
69
108
75
75
75
75
75
110
83
146
146
75
110
106
110
69
69
70
69
69
72
72
69
69
70
69
110
69
110
69
69
77
80
75
80
110
69
146
75
80
83
20
69
20
20
195
77
19
67
77
192
75
17
17
25
17
194
25
70
20
80
194
194
195
110
69
187
67
69
149
67
67
69
69
185
69
194
195
77
77
69
187
67
69
67
195
67
69
67
69
121
184
185
69
67
67
67
67
124
67
67
121
67
67
124
185
121
124
124
67
124
69
148
148
67
43
185
124
124
124
124
185
124
124
124
124
124
185
67
67
124
43
124
124
124
124
124
124
124
124
124
185
124
185
67
124
185
185
185
124
124
124
124
124
124
124
43
67
124
185
124
185
43
185
43
124
184
63
67
124
185
185
184
185
124
124
124
178
40
41
124
124
185
124
43
178
70
124
164
83
124
178
124
178
67
133
124
126
128
124
86
43
83
124
133
67
177
67
83
83
67
67
67
67
67
83
67
67
69
86
67
87
67
69
67
133
67
67
69
87
67
67
69
134
70
134
69
69
67
86
69
134
69
67
69
67
69
133
67
67
67
69
69
67
67
70
87
134
70
69
69
69
69
69
69
67
69
67
69
69
69
67
69
69
69
69
69
67
69
67
67
69
67
67
136
70
67
69
69
137
134
69
87
67
67
146
146
146
148
42
67
146
67
42
146
146
123
146
146
146
123
149
146
143
69
146
146
146
42
137
146
146
126
148
70
69
146
146
146
42
69
67
140
136
146
146
146
149
146
148
148
146
146
149
148
149
146
67
146
149
146
146
149
149
146
82
146
146
146
146
146
146
149
146
67
146
148
149
146
149
149
149
149
149
146
146
69
146
146
67
67
146
146
146
146
149
149
149
149
149
148
149
148
149
149
149
149
149
149
149
146
149
149
149
149
149
149
149
149
149
149
149
149
149
149
149
149
149
149
148
149
149
149
149
149
149
38
38
185
67
185
149
151
185
151
149
149
149
149
26
149
149
149
155
82
154
38
160
149
66
178
26
149
149
154
69
155
149
155
25
83
69
67
149
149
149
67
72
149
67
149
69
149
70
69
151
80
86
86
149
146
86
86
69
86
86
86
70
156
87
86
70
86
69
94
86
158
75
67
70
70
77
67
160
70
80
160
156
86
77
83
83
80
83
83
156
160
160
164
149
156
151
83
70
75
70
69
70
70
70
70
70
70
70
70
149
83
70
155
70
151
162
162
70
83
69
70
160
164
83
70
160
164
70
70
70
70
70
69
69
70
67
69
70
69
69
70
70
70
70
70
83
69
67
83
70
69
70
164
83
67
69
70
70
70
83
83
86
86
86
70
83
87
83
83
70
83
70
70
70
69
70
83
86
70
70
70
164
83
70
70
70
69
67
126
83
86
83
83
83
83
83
87
83
87
83
83
83
83
83
187
83
83
83
83
187
67
190
187
70
72
69
185
187
192
69
67
178
42
178
149
124
67
185
67
187
185
69
178
69
185
67
67
184
184
69
181
178
187
69
178
126
67
67
69
67
63
180
69
63
69
185
69
26
177
63
67
67
67
67
67
67
67
67
67
69
178
69
69
67
178
69
67
69
178
67
67
69
67
67
185
69
67
178
69
67
69
69
69
69
67
67
69
67
67
184
69
67
185
67
185
67
184
67
185
178
185
67
69
185
185
185
185
185
181
67
178
67
69
67
69
69
178
185
184
69
67
67
67
185
185
67
185
67
67
185
185
185
67
185
69
43
185
69
38
67
69
185
69
67
69
67
69
67
69
60
185
69
69
67
67
69
69
185
67
149
185
38
149
185
178
185
185
185
149
69
185
66
67
185
69
185
187
69
69
69
67
43
60
185
185
185
67
69
187
185
69
185
185
192
185
185
190
149
185
190
185
185
185
185
69
67
195
187
185
185
67
149
195
185
149
195
185
20
195
185
194
185
195
197
195
26
67
20
29
195
192
20
20
194
185
185
195
195
17
195
185
17
45
185
197
185
185
197
197
197
185
67
185
187
45
67
195
197
197
67
137
187
26
146
67
67
69
184
67
187
67
67
185
193
20
80
20
69
185
