1
0
0
2
0
0
0
3
1
1
0
0
0
0
1
0
2
3
1
3
0
0
0
0
0
0
0
0
1
0
0
0
0
0
0
0
1
3
0
1
1
0
0
0
1
0
1
1
0
1
1
1
1
1
1
1
1
10
1
1
1
1
1
1
1
1
1
1
0
1
1
1
1
0
1
1
1
1
1
2
0
2
1
1
2
1
1
1
1
1
1
1
1
1
1
0
2
1
1
2
2
2
2
6
2
2
2
1
1
2
2
1
2
2
1
6
2
2
2
2
2
1
2
2
1
16
1
2
2
2
2
2
2
2
2
2
2
1
2
2
1
2
2
2
2
2
2
2
1
0
0
0
0
0
3
3
1
0
3
3
3
0
0
3
0
3
3
3
3
0
3
3
3
3
0
3
3
3
0
0
3
0
1
3
3
0
0
3
0
0
0
0
1
3
3
3
3
0
0
0
0
0
0
0
0
0
1
0
0
0
0
0
0
0
0
0
0
3
18
0
4
0
0
0
1
0
1
0
0
0
0
4
0
0
0
0
0
0
0
0
0
0
0
5
5
2
2
2
2
6
6
5
2
2
5
2
2
2
2
2
2
2
5
2
2
2
5
2
2
5
5
2
2
2
5
5
5
5
2
2
2
5
2
2
2
5
2
2
2
5
6
2
6
6
6
2
2
6
2
6
2
6
6
2
2
6
6
2
2
6
6
2
2
2
6
2
2
2
2
2
6
6
6
2
2
6
8
6
6
2
6
6
2
0
6
6
6
5
6
5
7
5
5
2
5
2
5
2
2
7
5
2
5
2
2
2
2
2
7
5
2
5
7
2
2
1
2
7
7
2
7
7
2
2
5
7
5
7
6
6
2
16
5
6
2
8
6
8
6
8
8
6
6
8
2
2
1
6
8
6
8
2
8
6
6
8
6
8
8
8
6
8
8
6
8
8
6
2
8
6
6
8
8
0
0
0
0
0
0
9
0
0
0
0
0
1
0
0
0
0
0
0
0
0
0
0
0
1
0
0
0
0
0
0
0
9
0
0
0
0
1
0
1
1
0
0
0
0
1
1
1
1
1
0
10
10
10
1
10
1
10
10
0
1
0
10
10
1
10
1
1
1
10
1
10
0
1
10
1
1
10
10
10
1
1
10
10
1
1
1
1
1
10
1
1
10
0
0
0
0
0
1
0
0
0
0
0
0
11
0
0
0
0
1
0
0
1
0
0
1
0
0
0
0
0
0
0
0
0
0
0
0
0
0
0
0
0
1
1
2
2
1
2
1
1
1
0
1
1
1
1
1
1
1
1
1
1
1
2
1
1
0
1
1
1
1
1
1
1
1
2
1
1
12
1
1
12
1
13
10
10
13
10
1
10
1
2
1
1
0
10
10
10
13
13
13
2
13
1
10
13
10
1
13
10
1
1
10
10
0
10
10
10
10
10
1
10
10
10
10
1
2
2
2
2
2
2
2
2
2
2
2
6
2
2
2
2
2
2
2
2
2
14
2
2
2
2
2
1
2
2
2
14
2
14
2
2
2
2
1
2
2
2
3
3
3
0
3
0
3
3
0
3
3
3
3
15
3
0
3
3
3
3
3
3
3
3
3
3
0
3
3
15
0
3
0
0
15
15
0
0
3
3
15
0
3
6
2
6
6
6
6
2
6
6
6
6
6
6
6
6
6
6
16
6
6
16
16
6
6
2
6
6
6
2
6
6
6
2
6
6
16
6
8
8
6
6
6
6
6
8
17
17
6
6
8
6
17
8
6
6
8
17
8
6
8
6
8
8
8
17
8
8
8
17
17
8
6
17
6
6
6
8
8
8
17
8
3
0
0
3
3
0
0
0
0
3
3
3
3
3
18
18
18
3
3
0
18
18
3
0
3
18
1
3
3
3
3
3
3
0
3
3
3
3
3
3
0
3
3
3
3
0
0
0
0
0
0
0
0
0
0
0
19
0
0
0
0
3
0
0
0
1
0
0
0
2
0
0
0
0
19
0
0
0
0
0
0
1
0
1
0
0
0
0
0
0
