100
100
204
204
83
204
206
204
38
204
131
199
204
204
204
153
201
100
153
153
76
204
153
173
204
154
36
204
102
100
206
204
102
36
204
167
204
199
131
102
206
100
204
206
204
78
204
131
204
204
41
34
194
106
158
38
100
131
92
83
206
204
206
131
206
204
204
133
206
90
102
100
102
154
106
34
34
90
36
194
116
204
199
204
204
83
73
204
204
131
194
102
194
90
199
154
131
204
90
90
204
204
194
90
204
204
204
204
204
204
36
36
131
90
154
34
194
30
100
194
204
116
204
204
204
204
27
204
90
122
103
204
204
90
204
199
199
199
204
131
131
100
102
131
206
108
158
102
131
131
102
27
204
131
158
204
194
14
204
204
204
131
152
199
204
204
204
131
158
206
131
204
36
204
204
36
36
36
206
206
204
199
83
158
108
194
8
159
159
27
204
90
204
131
204
204
204
204
204
204
27
102
36
199
38
204
158
206
131
199
204
204
204
102
204
102
199
102
100
204
170
199
170
77
100
34
194
83
27
158
8
108
30
158
194
204
90
188
204
206
90
131
90
108
204
204
27
204
204
204
102
27
90
102
102
103
158
199
122
108
158
27
34
102
102
131
204
102
30
194
194
204
102
102
103
131
0
122
108
131
102
100
102
131
17
204
100
102
204
100
204
204
204
204
204
136
108
189
204
102
194
100
102
48
108
27
100
36
204
36
102
67
204
131
102
102
108
102
8
102
8
43
100
27
8
27
108
102
8
102
131
90
158
83
102
76
83
34
36
36
100
27
8
154
158
103
204
154
27
38
136
116
116
109
7
90
204
2
194
108
102
42
194
158
122
102
103
103
102
102
108
34
102
122
41
90
6
102
8
131
27
102
122
108
102
122
158
90
90
38
194
3
158
38
41
100
158
0
3
116
131
34
8
102
194
103
102
11
3
0
158
100
116
8
122
131
116
22
41
116
116
43
122
122
17
6
0
100
154
8
158
158
100
158
131
8
131
11
11
21
131
34
158
108
108
41
100
27
90
34
102
102
102
204
131
8
7
8
8
194
102
194
102
122
90
8
100
102
22
0
204
42
158
100
116
158
102
27
131
83
109
116
204
108
76
102
102
8
8
8
90
90
116
90
204
90
27
27
6
204
131
204
27
27
41
131
122
32
204
204
206
41
41
204
8
204
27
116
204
206
100
204
199
204
153
204
204
102
204
204
22
188
131
154
199
27
38
103
154
38
199
206
36
204
36
204
100
158
41
206
199
100
194
153
30
100
131
100
158
204
100
100
100
131
100
204
36
36
36
199
41
122
199
131
90
27
204
27
102
8
30
194
204
102
102
90
131
204
194
204
30
204
131
27
102
131
8
131
131
108
116
90
131
100
154
0
131
17
131
131
154
204
199
204
154
204
74
204
74
204
2
8
100
131
7
42
116
122
11
43
38
136
204
204
36
158
204
158
131
204
90
204
204
131
204
154
153
204
204
83
41
131
194
158
34
204
76
100
36
204
41
131
206
199
108
131
27
131
108
22
22
7
102
116
122
206
152
100
36
204
32
83
133
36
199
30
100
122
100
102
122
41
116
116
30
204
204
199
204
204
27
22
102
22
116
122
102
100
43
122
43
122
34
27
43
159
136
27
122
104
3
3
100
27
103
204
204
30
41
204
90
42
199
8
102
204
102
158
194
108
43
90
204
103
102
102
102
17
159
27
11
108
100
30
103
67
8
104
116
27
102
8
102
102
3
0
8
3
122
122
106
34
92
27
154
158
102
17
102
8
106
6
100
102
9
100
108
31
11
108
100
158
204
77
204
108
83
131
133
204
104
100
104
21
42
158
122
194
158
100
158
106
100
194
194
136
122
122
11
158
27
122
30
7
122
122
122
131
7
102
122
102
102
30
122
90
158
100
27
90
108
27
122
102
102
158
204
158
194
116
36
36
36
27
73
116
11
159
103
116
6
102
100
8
102
100
131
30
154
11
131
3
8
100
158
27
43
136
7
122
27
27
27
27
41
109
34
102
102
108
34
27
199
34
204
42
116
122
102
27
102
27
116
103
8
122
8
27
8
102
102
7
27
116
8
8
11
8
102
122
100
8
102
43
122
122
30
43
43
102
27
106
122
136
100
41
8
8
8
213
43
90
27
3
27
41
11
131
131
204
108
100
204
102
100
30
27
90
116
158
7
204
116
90
109
194
100
90
90
33
100
108
199
158
38
8
194
194
27
194
27
100
213
102
204
131
77
27
131
194
108
30
27
194
41
90
90
16
17
27
38
90
100
90
41
22
90
17
108
42
131
73
90
131
154
83
204
83
158
34
90
90
27
100
102
131
27
38
3
102
102
3
27
9
41
102
90
131
204
108
102
102
102
159
11
90
131
90
8
158
116
102
43
43
27
8
8
136
8
48
100
3
109
116
43
131
199
199
154
41
