8
17
8
17
6
8
17
8
17
6
2
16
14
8
17
6
8
17
6
16
8
17
6
2
16
5
8
17
6
2
8
17
6
2
16
8
17
8
17
8
17
6
16
8
17
6
2
16
5
8
17
6
2
1
8
17
6
16
2
8
17
6
16
8
17
6
16
2
8
17
6
2
8
17
6
16
8
17
6
16
8
17
8
17
6
2
1
5
16
8
17
8
17
6
8
17
6
8
17
6
2
16
1
8
17
8
17
8
17
8
17
6
16
8
17
6
8
17
6
8
17
6
2
8
17
6
16
8
17
8
17
6
2
1
14
8
17
6
8
17
6
8
17
6
8
17
6
16
8
17
6
16
8
17
6
8
17
6
2
14
8
17
6
2
1
5
14
16
8
17
8
17
6
2
16
8
17
6
8
17
6
16
3
18
0
3
18
0
4
9
11
15
19
3
18
3
18
15
0
3
18
0
1
4
9
15
10
12
3
18
0
15
3
18
0
1
4
9
11
12
19
3
18
0
3
18
0
1
9
11
19
3
18
0
1
11
4
9
15
3
18
0
4
9
11
15
19
3
18
0
15
4
11
19
3
18
15
0
3
18
3
18
15
0
3
18
15
0
3
18
0
15
4
9
11
3
18
0
1
4
3
18
3
18
0
4
11
15
19
1
3
18
0
1
4
11
19
3
18
0
15
19
3
18
15
0
9
3
18
15
0
3
18
0
4
1
11
3
18
3
18
15
0
3
18
15
3
18
0
4
9
11
15
19
3
18
0
15
9
11
19
1
4
3
18
15
3
18
15
3
18
0
11
15
3
18
15
3
18
15
0
1
4
19
3
18
0
15
1
4
9
11
2
10
12
3
18
15
3
18
0
15
1
4
9
19
10
12
3
18
0
1
9
11
2
10
15
19
3
18
3
18
0
15
1
2
9
10
19
3
18
0
1
9
11
3
18
0
1
11
15
19
2
4
9
3
18
15
0
3
18
3
18
0
15
19
3
18
0
15
1
19
2
9
11
3
18
15
0
4
9
11
19
